7404934.607814 7404934.607814 1.000000
7405095.830445 7405095.830445 1.000000
7405552.590971 7405552.590971 1.000000
7405484.738838 7405484.738838 1.000000
7405482.702813 7405482.702813 1.000000
7405013.730995 7405013.730995 1.000000
7405534.948010 7405534.948010 1.000000
7405599.533566 7405599.533566 1.000000
7405417.464902 7405417.464902 1.000000
7405372.018910 7405372.018910 1.000000
7405429.508036 7405429.508036 1.000000
7405504.216648 7405504.216648 1.000000
7405585.841780 7405585.841780 1.000000
7405409.485849 7405409.485849 1.000000
7405297.486548 7405297.486548 1.000000
7405254.615451 7405254.615451 1.000000
7405379.474023 7405379.474023 1.000000
7405109.675108 7405109.675108 1.000000
7404997.155130 7404997.155130 1.000000
7404745.483622 7404745.483622 1.000000
7404638.029184 7404638.029184 1.000000
7404637.563740 7404637.563740 1.000000
7404687.927472 7404687.927472 1.000000
7404068.398651 7404068.398651 1.000000
7404111.220132 7404111.220132 1.000000
7404474.676075 7404474.676075 1.000000
7404630.058354 7404630.058354 1.000000
7404648.203019 7404648.203019 1.000000
7404546.216327 7404546.216327 1.000000
7404909.452517 7404909.452517 1.000000
7404834.366959 7404834.366959 1.000000
7404451.372131 7404451.372131 1.000000
7403748.854443 7403748.854443 1.000000
7403916.985144 7403916.985144 1.000000
7403607.574357 7403607.574357 1.000000
7403218.377405 7403218.377405 1.000000
7403232.012366 7403232.012366 1.000000
7403216.715402 7403216.715402 1.000000
7402878.331599 7402878.331599 1.000000
7402519.295214 7402519.295214 1.000000
7402565.082087 7402565.082087 1.000000
7403821.138489 7403821.138489 1.000000
7403670.775366 7403670.775366 1.000000
7403397.081247 7403397.081247 1.000000
7403344.570813 7403344.570813 1.000000
7403217.715100 7403217.715100 1.000000
7403233.293534 7403233.293534 1.000000
7402307.052358 7402307.052358 1.000000
7401527.104932 7401527.104932 1.000000
7401726.308057 7401726.308057 1.000000
7401739.774348 7401739.774348 1.000000
7401977.719909 7401977.719909 1.000000
7402098.069523 7402098.069523 1.000000
7401993.769025 7401993.769025 1.000000
7401364.187659 7401364.187659 1.000000
7401133.541070 7401133.541070 1.000000
7401198.120424 7401198.120424 1.000000
7401601.047589 7401601.047589 1.000000
7401697.246540 7401697.246540 1.000000
7403740.167291 7403740.167291 1.000000
7402805.168252 7402805.168252 1.000000
7402794.861440 7402794.861440 1.000000
7402838.382979 7402838.382979 1.000000
7402668.459170 7402668.459170 1.000000
7402773.348740 7402773.348740 1.000000
7422877.566339 7422877.566339 1.000000
7422670.145704 7422670.145704 1.000000
7422001.239573 7422001.239573 1.000000
7420167.003066 7420167.003066 1.000000
7418005.637506 7418005.637506 1.000000
7416014.362122 7416014.362122 1.000000
7415609.269075 7415609.269075 1.000000
7414318.250814 7414318.250814 1.000000
7413653.382673 7413653.382673 1.000000
7412467.810266 7412467.810266 1.000000
7411969.259953 7411969.259953 1.000000
7412133.611450 7412133.611450 1.000000
7412263.467219 7412263.467219 1.000000
7410552.046222 7410552.046222 1.000000
7410116.021852 7410116.021852 1.000000
7408727.079567 7408727.079567 1.000000
7408472.843162 7408472.843162 1.000000
7407964.106916 7407964.106916 1.000000
7408162.726722 7408162.726722 1.000000
7408085.910855 7408085.910855 1.000000
7407910.873953 7407910.873953 1.000000
7407384.876011 7407384.876011 1.000000
7407879.433143 7407879.433143 1.000000
7407345.057995 7407345.057995 1.000000
7407301.216699 7407301.216699 1.000000
7406457.902368 7406457.902368 1.000000
7406375.433250 7406375.433250 1.000000
7406166.729780 7406166.729780 1.000000
7405948.067458 7405948.067458 1.000000
7406073.264858 7406073.264858 1.000000
7406181.843497 7406181.843497 1.000000
7406110.634456 7406110.634456 1.000000
7405402.363505 7405402.363505 1.000000
7405521.229166 7405521.229166 1.000000
7404634.783800 7404634.783800 1.000000
7404538.918148 7404538.918148 1.000000
7404481.245081 7404481.245081 1.000000
7405161.712980 7405161.712980 1.000000
7405083.985015 7405083.985015 1.000000
7404957.800013 7404957.800013 1.000000
7405040.270198 7405040.270198 1.000000
7404839.562624 7404839.562624 1.000000
7404169.497487 7404169.497487 1.000000
7404096.202392 7404096.202392 1.000000
7403937.381498 7403937.381498 1.000000
7403830.926194 7403830.926194 1.000000
7404328.942702 7404328.942702 1.000000
7404370.019552 7404370.019552 1.000000
7404260.578210 7404260.578210 1.000000
7403759.928548 7403759.928548 1.000000
7404086.573510 7404086.573510 1.000000
7404128.270082 7404128.270082 1.000000
7404115.833848 7404115.833848 1.000000
7403990.075983 7403990.075983 1.000000
7403944.595676 7403944.595676 1.000000
7403826.674634 7403826.674634 1.000000
7403839.844282 7403839.844282 1.000000
7402514.667662 7402514.667662 1.000000
7403344.004854 7403344.004854 1.000000
7403096.145865 7403096.145865 1.000000
7407111.804076 7407111.804076 1.000000
7410695.940920 7410695.940920 1.000000
7412152.437968 7412152.437968 1.000000
7409368.590368 7409368.590368 1.000000
7407363.455875 7407363.455875 1.000000
7404579.489613 7404579.489613 1.000000
7405537.579028 7405537.579028 1.000000
7406087.374138 7406087.374138 1.000000
7406595.222067 7406595.222067 1.000000
7406379.561511 7406379.561511 1.000000
7406192.782560 7406192.782560 1.000000
7405133.677858 7405133.677858 1.000000
7404792.444418 7404792.444418 1.000000
