7406313.609794 7406313.609794 1.000000
7407029.844202 7407029.844202 1.000000
7406492.137382 7406492.137382 1.000000
7406558.097685 7406558.097685 1.000000
7406542.597151 7406542.597151 1.000000
7406559.125449 7406559.125449 1.000000
7407467.925603 7407467.925603 1.000000
7408132.837309 7408132.837309 1.000000
7407987.241222 7407987.241222 1.000000
7408101.092730 7408101.092730 1.000000
7407612.650554 7407612.650554 1.000000
7408400.350520 7408400.350520 1.000000
7408513.021957 7408513.021957 1.000000
7409057.442761 7409057.442761 1.000000
7409066.543699 7409066.543699 1.000000
7406749.746137 7406749.746137 1.000000
7404900.101467 7404900.101467 1.000000
7405639.704074 7405639.704074 1.000000
7406525.385689 7406525.385689 1.000000
7406823.005630 7406823.005630 1.000000
7407921.900263 7407921.900263 1.000000
7408520.223718 7408520.223718 1.000000
7409986.062799 7409986.062799 1.000000
7411145.252118 7411145.252118 1.000000
7410150.729692 7410150.729692 1.000000
7408413.559398 7408413.559398 1.000000
7409408.903959 7409408.903959 1.000000
7408586.315477 7408586.315477 1.000000
7409527.181486 7409527.181486 1.000000
7408591.046286 7408591.046286 1.000000
7408591.090004 7408591.090004 1.000000
7408715.967149 7408715.967149 1.000000
7409653.322024 7409653.322024 1.000000
7410659.708412 7410659.708412 1.000000
7409912.906800 7409912.906800 1.000000
7409201.616873 7409201.616873 1.000000
7409764.751434 7409764.751434 1.000000
7409713.397627 7409713.397627 1.000000
7410170.667064 7410170.667064 1.000000
7410127.506219 7410127.506219 1.000000
7410177.531002 7410177.531002 1.000000
7409596.405132 7409596.405132 1.000000
7408695.329665 7408695.329665 1.000000
7408797.958132 7408797.958132 1.000000
7407026.494748 7407026.494748 1.000000
7407018.157824 7407018.157824 1.000000
7406471.817045 7406471.817045 1.000000
7405930.338112 7405930.338112 1.000000
7405992.847797 7405992.847797 1.000000
7404282.248070 7404282.248070 1.000000
7404146.519434 7404146.519434 1.000000
7404285.326916 7404285.326916 1.000000
7404229.512225 7404229.512225 1.000000
7405177.984757 7405177.984757 1.000000
7404578.981651 7404578.981651 1.000000
7403985.821230 7403985.821230 1.000000
7407229.711717 7407229.711717 1.000000
7407704.024141 7407704.024141 1.000000
7409738.582373 7409738.582373 1.000000
7407904.473673 7407904.473673 1.000000
7408531.695227 7408531.695227 1.000000
7409048.893545 7409048.893545 1.000000
7409039.496529 7409039.496529 1.000000
7409083.437645 7409083.437645 1.000000
7409073.223670 7409073.223670 1.000000
