7343163.636048 7343163.636048 1.000000
7356550.845656 7356550.845656 1.000000
7355418.991058 7355418.991058 1.000000
7354435.716188 7354435.716188 1.000000
7353785.477904 7353785.477904 1.000000
7332696.250713 7332696.250713 1.000000
7334236.363445 7334236.363445 1.000000
7335380.620961 7335380.620961 1.000000
7336349.101228 7336349.101228 1.000000
7337147.349963 7337147.349963 1.000000
7337935.020289 7337935.020289 1.000000
7338415.978656 7338415.978656 1.000000
7338854.832429 7338854.832429 1.000000
7371618.393293 7371618.393293 1.000000
7363178.350158 7363178.350158 1.000000
7358887.947131 7358887.947131 1.000000
7335213.301792 7335213.301792 1.000000
7348933.601166 7348933.601166 1.000000
7345541.556258 7345541.556258 1.000000
7346125.429680 7346125.429680 1.000000
7349377.872053 7349377.872053 1.000000
7366504.134698 7366504.134698 1.000000
7361458.732226 7361458.732226 1.000000
7361462.350280 7361462.350280 1.000000
7367221.064892 7367221.064892 1.000000
7365296.102370 7365296.102370 1.000000
7364044.367546 7364044.367546 1.000000
7362052.756808 7362052.756808 1.000000
7359422.252771 7359422.252771 1.000000
7358787.075021 7358787.075021 1.000000
7356406.746824 7356406.746824 1.000000
7369280.288991 7369280.288991 1.000000
7368493.745957 7368493.745957 1.000000
7365099.724946 7365099.724946 1.000000
7334944.439278 7334944.439278 1.000000
7335799.974739 7335799.974739 1.000000
7336714.999873 7336714.999873 1.000000
7338889.543460 7338889.543460 1.000000
7339604.139622 7339604.139622 1.000000
7363551.185040 7363551.185040 1.000000
7361653.732781 7361653.732781 1.000000
7359414.916812 7359414.916812 1.000000
7327666.808188 7327666.808188 1.000000
7329588.301729 7329588.301729 1.000000
7333611.290053 7333611.290053 1.000000
7332094.008123 7332094.008123 1.000000
7331252.604385 7331252.604385 1.000000
7299372.731420 7299372.731420 1.000000
7317464.764041 7317464.764041 1.000000
7322527.366628 7322527.366628 1.000000
7322928.757514 7322928.757514 1.000000
7323464.935262 7323464.935262 1.000000
7326654.249502 7326654.249502 1.000000
7329141.351271 7329141.351271 1.000000
7328799.389200 7328799.389200 1.000000
7328788.991804 7328788.991804 1.000000
7331373.078438 7331373.078438 1.000000
7337380.655466 7337380.655466 1.000000
7341437.481567 7341437.481567 1.000000
7343864.078705 7343864.078705 1.000000
7345453.738373 7345453.738373 1.000000
7339036.384222 7339036.384222 1.000000
7358729.983687 7358729.983687 1.000000
7356741.819678 7356741.819678 1.000000
7355340.890508 7355340.890508 1.000000
7347226.096449 7347226.096449 1.000000
7332681.105869 7332681.105869 1.000000
7333821.976266 7333821.976266 1.000000
7335784.100374 7335784.100374 1.000000
7374841.725754 7374841.725754 1.000000
7363997.287349 7363997.287349 1.000000
7359240.826637 7359240.826637 1.000000
7357476.253970 7357476.253970 1.000000
7357000.346288 7357000.346288 1.000000
7355628.142772 7355628.142772 1.000000
7352954.588303 7352954.588303 1.000000
7351671.564139 7351671.564139 1.000000
7350557.210198 7350557.210198 1.000000
7350012.220777 7350012.220777 1.000000
7350281.268051 7350281.268051 1.000000
7349828.875941 7349828.875941 1.000000
7349723.778511 7349723.778511 1.000000
7320268.885162 7320268.885162 1.000000
7324649.231117 7324649.231117 1.000000
7327773.169640 7327773.169640 1.000000
7330409.505395 7330409.505395 1.000000
7331740.775044 7331740.775044 1.000000
7332778.643949 7332778.643949 1.000000
7334578.772602 7334578.772602 1.000000
7370555.259111 7370555.259111 1.000000
7365767.302436 7365767.302436 1.000000
7364302.060040 7364302.060040 1.000000
7361735.250035 7361735.250035 1.000000
7357694.644946 7357694.644946 1.000000
7355553.775317 7355553.775317 1.000000
7331812.116021 7331812.116021 1.000000
7350158.087298 7350158.087298 1.000000
7315304.192453 7315304.192453 1.000000
7323498.000122 7323498.000122 1.000000
7325219.131784 7325219.131784 1.000000
7326449.372374 7326449.372374 1.000000
7330688.878606 7330688.878606 1.000000
7332488.317367 7332488.317367 1.000000
7342127.659611 7342127.659611 1.000000
7342719.180933 7342719.180933 1.000000
7337873.627451 7337873.627451 1.000000
7338329.690470 7338329.690470 1.000000
7345313.608413 7345313.608413 1.000000
7305696.505029 7305696.505029 1.000000
7314104.318240 7314104.318240 1.000000
7319132.051409 7319132.051409 1.000000
7323054.838584 7323054.838584 1.000000
7327686.375582 7327686.375582 1.000000
7328589.129333 7328589.129333 1.000000
7329736.987359 7329736.987359 1.000000
7330164.481275 7330164.481275 1.000000
7331703.017937 7331703.017937 1.000000
7332564.495147 7332564.495147 1.000000
7352990.840855 7352990.840855 1.000000
7351077.979602 7351077.979602 1.000000
7350197.608771 7350197.608771 1.000000
7349901.367060 7349901.367060 1.000000
7327282.354934 7327282.354934 1.000000
7329751.538552 7329751.538552 1.000000
7331009.448035 7331009.448035 1.000000
7331646.919965 7331646.919965 1.000000
7332497.812376 7332497.812376 1.000000
7360103.313027 7360103.313027 1.000000
7357155.390693 7357155.390693 1.000000
7355463.140166 7355463.140166 1.000000
7354403.777183 7354403.777183 1.000000
7353140.568672 7353140.568672 1.000000
7351487.136330 7351487.136330 1.000000
7350335.048948 7350335.048948 1.000000
7349556.115334 7349556.115334 1.000000
7349094.498510 7349094.498510 1.000000
7326972.554498 7326972.554498 1.000000
7328439.128409 7328439.128409 1.000000
7329134.825744 7329134.825744 1.000000
7330124.716164 7330124.716164 1.000000
7331641.861684 7331641.861684 1.000000
7333095.549404 7333095.549404 1.000000
7350530.702122 7350530.702122 1.000000
7342153.369633 7342153.369633 1.000000
7341386.987777 7341386.987777 1.000000
7344861.296394 7344861.296394 1.000000
7321026.909713 7321026.909713 1.000000
7323858.518657 7323858.518657 1.000000
7328480.152195 7328480.152195 1.000000
7329476.170077 7329476.170077 1.000000
7331278.774849 7331278.774849 1.000000
7332673.084332 7332673.084332 1.000000
7335093.667329 7335093.667329 1.000000
7368404.067861 7368404.067861 1.000000
7361502.766133 7361502.766133 1.000000
7358726.502751 7358726.502751 1.000000
7356579.779592 7356579.779592 1.000000
7356042.886542 7356042.886542 1.000000
7355025.389313 7355025.389313 1.000000
7352851.403325 7352851.403325 1.000000
7345565.477737 7345565.477737 1.000000
7345294.375874 7345294.375874 1.000000
7335118.991726 7335118.991726 1.000000
7342582.440408 7342582.440408 1.000000
7338401.298242 7338401.298242 1.000000
7359867.757939 7359867.757939 1.000000
7321555.431817 7321555.431817 1.000000
7472413.722974 7472413.722974 1.000000
7461290.010265 7461290.010265 1.000000
7337621.725212 7337621.725212 1.000000
7338949.178697 7338949.178697 1.000000
7374823.509473 7374823.509473 1.000000
7193793.128181 7193793.128181 1.000000
7347983.028899 7347983.028899 1.000000
7347386.665817 7347386.665817 1.000000
7347024.320997 7347024.320997 1.000000
7346661.823738 7346661.823738 1.000000
7320966.151710 7320966.151710 1.000000
7326218.544857 7326218.544857 1.000000
7329018.623599 7329018.623599 1.000000
7330998.597959 7330998.597959 1.000000
7332417.943520 7332417.943520 1.000000
7333475.769971 7333475.769971 1.000000
7334318.629181 7334318.629181 1.000000
7334978.729843 7334978.729843 1.000000
7335485.939218 7335485.939218 1.000000
7335928.527500 7335928.527500 1.000000
7336338.224082 7336338.224082 1.000000
7365004.856290 7365004.856290 1.000000
7358351.050002 7358351.050002 1.000000
7355073.263116 7355073.263116 1.000000
7352857.678101 7352857.678101 1.000000
7351253.420541 7351253.420541 1.000000
7350113.346263 7350113.346263 1.000000
7349241.084180 7349241.084180 1.000000
7348571.990951 7348571.990951 1.000000
7347988.095769 7347988.095769 1.000000
7347510.259809 7347510.259809 1.000000
7347071.038225 7347071.038225 1.000000
7346707.114963 7346707.114963 1.000000
7346372.029078 7346372.029078 1.000000
7320301.448521 7320301.448521 1.000000
7325714.980878 7325714.980878 1.000000
7328699.216914 7328699.216914 1.000000
7330685.179443 7330685.179443 1.000000
7332007.549149 7332007.549149 1.000000
7333147.674582 7333147.674582 1.000000
7333926.526691 7333926.526691 1.000000
7334649.182322 7334649.182322 1.000000
7335312.548940 7335312.548940 1.000000
7335810.498353 7335810.498353 1.000000
7336194.153189 7336194.153189 1.000000
7336565.462282 7336565.462282 1.000000
7336903.925029 7336903.925029 1.000000
7337206.860860 7337206.860860 1.000000
7365176.318061 7365176.318061 1.000000
7359195.664072 7359195.664072 1.000000
7325239.446917 7325239.446917 1.000000
7326756.695442 7326756.695442 1.000000
7328047.208553 7328047.208553 1.000000
7329047.070798 7329047.070798 1.000000
7329969.510376 7329969.510376 1.000000
7330740.446562 7330740.446562 1.000000
7331434.753178 7331434.753178 1.000000
7332017.665642 7332017.665642 1.000000
7332584.294233 7332584.294233 1.000000
7333044.950343 7333044.950343 1.000000
7333485.305060 7333485.305060 1.000000
7333846.120802 7333846.120802 1.000000
7334157.121078 7334157.121078 1.000000
7334474.930648 7334474.930648 1.000000
7334778.081396 7334778.081396 1.000000
7362842.772473 7362842.772473 1.000000
7360816.682092 7360816.682092 1.000000
7359155.020403 7359155.020403 1.000000
7357786.211980 7357786.211980 1.000000
7356670.226279 7356670.226279 1.000000
7355566.036843 7355566.036843 1.000000
7354702.733570 7354702.733570 1.000000
7353963.197251 7353963.197251 1.000000
7353317.946127 7353317.946127 1.000000
7346972.951795 7346972.951795 1.000000
7346057.986238 7346057.986238 1.000000
7343867.296800 7343867.296800 1.000000
7343841.141532 7343841.141532 1.000000
7343497.035651 7343497.035651 1.000000
7342899.100956 7342899.100956 1.000000
7342537.151781 7342537.151781 1.000000
7342334.596187 7342334.596187 1.000000
7342438.611308 7342438.611308 1.000000
7342437.509746 7342437.509746 1.000000
7342291.045776 7342291.045776 1.000000
7342304.011728 7342304.011728 1.000000
7341843.983316 7341843.983316 1.000000
7342507.296652 7342507.296652 1.000000
7342504.849682 7342504.849682 1.000000
7342731.212847 7342731.212847 1.000000
7342707.199495 7342707.199495 1.000000
7342343.643402 7342343.643402 1.000000
7342032.823231 7342032.823231 1.000000
7342374.111836 7342374.111836 1.000000
7342036.225501 7342036.225501 1.000000
7342147.954935 7342147.954935 1.000000
7342149.513102 7342149.513102 1.000000
7342076.029654 7342076.029654 1.000000
7342111.142960 7342111.142960 1.000000
7342174.836481 7342174.836481 1.000000
7342451.064463 7342451.064463 1.000000
7342450.081730 7342450.081730 1.000000
7342360.424837 7342360.424837 1.000000
7342996.260614 7342996.260614 1.000000
7342703.726294 7342703.726294 1.000000
7342684.799218 7342684.799218 1.000000
7342483.807057 7342483.807057 1.000000
7342633.923525 7342633.923525 1.000000
7343060.104427 7343060.104427 1.000000
7343008.714356 7343008.714356 1.000000
7342849.443629 7342849.443629 1.000000
7342615.660603 7342615.660603 1.000000
7342785.246279 7342785.246279 1.000000
7342995.001682 7342995.001682 1.000000
7342928.880770 7342928.880770 1.000000
7341867.327596 7341867.327596 1.000000
7342158.451102 7342158.451102 1.000000
7341861.271275 7341861.271275 1.000000
7341785.175816 7341785.175816 1.000000
7341931.296067 7341931.296067 1.000000
7341732.413911 7341732.413911 1.000000
7341965.586815 7341965.586815 1.000000
7342670.305554 7342670.305554 1.000000
7342357.625097 7342357.625097 1.000000
7342627.429431 7342627.429431 1.000000
7342134.152975 7342134.152975 1.000000
7342139.007661 7342139.007661 1.000000
7342030.899747 7342030.899747 1.000000
7342064.834845 7342064.834845 1.000000
7342528.492026 7342528.492026 1.000000
7342527.989807 7342527.989807 1.000000
7342427.311971 7342427.311971 1.000000
7342965.712111 7342965.712111 1.000000
7342028.212458 7342028.212458 1.000000
7342601.559334 7342601.559334 1.000000
7342581.159479 7342581.159479 1.000000
7342498.503938 7342498.503938 1.000000
7342741.661848 7342741.661848 1.000000
7342721.030482 7342721.030482 1.000000
7342716.545114 7342716.545114 1.000000
7342715.262468 7342715.262468 1.000000
7341637.813864 7341637.813864 1.000000
7341746.947616 7341746.947616 1.000000
7342554.097229 7342554.097229 1.000000
7342589.344104 7342589.344104 1.000000
7342651.084728 7342651.084728 1.000000
7342760.717588 7342760.717588 1.000000
7342760.808363 7342760.808363 1.000000
7342407.357003 7342407.357003 1.000000
7342448.777721 7342448.777721 1.000000
7342454.812285 7342454.812285 1.000000
7342454.699849 7342454.699849 1.000000
7342330.324135 7342330.324135 1.000000
7342312.848900 7342312.848900 1.000000
7342681.044652 7342681.044652 1.000000
7342766.055338 7342766.055338 1.000000
7342762.214727 7342762.214727 1.000000
7343444.555889 7343444.555889 1.000000
7343429.139603 7343429.139603 1.000000
7343408.367165 7343408.367165 1.000000
7343272.635950 7343272.635950 1.000000
7342964.249622 7342964.249622 1.000000
7343326.956550 7343326.956550 1.000000
7342625.627436 7342625.627436 1.000000
7342668.481059 7342668.481059 1.000000
7342770.699603 7342770.699603 1.000000
7342633.238468 7342633.238468 1.000000
7343067.866997 7343067.866997 1.000000
7342908.154508 7342908.154508 1.000000
7343289.817754 7343289.817754 1.000000
7343275.476190 7343275.476190 1.000000
7343354.784205 7343354.784205 1.000000
7343288.619396 7343288.619396 1.000000
7343135.445859 7343135.445859 1.000000
7343337.468233 7343337.468233 1.000000
7343317.288449 7343317.288449 1.000000
7343696.986374 7343696.986374 1.000000
7343686.199974 7343686.199974 1.000000
7343642.075485 7343642.075485 1.000000
7343535.458258 7343535.458258 1.000000
7343483.461283 7343483.461283 1.000000
7343521.542260 7343521.542260 1.000000
7343795.628307 7343795.628307 1.000000
7343216.816429 7343216.816429 1.000000
7343216.777895 7343216.777895 1.000000
7343232.465008 7343232.465008 1.000000
7343232.035934 7343232.035934 1.000000
7343215.337284 7343215.337284 1.000000
7343349.243345 7343349.243345 1.000000
7343286.150083 7343286.150083 1.000000
7342686.828015 7342686.828015 1.000000
7342900.147477 7342900.147477 1.000000
7342838.614345 7342838.614345 1.000000
7342311.190627 7342311.190627 1.000000
7342317.561048 7342317.561048 1.000000
7342753.236981 7342753.236981 1.000000
7342774.575030 7342774.575030 1.000000
7343088.013638 7343088.013638 1.000000
7342909.305732 7342909.305732 1.000000
7342987.238716 7342987.238716 1.000000
7342987.237245 7342987.237245 1.000000
7342518.935183 7342518.935183 1.000000
7342505.999898 7342505.999898 1.000000
7342507.799561 7342507.799561 1.000000
7342832.717596 7342832.717596 1.000000
7342768.587137 7342768.587137 1.000000
7342505.629857 7342505.629857 1.000000
7342532.909022 7342532.909022 1.000000
7342676.528404 7342676.528404 1.000000
7342223.451566 7342223.451566 1.000000
7342159.357636 7342159.357636 1.000000
7342280.435840 7342280.435840 1.000000
7342245.380428 7342245.380428 1.000000
7342883.890811 7342883.890811 1.000000
7342820.139071 7342820.139071 1.000000
7342571.006859 7342571.006859 1.000000
7342523.034201 7342523.034201 1.000000
7342545.350985 7342545.350985 1.000000
7342545.337138 7342545.337138 1.000000
7342580.131138 7342580.131138 1.000000
7342539.465159 7342539.465159 1.000000
7342574.660915 7342574.660915 1.000000
7342630.434371 7342630.434371 1.000000
7342950.103184 7342950.103184 1.000000
7342827.013815 7342827.013815 1.000000
7342873.976400 7342873.976400 1.000000
7342047.447591 7342047.447591 1.000000
7342045.548079 7342045.548079 1.000000
7341950.768076 7341950.768076 1.000000
7341949.684585 7341949.684585 1.000000
7341873.045039 7341873.045039 1.000000
7341894.179708 7341894.179708 1.000000
7342272.461780 7342272.461780 1.000000
7342765.098438 7342765.098438 1.000000
7343361.441218 7343361.441218 1.000000
7342852.734311 7342852.734311 1.000000
7342260.294305 7342260.294305 1.000000
7342422.325551 7342422.325551 1.000000
7342844.224212 7342844.224212 1.000000
7342926.838628 7342926.838628 1.000000
7342641.791637 7342641.791637 1.000000
7342647.349147 7342647.349147 1.000000
7342562.791193 7342562.791193 1.000000
7342902.356322 7342902.356322 1.000000
7342810.885563 7342810.885563 1.000000
7342671.537538 7342671.537538 1.000000
7343095.076033 7343095.076033 1.000000
7343064.830721 7343064.830721 1.000000
7343241.263805 7343241.263805 1.000000
7343197.617474 7343197.617474 1.000000
7343191.269350 7343191.269350 1.000000
7343077.534442 7343077.534442 1.000000
7342898.589873 7342898.589873 1.000000
7342843.954819 7342843.954819 1.000000
7342633.997357 7342633.997357 1.000000
7342590.383086 7342590.383086 1.000000
7342889.055301 7342889.055301 1.000000
7342886.544919 7342886.544919 1.000000
7342885.222430 7342885.222430 1.000000
7342790.095637 7342790.095637 1.000000
7342262.720501 7342262.720501 1.000000
7342980.695818 7342980.695818 1.000000
7342753.465708 7342753.465708 1.000000
7342791.828380 7342791.828380 1.000000
7342790.940591 7342790.940591 1.000000
7342752.452259 7342752.452259 1.000000
7342962.429900 7342962.429900 1.000000
7342962.943657 7342962.943657 1.000000
7343133.102149 7343133.102149 1.000000
7342736.398808 7342736.398808 1.000000
7342659.047401 7342659.047401 1.000000
7342654.594821 7342654.594821 1.000000
7342858.532708 7342858.532708 1.000000
7342769.679114 7342769.679114 1.000000
7342523.999256 7342523.999256 1.000000
7343079.938115 7343079.938115 1.000000
7343067.941019 7343067.941019 1.000000
7343086.296277 7343086.296277 1.000000
7343206.022185 7343206.022185 1.000000
7343128.547942 7343128.547942 1.000000
7343032.320861 7343032.320861 1.000000
7343001.829335 7343001.829335 1.000000
7343141.429909 7343141.429909 1.000000
7343483.618995 7343483.618995 1.000000
7343453.463865 7343453.463865 1.000000
7343299.741504 7343299.741504 1.000000
7342881.516523 7342881.516523 1.000000
7342881.162822 7342881.162822 1.000000
7342923.325787 7342923.325787 1.000000
7342796.974611 7342796.974611 1.000000
7342814.565043 7342814.565043 1.000000
7342421.921862 7342421.921862 1.000000
7342416.780173 7342416.780173 1.000000
7342395.781929 7342395.781929 1.000000
7342640.749505 7342640.749505 1.000000
7342748.566632 7342748.566632 1.000000
7342736.637360 7342736.637360 1.000000
7342781.510636 7342781.510636 1.000000
7342824.282552 7342824.282552 1.000000
7342781.167738 7342781.167738 1.000000
7342625.290629 7342625.290629 1.000000
7342232.728666 7342232.728666 1.000000
7342249.904819 7342249.904819 1.000000
7342268.670519 7342268.670519 1.000000
7342281.399635 7342281.399635 1.000000
7342173.615945 7342173.615945 1.000000
7342434.067822 7342434.067822 1.000000
7342430.275528 7342430.275528 1.000000
7342508.803307 7342508.803307 1.000000
7342738.524974 7342738.524974 1.000000
7342763.478865 7342763.478865 1.000000
7342727.167595 7342727.167595 1.000000
7342704.409233 7342704.409233 1.000000
7342542.335193 7342542.335193 1.000000
7342499.779746 7342499.779746 1.000000
7342487.120393 7342487.120393 1.000000
7342032.245904 7342032.245904 1.000000
7342152.098735 7342152.098735 1.000000
7348603.332053 7348603.332053 1.000000
7348576.365373 7348576.365373 1.000000
7348569.813328 7348569.813328 1.000000
7348553.176066 7348553.176066 1.000000
7348553.599864 7348553.599864 1.000000
7348551.308489 7348551.308489 1.000000
7348550.856076 7348550.856076 1.000000
7348575.015885 7348575.015885 1.000000
7348507.048950 7348507.048950 1.000000
7348485.229261 7348485.229261 1.000000
7348487.530635 7348487.530635 1.000000
7348492.888841 7348492.888841 1.000000
7348519.611000 7348519.611000 1.000000
7348327.048987 7348327.048987 1.000000
7348163.427980 7348163.427980 1.000000
7347670.861849 7347670.861849 1.000000
7347358.202295 7347358.202295 1.000000
7347251.239314 7347251.239314 1.000000
7347036.044832 7347036.044832 1.000000
7347021.066209 7347021.066209 1.000000
7346949.020753 7346949.020753 1.000000
7346897.426820 7346897.426820 1.000000
7346872.251946 7346872.251946 1.000000
7346493.767466 7346493.767466 1.000000
7346683.053710 7346683.053710 1.000000
7346677.053477 7346677.053477 1.000000
7345990.212979 7345990.212979 1.000000
7345966.685582 7345966.685582 1.000000
7345955.737436 7345955.737436 1.000000
7345873.491870 7345873.491870 1.000000
7345927.319147 7345927.319147 1.000000
7345748.191302 7345748.191302 1.000000
7345986.245074 7345986.245074 1.000000
7346084.237376 7346084.237376 1.000000
7346117.527854 7346117.527854 1.000000
7346117.453408 7346117.453408 1.000000
7345935.730965 7345935.730965 1.000000
7345938.220209 7345938.220209 1.000000
7345858.161976 7345858.161976 1.000000
7345821.884308 7345821.884308 1.000000
7345817.178702 7345817.178702 1.000000
7345868.733187 7345868.733187 1.000000
7346058.711374 7346058.711374 1.000000
7346094.128337 7346094.128337 1.000000
7346107.109483 7346107.109483 1.000000
7346076.687416 7346076.687416 1.000000
7345962.043064 7345962.043064 1.000000
7345619.733660 7345619.733660 1.000000
7345660.922396 7345660.922396 1.000000
7345878.370648 7345878.370648 1.000000
7345876.321346 7345876.321346 1.000000
7345603.099238 7345603.099238 1.000000
7345645.557404 7345645.557404 1.000000
7345510.866404 7345510.866404 1.000000
7345555.742123 7345555.742123 1.000000
7345821.693149 7345821.693149 1.000000
7345729.723832 7345729.723832 1.000000
7345719.909278 7345719.909278 1.000000
7345506.620605 7345506.620605 1.000000
7345855.466223 7345855.466223 1.000000
7345794.224063 7345794.224063 1.000000
7345720.527705 7345720.527705 1.000000
7345724.139781 7345724.139781 1.000000
7345700.500263 7345700.500263 1.000000
7345700.546182 7345700.546182 1.000000
7345739.846824 7345739.846824 1.000000
7345747.585484 7345747.585484 1.000000
7345748.489405 7345748.489405 1.000000
7346000.495029 7346000.495029 1.000000
7346074.280210 7346074.280210 1.000000
7346066.481561 7346066.481561 1.000000
7346178.444529 7346178.444529 1.000000
7346111.952993 7346111.952993 1.000000
7348402.653692 7348402.653692 1.000000
7348476.221923 7348476.221923 1.000000
7348453.462959 7348453.462959 1.000000
7348453.408698 7348453.408698 1.000000
7348541.988704 7348541.988704 1.000000
7348488.179177 7348488.179177 1.000000
7348431.527869 7348431.527869 1.000000
7348596.736406 7348596.736406 1.000000
7348567.430028 7348567.430028 1.000000
7348482.982809 7348482.982809 1.000000
7348434.791550 7348434.791550 1.000000
7348368.504997 7348368.504997 1.000000
7348474.559714 7348474.559714 1.000000
7348401.230753 7348401.230753 1.000000
7348399.356440 7348399.356440 1.000000
7348386.547087 7348386.547087 1.000000
7348343.337242 7348343.337242 1.000000
7348391.070670 7348391.070670 1.000000
7348365.516116 7348365.516116 1.000000
7348177.590166 7348177.590166 1.000000
7348170.927002 7348170.927002 1.000000
7348160.263624 7348160.263624 1.000000
7348020.555477 7348020.555477 1.000000
7348023.718818 7348023.718818 1.000000
7348031.918020 7348031.918020 1.000000
7348031.226000 7348031.226000 1.000000
7347846.636495 7347846.636495 1.000000
7347761.058350 7347761.058350 1.000000
7347665.885778 7347665.885778 1.000000
7347819.817892 7347819.817892 1.000000
7347973.030749 7347973.030749 1.000000
7347626.517202 7347626.517202 1.000000
7347632.980247 7347632.980247 1.000000
7347851.105490 7347851.105490 1.000000
7347835.564140 7347835.564140 1.000000
7347599.612720 7347599.612720 1.000000
7347586.107189 7347586.107189 1.000000
7347514.150939 7347514.150939 1.000000
7347107.150896 7347107.150896 1.000000
7347206.161803 7347206.161803 1.000000
7347212.823360 7347212.823360 1.000000
7347240.105308 7347240.105308 1.000000
7347236.676976 7347236.676976 1.000000
7347236.677024 7347236.677024 1.000000
7347063.485504 7347063.485504 1.000000
7347055.874127 7347055.874127 1.000000
7347040.915552 7347040.915552 1.000000
7347074.530429 7347074.530429 1.000000
7347072.081550 7347072.081550 1.000000
7347049.133840 7347049.133840 1.000000
7346894.633313 7346894.633313 1.000000
7346896.735593 7346896.735593 1.000000
7346728.339836 7346728.339836 1.000000
7346731.653914 7346731.653914 1.000000
7346744.740081 7346744.740081 1.000000
7346852.888179 7346852.888179 1.000000
7346859.199451 7346859.199451 1.000000
7346678.655588 7346678.655588 1.000000
7346704.294184 7346704.294184 1.000000
7346704.294698 7346704.294698 1.000000
7346701.066930 7346701.066930 1.000000
7346707.164565 7346707.164565 1.000000
7346588.534382 7346588.534382 1.000000
7346631.541897 7346631.541897 1.000000
7346654.064149 7346654.064149 1.000000
7346681.021669 7346681.021669 1.000000
7346535.859019 7346535.859019 1.000000
7348563.100957 7348563.100957 1.000000
7348563.012176 7348563.012176 1.000000
7348516.363132 7348516.363132 1.000000
7348520.057412 7348520.057412 1.000000
7348675.794419 7348675.794419 1.000000
7348613.330861 7348613.330861 1.000000
7348617.765193 7348617.765193 1.000000
7348558.242527 7348558.242527 1.000000
7348513.628588 7348513.628588 1.000000
7348490.869487 7348490.869487 1.000000
7348490.907535 7348490.907535 1.000000
7348426.057839 7348426.057839 1.000000
7348425.857275 7348425.857275 1.000000
7348425.813418 7348425.813418 1.000000
7348476.983135 7348476.983135 1.000000
7348403.721336 7348403.721336 1.000000
7348307.648276 7348307.648276 1.000000
7348226.174276 7348226.174276 1.000000
7348218.760531 7348218.760531 1.000000
7347990.847997 7347990.847997 1.000000
7347902.307119 7347902.307119 1.000000
7347858.951634 7347858.951634 1.000000
7347834.765509 7347834.765509 1.000000
7347807.340139 7347807.340139 1.000000
7347830.007289 7347830.007289 1.000000
7347798.150521 7347798.150521 1.000000
7347784.795439 7347784.795439 1.000000
7340554.741073 7340554.741073 1.000000
7339435.021761 7339435.021761 1.000000
7338759.378743 7338759.378743 1.000000
7337775.345221 7337775.345221 1.000000
7352409.720127 7352409.720127 1.000000
7354429.622531 7354429.622531 1.000000
7329231.876702 7329231.876702 1.000000
7349075.777824 7349075.777824 1.000000
7351440.229622 7351440.229622 1.000000
7341088.914568 7341088.914568 1.000000
7340038.109696 7340038.109696 1.000000
7339210.789128 7339210.789128 1.000000
7335902.143019 7335902.143019 1.000000
7340698.838903 7340698.838903 1.000000
7341991.073828 7341991.073828 1.000000
7342007.448912 7342007.448912 1.000000
7343251.242023 7343251.242023 1.000000
7371966.501614 7371966.501614 1.000000
