7417854.753363 7417854.753363 1.000000
7415805.914902 7415805.914902 1.000000
7416070.609032 7416070.609032 1.000000
7416996.805032 7416996.805032 1.000000
7417364.805502 7417364.805502 1.000000
7419319.294309 7419319.294309 1.000000
7419848.763197 7419848.763197 1.000000
7418559.272944 7418559.272944 1.000000
7419073.971705 7419073.971705 1.000000
7419256.896561 7419256.896561 1.000000
7419000.092996 7419000.092996 1.000000
7419513.097361 7419513.097361 1.000000
7419982.035402 7419982.035402 1.000000
7419746.014659 7419746.014659 1.000000
7419256.512776 7419256.512776 1.000000
7419591.681577 7419591.681577 1.000000
7419828.101063 7419828.101063 1.000000
7420255.689263 7420255.689263 1.000000
7420406.493455 7420406.493455 1.000000
7419387.960284 7419387.960284 1.000000
7421075.049928 7421075.049928 1.000000
7421626.918840 7421626.918840 1.000000
7421364.596709 7421364.596709 1.000000
7419624.071360 7419624.071360 1.000000
7421548.861147 7421548.861147 1.000000
7421615.293933 7421615.293933 1.000000
7421024.310582 7421024.310582 1.000000
7421076.411036 7421076.411036 1.000000
7421289.138875 7421289.138875 1.000000
7420666.875020 7420666.875020 1.000000
7420764.225451 7420764.225451 1.000000
7421285.638029 7421285.638029 1.000000
7421512.395204 7421512.395204 1.000000
7421092.583847 7421092.583847 1.000000
7420171.363407 7420171.363407 1.000000
7420389.580707 7420389.580707 1.000000
7420470.139852 7420470.139852 1.000000
7420862.364576 7420862.364576 1.000000
7420108.338600 7420108.338600 1.000000
7420245.762495 7420245.762495 1.000000
7420079.811282 7420079.811282 1.000000
7419892.464069 7419892.464069 1.000000
7422163.110576 7422163.110576 1.000000
7422706.229638 7422706.229638 1.000000
7423171.603555 7423171.603555 1.000000
7423316.068658 7423316.068658 1.000000
7424693.001356 7424693.001356 1.000000
7422881.921828 7422881.921828 1.000000
7422036.218009 7422036.218009 1.000000
7421925.714573 7421925.714573 1.000000
7422543.243141 7422543.243141 1.000000
7423066.491071 7423066.491071 1.000000
7422416.353829 7422416.353829 1.000000
7422147.158008 7422147.158008 1.000000
7422219.460444 7422219.460444 1.000000
7421385.977976 7421385.977976 1.000000
7421603.241654 7421603.241654 1.000000
7421711.550250 7421711.550250 1.000000
7421858.204887 7421858.204887 1.000000
7421835.127730 7421835.127730 1.000000
7421821.866586 7421821.866586 1.000000
7420676.071539 7420676.071539 1.000000
7420918.760424 7420918.760424 1.000000
7421148.505066 7421148.505066 1.000000
7421499.378724 7421499.378724 1.000000
7421714.820697 7421714.820697 1.000000
7422220.265068 7422220.265068 1.000000
7421988.852899 7421988.852899 1.000000
7421641.833565 7421641.833565 1.000000
7422712.884683 7422712.884683 1.000000
7422417.713476 7422417.713476 1.000000
7423013.311696 7423013.311696 1.000000
7421588.774069 7421588.774069 1.000000
7422071.417854 7422071.417854 1.000000
7422295.481772 7422295.481772 1.000000
7421488.021432 7421488.021432 1.000000
7421520.028220 7421520.028220 1.000000
7422344.104522 7422344.104522 1.000000
7422639.032289 7422639.032289 1.000000
7422791.500571 7422791.500571 1.000000
7422159.853861 7422159.853861 1.000000
7420165.600177 7420165.600177 1.000000
7420233.597139 7420233.597139 1.000000
7421004.229478 7421004.229478 1.000000
7421547.517851 7421547.517851 1.000000
7421986.501342 7421986.501342 1.000000
7422361.402108 7422361.402108 1.000000
7422578.701330 7422578.701330 1.000000
7422903.307601 7422903.307601 1.000000
7422783.579629 7422783.579629 1.000000
7423669.666785 7423669.666785 1.000000
7424422.937238 7424422.937238 1.000000
7424047.141116 7424047.141116 1.000000
7424708.257074 7424708.257074 1.000000
7424796.244046 7424796.244046 1.000000
7425791.593464 7425791.593464 1.000000
7426017.848488 7426017.848488 1.000000
7425402.700555 7425402.700555 1.000000
7424388.221956 7424388.221956 1.000000
7423446.027973 7423446.027973 1.000000
7424036.678645 7424036.678645 1.000000
7422490.199206 7422490.199206 1.000000
7418985.070994 7418985.070994 1.000000
7416994.801695 7416994.801695 1.000000
7416713.886759 7416713.886759 1.000000
7414472.511727 7414472.511727 1.000000
7413410.606370 7413410.606370 1.000000
7411469.900185 7411469.900185 1.000000
7410221.924512 7410221.924512 1.000000
7410328.849217 7410328.849217 1.000000
7409438.725598 7409438.725598 1.000000
7408699.448648 7408699.448648 1.000000
7408640.598305 7408640.598305 1.000000
7408948.397821 7408948.397821 1.000000
7407978.064558 7407978.064558 1.000000
7408340.878451 7408340.878451 1.000000
7408653.557489 7408653.557489 1.000000
7408710.851421 7408710.851421 1.000000
7409197.487051 7409197.487051 1.000000
7408820.113249 7408820.113249 1.000000
7408854.146222 7408854.146222 1.000000
7409133.449193 7409133.449193 1.000000
7409685.308234 7409685.308234 1.000000
7410397.521611 7410397.521611 1.000000
7411004.553475 7411004.553475 1.000000
7410639.600012 7410639.600012 1.000000
7410994.559674 7410994.559674 1.000000
7411510.504976 7411510.504976 1.000000
7410888.140096 7410888.140096 1.000000
7411021.861635 7411021.861635 1.000000
7411329.726088 7411329.726088 1.000000
7412045.814138 7412045.814138 1.000000
7411599.597815 7411599.597815 1.000000
7412233.408742 7412233.408742 1.000000
7412891.267523 7412891.267523 1.000000
7414286.559093 7414286.559093 1.000000
7411907.995639 7411907.995639 1.000000
7411509.513623 7411509.513623 1.000000
7412220.392015 7412220.392015 1.000000
7411160.280651 7411160.280651 1.000000
7411989.448753 7411989.448753 1.000000
7412169.638797 7412169.638797 1.000000
7413013.615834 7413013.615834 1.000000
7413686.618137 7413686.618137 1.000000
7412625.220373 7412625.220373 1.000000
7413375.153919 7413375.153919 1.000000
7414039.904018 7414039.904018 1.000000
7414987.189878 7414987.189878 1.000000
7415721.867396 7415721.867396 1.000000
7415085.998943 7415085.998943 1.000000
7416413.514630 7416413.514630 1.000000
7416518.271332 7416518.271332 1.000000
7417769.754767 7417769.754767 1.000000
7418880.762778 7418880.762778 1.000000
7419798.626249 7419798.626249 1.000000
7420305.158398 7420305.158398 1.000000
7420655.726806 7420655.726806 1.000000
7421354.513052 7421354.513052 1.000000
7421157.071200 7421157.071200 1.000000
7421438.867484 7421438.867484 1.000000
7419394.380790 7419394.380790 1.000000
7418748.409859 7418748.409859 1.000000
7418058.721349 7418058.721349 1.000000
7418094.284932 7418094.284932 1.000000
7418326.791870 7418326.791870 1.000000
7418523.857212 7418523.857212 1.000000
7418725.033349 7418725.033349 1.000000
7418723.849739 7418723.849739 1.000000
7419124.476890 7419124.476890 1.000000
7419659.492372 7419659.492372 1.000000
7419568.286123 7419568.286123 1.000000
7419402.071868 7419402.071868 1.000000
7419768.042640 7419768.042640 1.000000
7420157.470843 7420157.470843 1.000000
7420232.669627 7420232.669627 1.000000
7420850.405404 7420850.405404 1.000000
7420928.959175 7420928.959175 1.000000
7420738.821676 7420738.821676 1.000000
7420934.485842 7420934.485842 1.000000
7421154.058798 7421154.058798 1.000000
7421508.922590 7421508.922590 1.000000
7420435.352474 7420435.352474 1.000000
7419737.698113 7419737.698113 1.000000
7419751.164770 7419751.164770 1.000000
7419397.678027 7419397.678027 1.000000
7419926.251492 7419926.251492 1.000000
7420225.941384 7420225.941384 1.000000
7420640.430813 7420640.430813 1.000000
7420990.491697 7420990.491697 1.000000
7421500.519053 7421500.519053 1.000000
7421722.335330 7421722.335330 1.000000
7421124.613406 7421124.613406 1.000000
7420893.975990 7420893.975990 1.000000
7420995.876428 7420995.876428 1.000000
7420589.348495 7420589.348495 1.000000
7421457.800550 7421457.800550 1.000000
7421796.424737 7421796.424737 1.000000
7421482.491929 7421482.491929 1.000000
