7407661.207221 7407661.207221 1.000000
7407376.553154 7407376.553154 1.000000
7407011.879328 7407011.879328 1.000000
7406622.342291 7406622.342291 1.000000
7406209.316954 7406209.316954 1.000000
7405760.336268 7405760.336268 1.000000
7405353.432720 7405353.432720 1.000000
7404958.557928 7404958.557928 1.000000
7404528.145836 7404528.145836 1.000000
7404121.447878 7404121.447878 1.000000
7403705.713547 7403705.713547 1.000000
7403329.483776 7403329.483776 1.000000
7402952.296297 7402952.296297 1.000000
7402589.847571 7402589.847571 1.000000
7402184.935569 7402184.935569 1.000000
7401757.760005 7401757.760005 1.000000
7401334.071746 7401334.071746 1.000000
7400926.133994 7400926.133994 1.000000
7400500.151290 7400500.151290 1.000000
7400056.938423 7400056.938423 1.000000
7399577.661470 7399577.661470 1.000000
7399120.695469 7399120.695469 1.000000
7398666.162728 7398666.162728 1.000000
7398189.702827 7398189.702827 1.000000
7397829.902893 7397829.902893 1.000000
7397526.169361 7397526.169361 1.000000
7397227.128774 7397227.128774 1.000000
7396926.142217 7396926.142217 1.000000
7396573.408124 7396573.408124 1.000000
7396261.535434 7396261.535434 1.000000
7395971.729779 7395971.729779 1.000000
7395646.729339 7395646.729339 1.000000
7395328.328492 7395328.328492 1.000000
7394996.450319 7394996.450319 1.000000
7394702.172614 7394702.172614 1.000000
7394401.907669 7394401.907669 1.000000
7394074.706992 7394074.706992 1.000000
7393771.055815 7393771.055815 1.000000
7393441.713238 7393441.713238 1.000000
7393088.300452 7393088.300452 1.000000
7392740.367558 7392740.367558 1.000000
7392348.691763 7392348.691763 1.000000
7391928.418330 7391928.418330 1.000000
7391489.073034 7391489.073034 1.000000
7391024.621481 7391024.621481 1.000000
7390586.201133 7390586.201133 1.000000
7390098.505540 7390098.505540 1.000000
7389589.593502 7389589.593502 1.000000
7389126.823730 7389126.823730 1.000000
7388647.970133 7388647.970133 1.000000
7388204.981831 7388204.981831 1.000000
7387772.399173 7387772.399173 1.000000
7387368.699371 7387368.699371 1.000000
7386984.423937 7386984.423937 1.000000
7386634.178525 7386634.178525 1.000000
7386264.825152 7386264.825152 1.000000
7385917.228645 7385917.228645 1.000000
7385548.944656 7385548.944656 1.000000
7385205.118159 7385205.118159 1.000000
7384847.686322 7384847.686322 1.000000
7384494.568854 7384494.568854 1.000000
7384134.520370 7384134.520370 1.000000
7383735.409958 7383735.409958 1.000000
7383346.072401 7383346.072401 1.000000
7382961.669001 7382961.669001 1.000000
7382585.020803 7382585.020803 1.000000
7382206.650102 7382206.650102 1.000000
7381819.865420 7381819.865420 1.000000
7381449.869683 7381449.869683 1.000000
7381113.992585 7381113.992585 1.000000
7380790.769871 7380790.769871 1.000000
7380446.986124 7380446.986124 1.000000
7380119.318174 7380119.318174 1.000000
7379782.930345 7379782.930345 1.000000
7379435.630508 7379435.630508 1.000000
7379131.344016 7379131.344016 1.000000
7378810.502261 7378810.502261 1.000000
7378471.812135 7378471.812135 1.000000
7378156.672127 7378156.672127 1.000000
7377811.537534 7377811.537534 1.000000
7377455.003449 7377455.003449 1.000000
7377131.846194 7377131.846194 1.000000
7376824.800525 7376824.800525 1.000000
7376501.785844 7376501.785844 1.000000
7376174.974231 7376174.974231 1.000000
7375865.231697 7375865.231697 1.000000
7375539.839101 7375539.839101 1.000000
7375247.686209 7375247.686209 1.000000
7374904.647888 7374904.647888 1.000000
7374588.471941 7374588.471941 1.000000
7374209.414369 7374209.414369 1.000000
7373854.268113 7373854.268113 1.000000
7373504.078625 7373504.078625 1.000000
7373156.368585 7373156.368585 1.000000
7372815.581658 7372815.581658 1.000000
7372509.543152 7372509.543152 1.000000
7372141.500253 7372141.500253 1.000000
7371822.206306 7371822.206306 1.000000
7371519.831610 7371519.831610 1.000000
7371179.703055 7371179.703055 1.000000
7370844.500683 7370844.500683 1.000000
7370493.255727 7370493.255727 1.000000
7370152.343188 7370152.343188 1.000000
7369803.858855 7369803.858855 1.000000
7369419.275191 7369419.275191 1.000000
7369047.555654 7369047.555654 1.000000
7368657.192996 7368657.192996 1.000000
7368299.110094 7368299.110094 1.000000
7367967.327672 7367967.327672 1.000000
7367676.802246 7367676.802246 1.000000
7367372.028411 7367372.028411 1.000000
7367058.676642 7367058.676642 1.000000
7366712.839045 7366712.839045 1.000000
7366415.104499 7366415.104499 1.000000
7366099.198179 7366099.198179 1.000000
7365854.663271 7365854.663271 1.000000
7365609.198538 7365609.198538 1.000000
7365394.266455 7365394.266455 1.000000
7365169.375651 7365169.375651 1.000000
7364924.186776 7364924.186776 1.000000
7364654.891280 7364654.891280 1.000000
7364393.875597 7364393.875597 1.000000
7364164.005158 7364164.005158 1.000000
7363950.526220 7363950.526220 1.000000
7363734.924496 7363734.924496 1.000000
7363567.356256 7363567.356256 1.000000
7363315.889894 7363315.889894 1.000000
7363063.423957 7363063.423957 1.000000
7362814.659489 7362814.659489 1.000000
7362556.101025 7362556.101025 1.000000
7362293.003974 7362293.003974 1.000000
7361991.274736 7361991.274736 1.000000
7361715.200483 7361715.200483 1.000000
7361429.895836 7361429.895836 1.000000
7361192.342948 7361192.342948 1.000000
7360910.680521 7360910.680521 1.000000
7360606.403290 7360606.403290 1.000000
7360360.252424 7360360.252424 1.000000
7360092.034769 7360092.034769 1.000000
7359805.875705 7359805.875705 1.000000
7359535.267883 7359535.267883 1.000000
7359287.674721 7359287.674721 1.000000
7359103.551543 7359103.551543 1.000000
7358923.124115 7358923.124115 1.000000
7358756.811307 7358756.811307 1.000000
7358621.322830 7358621.322830 1.000000
7358514.589905 7358514.589905 1.000000
7358408.247248 7358408.247248 1.000000
7357512.639317 7357512.639317 1.000000
7357035.899140 7357035.899140 1.000000
7356445.928554 7356445.928554 1.000000
7356009.862877 7356009.862877 1.000000
7355782.744176 7355782.744176 1.000000
7355434.337713 7355434.337713 1.000000
7354856.420020 7354856.420020 1.000000
7354376.286375 7354376.286375 1.000000
7353644.533946 7353644.533946 1.000000
7353016.594749 7353016.594749 1.000000
7352302.423415 7352302.423415 1.000000
7351889.350183 7351889.350183 1.000000
7351317.741757 7351317.741757 1.000000
7351099.405260 7351099.405260 1.000000
7351180.587293 7351180.587293 1.000000
7350291.933753 7350291.933753 1.000000
7351025.475086 7351025.475086 1.000000
7350900.716489 7350900.716489 1.000000
7350435.870556 7350435.870556 1.000000
7349651.189647 7349651.189647 1.000000
7348924.669470 7348924.669470 1.000000
7349208.449021 7349208.449021 1.000000
7349357.178149 7349357.178149 1.000000
7349605.497625 7349605.497625 1.000000
7349773.318751 7349773.318751 1.000000
7349952.533188 7349952.533188 1.000000
7350637.242722 7350637.242722 1.000000
7350775.864463 7350775.864463 1.000000
7351248.654011 7351248.654011 1.000000
7351434.930571 7351434.930571 1.000000
7351145.661683 7351145.661683 1.000000
7350396.134991 7350396.134991 1.000000
7350269.439481 7350269.439481 1.000000
7351196.703654 7351196.703654 1.000000
7351361.364126 7351361.364126 1.000000
7350615.232826 7350615.232826 1.000000
7349910.431539 7349910.431539 1.000000
7350151.420263 7350151.420263 1.000000
7350373.097258 7350373.097258 1.000000
7350730.617050 7350730.617050 1.000000
7350927.594843 7350927.594843 1.000000
7351277.679419 7351277.679419 1.000000
7351487.889968 7351487.889968 1.000000
7352352.592920 7352352.592920 1.000000
7352602.263861 7352602.263861 1.000000
7352886.411858 7352886.411858 1.000000
7353035.927145 7353035.927145 1.000000
7353176.361543 7353176.361543 1.000000
7353350.565244 7353350.565244 1.000000
7353609.056731 7353609.056731 1.000000
7353874.210365 7353874.210365 1.000000
7354040.253738 7354040.253738 1.000000
7354340.762853 7354340.762853 1.000000
7354206.086642 7354206.086642 1.000000
7354340.026364 7354340.026364 1.000000
7355151.167796 7355151.167796 1.000000
7354959.068728 7354959.068728 1.000000
7355355.771002 7355355.771002 1.000000
7355248.291572 7355248.291572 1.000000
7354775.777958 7354775.777958 1.000000
7355684.815930 7355684.815930 1.000000
7354947.420713 7354947.420713 1.000000
7354771.190941 7354771.190941 1.000000
7354459.255819 7354459.255819 1.000000
7354097.620068 7354097.620068 1.000000
7353977.691119 7353977.691119 1.000000
7354810.417614 7354810.417614 1.000000
7354680.307776 7354680.307776 1.000000
7354157.888104 7354157.888104 1.000000
7353348.815829 7353348.815829 1.000000
7352762.170031 7352762.170031 1.000000
7352197.095165 7352197.095165 1.000000
7351977.169270 7351977.169270 1.000000
7351779.648392 7351779.648392 1.000000
7351672.929995 7351672.929995 1.000000
7351968.672904 7351968.672904 1.000000
7352123.326438 7352123.326438 1.000000
7352389.018486 7352389.018486 1.000000
7353235.745680 7353235.745680 1.000000
7353737.374303 7353737.374303 1.000000
7353496.570822 7353496.570822 1.000000
7352577.994029 7352577.994029 1.000000
7352862.570037 7352862.570037 1.000000
7352677.661058 7352677.661058 1.000000
7352804.084430 7352804.084430 1.000000
7352474.031627 7352474.031627 1.000000
7351689.258048 7351689.258048 1.000000
7351436.238933 7351436.238933 1.000000
7351651.065908 7351651.065908 1.000000
7352360.383822 7352360.383822 1.000000
7351976.424240 7351976.424240 1.000000
7351821.266010 7351821.266010 1.000000
7351629.904695 7351629.904695 1.000000
7351214.510663 7351214.510663 1.000000
7350828.310802 7350828.310802 1.000000
7350359.826635 7350359.826635 1.000000
7349965.730159 7349965.730159 1.000000
7349608.168908 7349608.168908 1.000000
7349842.970792 7349842.970792 1.000000
7349309.702346 7349309.702346 1.000000
7348709.531172 7348709.531172 1.000000
7348350.381575 7348350.381575 1.000000
7348103.545135 7348103.545135 1.000000
7347680.978713 7347680.978713 1.000000
7347466.663479 7347466.663479 1.000000
7347716.086736 7347716.086736 1.000000
7346729.544213 7346729.544213 1.000000
7346340.512593 7346340.512593 1.000000
7346238.034376 7346238.034376 1.000000
7346518.408388 7346518.408388 1.000000
7346882.258776 7346882.258776 1.000000
7347230.476478 7347230.476478 1.000000
7347615.743766 7347615.743766 1.000000
7347298.730249 7347298.730249 1.000000
7346835.743243 7346835.743243 1.000000
7347077.990892 7347077.990892 1.000000
7346970.991530 7346970.991530 1.000000
7346447.633670 7346447.633670 1.000000
7347121.572889 7347121.572889 1.000000
7346890.916988 7346890.916988 1.000000
7346393.021830 7346393.021830 1.000000
7346518.660540 7346518.660540 1.000000
7346320.191667 7346320.191667 1.000000
7346455.706921 7346455.706921 1.000000
7346622.599946 7346622.599946 1.000000
7346326.909498 7346326.909498 1.000000
7346970.385870 7346970.385870 1.000000
7347127.830466 7347127.830466 1.000000
7347316.605403 7347316.605403 1.000000
7347133.500344 7347133.500344 1.000000
7346779.055196 7346779.055196 1.000000
7346478.979806 7346478.979806 1.000000
7346299.004637 7346299.004637 1.000000
7347173.731813 7347173.731813 1.000000
7346938.733735 7346938.733735 1.000000
7347093.125293 7347093.125293 1.000000
7346696.897255 7346696.897255 1.000000
7346858.083696 7346858.083696 1.000000
7346512.575428 7346512.575428 1.000000
7346054.200222 7346054.200222 1.000000
7345783.256012 7345783.256012 1.000000
7345650.020048 7345650.020048 1.000000
7346491.519236 7346491.519236 1.000000
7346783.536670 7346783.536670 1.000000
7346481.665483 7346481.665483 1.000000
7346605.692977 7346605.692977 1.000000
7346119.110871 7346119.110871 1.000000
7346286.410931 7346286.410931 1.000000
7345712.001511 7345712.001511 1.000000
7346455.030998 7346455.030998 1.000000
7346278.762303 7346278.762303 1.000000
7346034.733411 7346034.733411 1.000000
7345784.996882 7345784.996882 1.000000
7345672.913224 7345672.913224 1.000000
7345482.770883 7345482.770883 1.000000
7345747.516278 7345747.516278 1.000000
7345259.821233 7345259.821233 1.000000
7345118.374842 7345118.374842 1.000000
7344720.015709 7344720.015709 1.000000
7345019.085082 7345019.085082 1.000000
7344644.686084 7344644.686084 1.000000
7344369.874407 7344369.874407 1.000000
7344578.142429 7344578.142429 1.000000
7344473.499705 7344473.499705 1.000000
7344596.497953 7344596.497953 1.000000
7344883.667086 7344883.667086 1.000000
7344689.266838 7344689.266838 1.000000
7345133.655428 7345133.655428 1.000000
7345461.442994 7345461.442994 1.000000
7346236.612689 7346236.612689 1.000000
7346742.602395 7346742.602395 1.000000
7347024.246428 7347024.246428 1.000000
7347138.042411 7347138.042411 1.000000
7347477.302265 7347477.302265 1.000000
7347358.477496 7347358.477496 1.000000
7347386.533157 7347386.533157 1.000000
7347254.305195 7347254.305195 1.000000
7346996.876022 7346996.876022 1.000000
7346604.973695 7346604.973695 1.000000
7346711.194707 7346711.194707 1.000000
7346535.476232 7346535.476232 1.000000
7345560.109249 7345560.109249 1.000000
7345177.474779 7345177.474779 1.000000
7344616.891757 7344616.891757 1.000000
7344958.631225 7344958.631225 1.000000
7344842.821418 7344842.821418 1.000000
7344597.925855 7344597.925855 1.000000
7344441.829516 7344441.829516 1.000000
7344084.928665 7344084.928665 1.000000
7344692.673765 7344692.673765 1.000000
7344411.001622 7344411.001622 1.000000
7344550.896242 7344550.896242 1.000000
7344412.601724 7344412.601724 1.000000
7344050.388155 7344050.388155 1.000000
7344145.334819 7344145.334819 1.000000
7343865.808388 7343865.808388 1.000000
7343638.710990 7343638.710990 1.000000
7343096.238710 7343096.238710 1.000000
7342827.463959 7342827.463959 1.000000
7343266.905773 7343266.905773 1.000000
7342933.503830 7342933.503830 1.000000
7342825.285223 7342825.285223 1.000000
7342933.563753 7342933.563753 1.000000
7342733.605030 7342733.605030 1.000000
7342816.408351 7342816.408351 1.000000
7343011.772385 7343011.772385 1.000000
7343154.551769 7343154.551769 1.000000
7343476.153801 7343476.153801 1.000000
7343384.245395 7343384.245395 1.000000
7343655.717723 7343655.717723 1.000000
7344233.902139 7344233.902139 1.000000
7343921.168775 7343921.168775 1.000000
7344141.846999 7344141.846999 1.000000
7344235.613309 7344235.613309 1.000000
7344791.947800 7344791.947800 1.000000
7344663.956074 7344663.956074 1.000000
7344348.711964 7344348.711964 1.000000
7344118.756020 7344118.756020 1.000000
7343688.567697 7343688.567697 1.000000
7343899.170009 7343899.170009 1.000000
7343624.767614 7343624.767614 1.000000
7343971.772143 7343971.772143 1.000000
7344183.578996 7344183.578996 1.000000
7344430.816590 7344430.816590 1.000000
7344624.991846 7344624.991846 1.000000
7343744.635352 7343744.635352 1.000000
7344113.216569 7344113.216569 1.000000
7343907.700246 7343907.700246 1.000000
7344568.568006 7344568.568006 1.000000
7344318.108890 7344318.108890 1.000000
7343951.988089 7343951.988089 1.000000
7343833.467629 7343833.467629 1.000000
7343347.225279 7343347.225279 1.000000
7343405.957970 7343405.957970 1.000000
7342775.727403 7342775.727403 1.000000
7342214.044975 7342214.044975 1.000000
7342396.796800 7342396.796800 1.000000
7342141.442056 7342141.442056 1.000000
7341432.074582 7341432.074582 1.000000
7341619.567458 7341619.567458 1.000000
7342048.254736 7342048.254736 1.000000
7342358.145173 7342358.145173 1.000000
7342589.144082 7342589.144082 1.000000
7343035.129950 7343035.129950 1.000000
7342854.677291 7342854.677291 1.000000
7342468.862599 7342468.862599 1.000000
7342575.262645 7342575.262645 1.000000
7342828.634137 7342828.634137 1.000000
7342864.486056 7342864.486056 1.000000
7343751.060404 7343751.060404 1.000000
7343580.310274 7343580.310274 1.000000
7342692.028950 7342692.028950 1.000000
7342502.176529 7342502.176529 1.000000
7342042.459710 7342042.459710 1.000000
7342106.281634 7342106.281634 1.000000
7342222.383264 7342222.383264 1.000000
7342403.072772 7342403.072772 1.000000
7342255.552973 7342255.552973 1.000000
7342811.559548 7342811.559548 1.000000
7342964.441795 7342964.441795 1.000000
7342641.078354 7342641.078354 1.000000
7342491.510092 7342491.510092 1.000000
7343269.602511 7343269.602511 1.000000
7342820.532855 7342820.532855 1.000000
7342508.597730 7342508.597730 1.000000
7342116.695679 7342116.695679 1.000000
7342206.942132 7342206.942132 1.000000
7342066.885201 7342066.885201 1.000000
7341780.236330 7341780.236330 1.000000
7341243.627145 7341243.627145 1.000000
7342003.138022 7342003.138022 1.000000
7342867.547358 7342867.547358 1.000000
7342659.523704 7342659.523704 1.000000
7342422.009890 7342422.009890 1.000000
7342144.948389 7342144.948389 1.000000
7341894.763173 7341894.763173 1.000000
7341103.052780 7341103.052780 1.000000
7341276.223402 7341276.223402 1.000000
7340992.315206 7340992.315206 1.000000
7340800.227306 7340800.227306 1.000000
7341005.797441 7341005.797441 1.000000
7341179.848324 7341179.848324 1.000000
7340316.408771 7340316.408771 1.000000
7340468.389931 7340468.389931 1.000000
7340710.075565 7340710.075565 1.000000
7340861.240328 7340861.240328 1.000000
7341380.633782 7341380.633782 1.000000
7341787.696132 7341787.696132 1.000000
7342159.692112 7342159.692112 1.000000
7342631.798940 7342631.798940 1.000000
7343169.597487 7343169.597487 1.000000
7343272.740191 7343272.740191 1.000000
7343474.694126 7343474.694126 1.000000
7343895.531903 7343895.531903 1.000000
7343625.657881 7343625.657881 1.000000
7343345.689193 7343345.689193 1.000000
7342806.500787 7342806.500787 1.000000
7341902.416040 7341902.416040 1.000000
7341464.941963 7341464.941963 1.000000
7341204.727331 7341204.727331 1.000000
7342131.172835 7342131.172835 1.000000
7342788.222985 7342788.222985 1.000000
7342476.524315 7342476.524315 1.000000
7342365.156265 7342365.156265 1.000000
7342360.639329 7342360.639329 1.000000
7341488.030743 7341488.030743 1.000000
7341610.213579 7341610.213579 1.000000
7341804.738813 7341804.738813 1.000000
7341970.520291 7341970.520291 1.000000
7342777.035387 7342777.035387 1.000000
7342556.617131 7342556.617131 1.000000
7341665.258128 7341665.258128 1.000000
7341506.407097 7341506.407097 1.000000
7342218.660977 7342218.660977 1.000000
7342039.835729 7342039.835729 1.000000
7341768.131317 7341768.131317 1.000000
7341588.515808 7341588.515808 1.000000
7341931.798572 7341931.798572 1.000000
7341769.031508 7341769.031508 1.000000
7341614.113729 7341614.113729 1.000000
7341326.764181 7341326.764181 1.000000
7341471.654733 7341471.654733 1.000000
7341692.388927 7341692.388927 1.000000
7341353.560780 7341353.560780 1.000000
7341136.909142 7341136.909142 1.000000
7341251.188973 7341251.188973 1.000000
7341307.157421 7341307.157421 1.000000
7340662.462617 7340662.462617 1.000000
7340573.444736 7340573.444736 1.000000
7340719.721334 7340719.721334 1.000000
7339917.339433 7339917.339433 1.000000
7340030.597082 7340030.597082 1.000000
7340323.543254 7340323.543254 1.000000
7340326.906720 7340326.906720 1.000000
7341001.856950 7341001.856950 1.000000
7340542.432609 7340542.432609 1.000000
7341265.757541 7341265.757541 1.000000
7341139.453184 7341139.453184 1.000000
7341748.384590 7341748.384590 1.000000
7341433.242190 7341433.242190 1.000000
7341143.937053 7341143.937053 1.000000
7340406.630389 7340406.630389 1.000000
7340188.026883 7340188.026883 1.000000
7339619.285400 7339619.285400 1.000000
7340474.500348 7340474.500348 1.000000
7340340.814567 7340340.814567 1.000000
7341187.869600 7341187.869600 1.000000
7340902.076043 7340902.076043 1.000000
7340681.341887 7340681.341887 1.000000
7340556.380181 7340556.380181 1.000000
7339592.959036 7339592.959036 1.000000
7339827.916894 7339827.916894 1.000000
7339159.964292 7339159.964292 1.000000
7338176.535504 7338176.535504 1.000000
7337992.965760 7337992.965760 1.000000
7337827.753338 7337827.753338 1.000000
7337625.567743 7337625.567743 1.000000
7337418.245938 7337418.245938 1.000000
7337251.716832 7337251.716832 1.000000
7337083.934813 7337083.934813 1.000000
7336895.633379 7336895.633379 1.000000
7336723.297272 7336723.297272 1.000000
7336551.562712 7336551.562712 1.000000
7336397.235848 7336397.235848 1.000000
7336235.245822 7336235.245822 1.000000
7336077.327470 7336077.327470 1.000000
7335951.498359 7335951.498359 1.000000
7335795.586621 7335795.586621 1.000000
7335658.031868 7335658.031868 1.000000
7335535.054544 7335535.054544 1.000000
7335373.687799 7335373.687799 1.000000
7334454.642289 7334454.642289 1.000000
7333619.373494 7333619.373494 1.000000
7333506.538820 7333506.538820 1.000000
7333404.191083 7333404.191083 1.000000
7333295.968928 7333295.968928 1.000000
7333195.734497 7333195.734497 1.000000
7333078.439299 7333078.439299 1.000000
7332970.456893 7332970.456893 1.000000
7332129.520792 7332129.520792 1.000000
7331346.719936 7331346.719936 1.000000
7330725.075666 7330725.075666 1.000000
7329978.420476 7329978.420476 1.000000
7329201.575050 7329201.575050 1.000000
7329030.419933 7329030.419933 1.000000
7328524.530563 7328524.530563 1.000000
7328172.530161 7328172.530161 1.000000
7328161.420482 7328161.420482 1.000000
7327681.338406 7327681.338406 1.000000
7328433.817080 7328433.817080 1.000000
7328034.455225 7328034.455225 1.000000
7328932.303585 7328932.303585 1.000000
7328498.770632 7328498.770632 1.000000
7327628.951246 7327628.951246 1.000000
7328343.660627 7328343.660627 1.000000
7328130.384886 7328130.384886 1.000000
7327891.350558 7327891.350558 1.000000
7327493.065945 7327493.065945 1.000000
7327225.437614 7327225.437614 1.000000
7326789.685084 7326789.685084 1.000000
7327560.492131 7327560.492131 1.000000
7327677.883670 7327677.883670 1.000000
7327804.437489 7327804.437489 1.000000
7327304.725582 7327304.725582 1.000000
7327450.675695 7327450.675695 1.000000
7327704.625231 7327704.625231 1.000000
7327410.331583 7327410.331583 1.000000
7328346.655876 7328346.655876 1.000000
7328203.360457 7328203.360457 1.000000
7327986.508802 7327986.508802 1.000000
7328499.342161 7328499.342161 1.000000
7328350.840692 7328350.840692 1.000000
7328175.095508 7328175.095508 1.000000
7328123.590679 7328123.590679 1.000000
7327999.508555 7327999.508555 1.000000
7327787.518094 7327787.518094 1.000000
7327915.635323 7327915.635323 1.000000
7328753.789276 7328753.789276 1.000000
7328014.317560 7328014.317560 1.000000
7328174.644577 7328174.644577 1.000000
7327463.625946 7327463.625946 1.000000
7327858.437028 7327858.437028 1.000000
7328122.786145 7328122.786145 1.000000
7328902.094162 7328902.094162 1.000000
7328801.403005 7328801.403005 1.000000
7328601.559870 7328601.559870 1.000000
7328715.035307 7328715.035307 1.000000
7328833.033524 7328833.033524 1.000000
7328738.884280 7328738.884280 1.000000
7327779.168834 7327779.168834 1.000000
7327675.527745 7327675.527745 1.000000
7327897.343391 7327897.343391 1.000000
7327317.985769 7327317.985769 1.000000
7327425.633619 7327425.633619 1.000000
7327957.376537 7327957.376537 1.000000
7328269.687832 7328269.687832 1.000000
7328506.362318 7328506.362318 1.000000
7328400.967622 7328400.967622 1.000000
7328132.299645 7328132.299645 1.000000
7328274.958629 7328274.958629 1.000000
7328548.253914 7328548.253914 1.000000
7328441.401713 7328441.401713 1.000000
7329142.873072 7329142.873072 1.000000
7328574.605840 7328574.605840 1.000000
7328736.595790 7328736.595790 1.000000
7327919.599889 7327919.599889 1.000000
7327695.224274 7327695.224274 1.000000
7328000.506537 7328000.506537 1.000000
7328284.743046 7328284.743046 1.000000
7328343.703994 7328343.703994 1.000000
7328561.571114 7328561.571114 1.000000
7328974.471684 7328974.471684 1.000000
7328293.707678 7328293.707678 1.000000
7328447.093636 7328447.093636 1.000000
7329308.663776 7329308.663776 1.000000
7329182.861825 7329182.861825 1.000000
7329308.300798 7329308.300798 1.000000
7329095.737624 7329095.737624 1.000000
7328683.494864 7328683.494864 1.000000
7328857.717343 7328857.717343 1.000000
7329060.073510 7329060.073510 1.000000
7329395.784277 7329395.784277 1.000000
7329639.981803 7329639.981803 1.000000
7330162.326952 7330162.326952 1.000000
7330334.518710 7330334.518710 1.000000
7330552.435522 7330552.435522 1.000000
7330414.198199 7330414.198199 1.000000
7330020.852716 7330020.852716 1.000000
7330418.370600 7330418.370600 1.000000
7330062.593443 7330062.593443 1.000000
7329892.681509 7329892.681509 1.000000
7330588.345076 7330588.345076 1.000000
7330431.993834 7330431.993834 1.000000
7330578.096039 7330578.096039 1.000000
7331523.358578 7331523.358578 1.000000
7331809.249540 7331809.249540 1.000000
7331533.324947 7331533.324947 1.000000
7331374.424957 7331374.424957 1.000000
7330965.182411 7330965.182411 1.000000
7330583.391992 7330583.391992 1.000000
7330770.377381 7330770.377381 1.000000
7330556.460279 7330556.460279 1.000000
7330116.988673 7330116.988673 1.000000
7330342.468838 7330342.468838 1.000000
7330882.727035 7330882.727035 1.000000
7331316.044580 7331316.044580 1.000000
7331554.492678 7331554.492678 1.000000
7332057.210072 7332057.210072 1.000000
7332045.057513 7332045.057513 1.000000
7331894.155015 7331894.155015 1.000000
7330941.629543 7330941.629543 1.000000
7331729.106739 7331729.106739 1.000000
7331586.587734 7331586.587734 1.000000
7331774.726535 7331774.726535 1.000000
7332601.244357 7332601.244357 1.000000
7332406.333860 7332406.333860 1.000000
7332158.841097 7332158.841097 1.000000
7331362.493938 7331362.493938 1.000000
7331059.030442 7331059.030442 1.000000
7330903.065044 7330903.065044 1.000000
7331100.976827 7331100.976827 1.000000
7331237.943411 7331237.943411 1.000000
7331375.235495 7331375.235495 1.000000
7330459.815353 7330459.815353 1.000000
7330728.317007 7330728.317007 1.000000
7331093.503619 7331093.503619 1.000000
7331393.409584 7331393.409584 1.000000
7331118.954613 7331118.954613 1.000000
7331525.935873 7331525.935873 1.000000
7332135.963631 7332135.963631 1.000000
7331928.503982 7331928.503982 1.000000
7332507.096111 7332507.096111 1.000000
7332644.119398 7332644.119398 1.000000
7332746.577039 7332746.577039 1.000000
7333385.258289 7333385.258289 1.000000
7333191.310275 7333191.310275 1.000000
7332929.508392 7332929.508392 1.000000
7333144.725186 7333144.725186 1.000000
7332922.806416 7332922.806416 1.000000
7332779.973819 7332779.973819 1.000000
7333512.966258 7333512.966258 1.000000
7333995.680178 7333995.680178 1.000000
7333481.687817 7333481.687817 1.000000
7332850.219763 7332850.219763 1.000000
7332720.878577 7332720.878577 1.000000
7332613.523921 7332613.523921 1.000000
7332137.050354 7332137.050354 1.000000
7332395.373040 7332395.373040 1.000000
7332702.060258 7332702.060258 1.000000
7332927.013493 7332927.013493 1.000000
7332772.271511 7332772.271511 1.000000
7332523.436413 7332523.436413 1.000000
7332106.858262 7332106.858262 1.000000
7332265.161543 7332265.161543 1.000000
7332507.401845 7332507.401845 1.000000
7332331.454396 7332331.454396 1.000000
7332119.144364 7332119.144364 1.000000
7332188.211267 7332188.211267 1.000000
7332704.767241 7332704.767241 1.000000
7332483.436642 7332483.436642 1.000000
7332666.133370 7332666.133370 1.000000
7332528.202988 7332528.202988 1.000000
7332617.839917 7332617.839917 1.000000
7332735.590863 7332735.590863 1.000000
7331914.830936 7331914.830936 1.000000
7331420.959830 7331420.959830 1.000000
7331959.683851 7331959.683851 1.000000
7332300.665966 7332300.665966 1.000000
7332441.717180 7332441.717180 1.000000
7332915.193314 7332915.193314 1.000000
7333372.714552 7333372.714552 1.000000
7333223.824453 7333223.824453 1.000000
7333587.419268 7333587.419268 1.000000
7334532.692679 7334532.692679 1.000000
7334150.059498 7334150.059498 1.000000
7334285.095164 7334285.095164 1.000000
7333349.967512 7333349.967512 1.000000
7333802.360174 7333802.360174 1.000000
7334079.617435 7334079.617435 1.000000
7334422.036171 7334422.036171 1.000000
7334763.897948 7334763.897948 1.000000
7335042.639787 7335042.639787 1.000000
7335420.293969 7335420.293969 1.000000
7335540.146921 7335540.146921 1.000000
7336035.258549 7336035.258549 1.000000
7335836.186800 7335836.186800 1.000000
7335603.594901 7335603.594901 1.000000
7335300.932498 7335300.932498 1.000000
7335806.775484 7335806.775484 1.000000
7335909.522710 7335909.522710 1.000000
7334993.903336 7334993.903336 1.000000
7334755.449176 7334755.449176 1.000000
7334513.508025 7334513.508025 1.000000
7333847.923385 7333847.923385 1.000000
7334067.046088 7334067.046088 1.000000
7334425.318179 7334425.318179 1.000000
7334789.876379 7334789.876379 1.000000
7335009.245882 7335009.245882 1.000000
7335248.164267 7335248.164267 1.000000
7336000.344332 7336000.344332 1.000000
7335772.778700 7335772.778700 1.000000
7336096.119491 7336096.119491 1.000000
7336361.065623 7336361.065623 1.000000
7336836.913010 7336836.913010 1.000000
7337166.848268 7337166.848268 1.000000
7336643.116953 7336643.116953 1.000000
7336738.906362 7336738.906362 1.000000
7336716.709041 7336716.709041 1.000000
7336585.646073 7336585.646073 1.000000
7336420.650324 7336420.650324 1.000000
7336645.703914 7336645.703914 1.000000
7337569.163903 7337569.163903 1.000000
7337428.269162 7337428.269162 1.000000
7337759.545153 7337759.545153 1.000000
7338342.481226 7338342.481226 1.000000
7338626.192594 7338626.192594 1.000000
7338926.503482 7338926.503482 1.000000
7339113.056437 7339113.056437 1.000000
7338889.163399 7338889.163399 1.000000
7338434.245200 7338434.245200 1.000000
7338774.605920 7338774.605920 1.000000
7339033.997992 7339033.997992 1.000000
7338759.271261 7338759.271261 1.000000
7338476.767500 7338476.767500 1.000000
7338864.753793 7338864.753793 1.000000
7338616.723814 7338616.723814 1.000000
7339340.153067 7339340.153067 1.000000
7338981.848250 7338981.848250 1.000000
7338814.480213 7338814.480213 1.000000
7338092.370612 7338092.370612 1.000000
7337216.732245 7337216.732245 1.000000
7336974.116051 7336974.116051 1.000000
7336791.642366 7336791.642366 1.000000
7336632.486613 7336632.486613 1.000000
7336196.782085 7336196.782085 1.000000
7335658.293800 7335658.293800 1.000000
7335290.838127 7335290.838127 1.000000
7335666.344139 7335666.344139 1.000000
7335912.565709 7335912.565709 1.000000
7335654.624446 7335654.624446 1.000000
7336583.241030 7336583.241030 1.000000
7336270.044165 7336270.044165 1.000000
7336068.228536 7336068.228536 1.000000
7336621.109341 7336621.109341 1.000000
7336427.517428 7336427.517428 1.000000
7336218.506621 7336218.506621 1.000000
7335986.871494 7335986.871494 1.000000
7335099.510693 7335099.510693 1.000000
7334491.313779 7334491.313779 1.000000
7334641.417420 7334641.417420 1.000000
7334806.775486 7334806.775486 1.000000
7335326.374149 7335326.374149 1.000000
7335780.055010 7335780.055010 1.000000
7335964.328226 7335964.328226 1.000000
7335719.344583 7335719.344583 1.000000
7335981.494288 7335981.494288 1.000000
7335829.067244 7335829.067244 1.000000
7335399.285866 7335399.285866 1.000000
7335142.663306 7335142.663306 1.000000
7335273.483552 7335273.483552 1.000000
7335185.284307 7335185.284307 1.000000
7335335.505002 7335335.505002 1.000000
7334966.065343 7334966.065343 1.000000
7335233.712818 7335233.712818 1.000000
7335065.059548 7335065.059548 1.000000
7335280.101278 7335280.101278 1.000000
7334941.678752 7334941.678752 1.000000
7335191.452481 7335191.452481 1.000000
7335762.002990 7335762.002990 1.000000
7334879.674495 7334879.674495 1.000000
7334687.966993 7334687.966993 1.000000
7334846.120921 7334846.120921 1.000000
7334975.115708 7334975.115708 1.000000
7334781.946912 7334781.946912 1.000000
7334516.072502 7334516.072502 1.000000
7335213.034916 7335213.034916 1.000000
7335340.655326 7335340.655326 1.000000
7335219.958067 7335219.958067 1.000000
7334838.001432 7334838.001432 1.000000
7333945.644513 7333945.644513 1.000000
7334208.042538 7334208.042538 1.000000
7334073.413993 7334073.413993 1.000000
7333905.391427 7333905.391427 1.000000
7334246.007057 7334246.007057 1.000000
7334681.935378 7334681.935378 1.000000
7334783.210172 7334783.210172 1.000000
7335459.576832 7335459.576832 1.000000
7335999.613505 7335999.613505 1.000000
7336636.754434 7336636.754434 1.000000
7337178.248651 7337178.248651 1.000000
7337301.737144 7337301.737144 1.000000
7337784.820793 7337784.820793 1.000000
7338056.731223 7338056.731223 1.000000
7338641.188847 7338641.188847 1.000000
7339049.204789 7339049.204789 1.000000
7339236.077955 7339236.077955 1.000000
7338992.363510 7338992.363510 1.000000
7338862.882409 7338862.882409 1.000000
7338748.042927 7338748.042927 1.000000
7338610.504603 7338610.504603 1.000000
7338806.165848 7338806.165848 1.000000
7338824.231976 7338824.231976 1.000000
7339378.337299 7339378.337299 1.000000
7340283.284511 7340283.284511 1.000000
7339848.093248 7339848.093248 1.000000
7339605.083338 7339605.083338 1.000000
7340493.879697 7340493.879697 1.000000
7340322.405444 7340322.405444 1.000000
7340475.637171 7340475.637171 1.000000
7339529.271651 7339529.271651 1.000000
7339870.740377 7339870.740377 1.000000
7340018.346954 7340018.346954 1.000000
7339894.608395 7339894.608395 1.000000
7340441.909365 7340441.909365 1.000000
7340223.109452 7340223.109452 1.000000
7340713.714827 7340713.714827 1.000000
7341142.937622 7341142.937622 1.000000
7340991.423548 7340991.423548 1.000000
7340688.651737 7340688.651737 1.000000
7341123.031100 7341123.031100 1.000000
7341728.096322 7341728.096322 1.000000
7342103.567371 7342103.567371 1.000000
7341863.124906 7341863.124906 1.000000
7341859.623086 7341859.623086 1.000000
7340981.527296 7340981.527296 1.000000
7340788.652117 7340788.652117 1.000000
7340677.254255 7340677.254255 1.000000
7341254.693249 7341254.693249 1.000000
7340300.123002 7340300.123002 1.000000
7340835.395959 7340835.395959 1.000000
7341145.961500 7341145.961500 1.000000
7340910.898542 7340910.898542 1.000000
7341296.211357 7341296.211357 1.000000
7341043.860570 7341043.860570 1.000000
7341586.996775 7341586.996775 1.000000
7340876.532445 7340876.532445 1.000000
7340885.589187 7340885.589187 1.000000
7341087.924024 7341087.924024 1.000000
7341260.018889 7341260.018889 1.000000
7341445.428926 7341445.428926 1.000000
7341246.627343 7341246.627343 1.000000
7342244.220036 7342244.220036 1.000000
7342327.210456 7342327.210456 1.000000
7342654.849635 7342654.849635 1.000000
7342650.858678 7342650.858678 1.000000
7343029.234276 7343029.234276 1.000000
7343142.866369 7343142.866369 1.000000
7342626.429590 7342626.429590 1.000000
7343604.274680 7343604.274680 1.000000
7343471.910145 7343471.910145 1.000000
7343349.199905 7343349.199905 1.000000
7343165.672011 7343165.672011 1.000000
7342714.480423 7342714.480423 1.000000
7342330.599158 7342330.599158 1.000000
7341833.552535 7341833.552535 1.000000
7341487.645937 7341487.645937 1.000000
7341020.389171 7341020.389171 1.000000
7340563.839299 7340563.839299 1.000000
7340172.124665 7340172.124665 1.000000
7339675.801656 7339675.801656 1.000000
7340124.269866 7340124.269866 1.000000
7340340.487437 7340340.487437 1.000000
7340367.481033 7340367.481033 1.000000
7340598.300509 7340598.300509 1.000000
7341289.143373 7341289.143373 1.000000
7341511.095480 7341511.095480 1.000000
7342042.277637 7342042.277637 1.000000
7342336.316443 7342336.316443 1.000000
7342725.361805 7342725.361805 1.000000
7341754.362897 7341754.362897 1.000000
7341533.558229 7341533.558229 1.000000
7341760.463256 7341760.463256 1.000000
7342148.823675 7342148.823675 1.000000
7342511.412666 7342511.412666 1.000000
7342554.558286 7342554.558286 1.000000
7341998.001056 7341998.001056 1.000000
7341530.857028 7341530.857028 1.000000
7341037.690957 7341037.690957 1.000000
7340482.316858 7340482.316858 1.000000
7340075.620149 7340075.620149 1.000000
7339617.962403 7339617.962403 1.000000
7339095.396798 7339095.396798 1.000000
7338577.618335 7338577.618335 1.000000
7338320.551766 7338320.551766 1.000000
7338161.893504 7338161.893504 1.000000
7338051.574335 7338051.574335 1.000000
7337709.083960 7337709.083960 1.000000
7337359.063023 7337359.063023 1.000000
7337902.137233 7337902.137233 1.000000
7337460.328807 7337460.328807 1.000000
7337079.617031 7337079.617031 1.000000
7336943.152673 7336943.152673 1.000000
7336840.716484 7336840.716484 1.000000
7336691.388437 7336691.388437 1.000000
7336561.683857 7336561.683857 1.000000
7336429.703044 7336429.703044 1.000000
7336291.239374 7336291.239374 1.000000
7337269.360423 7337269.360423 1.000000
7336966.196764 7336966.196764 1.000000
7337385.119046 7337385.119046 1.000000
7337237.757696 7337237.757696 1.000000
7337051.023884 7337051.023884 1.000000
7336926.794787 7336926.794787 1.000000
7337053.126668 7337053.126668 1.000000
7337467.661250 7337467.661250 1.000000
7337908.608427 7337908.608427 1.000000
7337346.980005 7337346.980005 1.000000
7337801.394364 7337801.394364 1.000000
7338205.983295 7338205.983295 1.000000
7338540.439856 7338540.439856 1.000000
7339503.034977 7339503.034977 1.000000
7338506.238775 7338506.238775 1.000000
7338928.088393 7338928.088393 1.000000
7339488.398825 7339488.398825 1.000000
7339661.801894 7339661.801894 1.000000
7340178.654780 7340178.654780 1.000000
7340457.697130 7340457.697130 1.000000
7339482.653420 7339482.653420 1.000000
7339690.649946 7339690.649946 1.000000
7340034.443702 7340034.443702 1.000000
7340487.146218 7340487.146218 1.000000
7340904.945991 7340904.945991 1.000000
7341216.217453 7341216.217453 1.000000
7341008.923318 7341008.923318 1.000000
7341421.863829 7341421.863829 1.000000
7341294.011058 7341294.011058 1.000000
7341395.981138 7341395.981138 1.000000
7341100.441060 7341100.441060 1.000000
7340997.194831 7340997.194831 1.000000
7341830.098208 7341830.098208 1.000000
7341609.571219 7341609.571219 1.000000
7341912.790913 7341912.790913 1.000000
7341397.442620 7341397.442620 1.000000
7340963.892593 7340963.892593 1.000000
7340496.139355 7340496.139355 1.000000
7340129.778798 7340129.778798 1.000000
7340276.306266 7340276.306266 1.000000
7339652.493392 7339652.493392 1.000000
7339985.071621 7339985.071621 1.000000
7340300.636789 7340300.636789 1.000000
7340050.005146 7340050.005146 1.000000
7340176.283357 7340176.283357 1.000000
7339819.591376 7339819.591376 1.000000
7339517.191896 7339517.191896 1.000000
7340046.846621 7340046.846621 1.000000
7340207.410850 7340207.410850 1.000000
7339978.321701 7339978.321701 1.000000
7340359.666005 7340359.666005 1.000000
7340469.631176 7340469.631176 1.000000
7340901.952607 7340901.952607 1.000000
7341450.833140 7341450.833140 1.000000
7341785.383278 7341785.383278 1.000000
7342139.338837 7342139.338837 1.000000
7341457.886393 7341457.886393 1.000000
7341597.795306 7341597.795306 1.000000
7341093.545109 7341093.545109 1.000000
7340816.369330 7340816.369330 1.000000
7340662.377697 7340662.377697 1.000000
7340528.566293 7340528.566293 1.000000
7340792.095982 7340792.095982 1.000000
7340971.523597 7340971.523597 1.000000
7341161.138911 7341161.138911 1.000000
7340911.701457 7340911.701457 1.000000
7341212.137891 7341212.137891 1.000000
7340321.047377 7340321.047377 1.000000
7340499.835738 7340499.835738 1.000000
7340727.663313 7340727.663313 1.000000
7339820.458709 7339820.458709 1.000000
7340340.346533 7340340.346533 1.000000
7340652.396063 7340652.396063 1.000000
7339683.523916 7339683.523916 1.000000
7339889.155312 7339889.155312 1.000000
7340168.319016 7340168.319016 1.000000
7340430.344572 7340430.344572 1.000000
7340293.875870 7340293.875870 1.000000
7339313.038843 7339313.038843 1.000000
7339173.375069 7339173.375069 1.000000
7338349.355240 7338349.355240 1.000000
7337851.547955 7337851.547955 1.000000
7337133.215108 7337133.215108 1.000000
7336609.193977 7336609.193977 1.000000
7336206.232665 7336206.232665 1.000000
7335684.958019 7335684.958019 1.000000
7335443.622800 7335443.622800 1.000000
7334981.390337 7334981.390337 1.000000
7334697.835646 7334697.835646 1.000000
7334392.179680 7334392.179680 1.000000
7334223.111961 7334223.111961 1.000000
7333669.077572 7333669.077572 1.000000
7333451.233589 7333451.233589 1.000000
7333313.053911 7333313.053911 1.000000
7333870.110421 7333870.110421 1.000000
7333061.732159 7333061.732159 1.000000
7333275.359529 7333275.359529 1.000000
7333258.820970 7333258.820970 1.000000
7333165.486294 7333165.486294 1.000000
7332839.452438 7332839.452438 1.000000
7333731.070732 7333731.070732 1.000000
7333407.226925 7333407.226925 1.000000
7333571.063090 7333571.063090 1.000000
7333379.053181 7333379.053181 1.000000
7333489.293019 7333489.293019 1.000000
7333839.231473 7333839.231473 1.000000
7333324.420088 7333324.420088 1.000000
7332718.073549 7332718.073549 1.000000
7331839.264161 7331839.264161 1.000000
7332008.830440 7332008.830440 1.000000
7331836.248225 7331836.248225 1.000000
7331656.734999 7331656.734999 1.000000
7331455.419158 7331455.419158 1.000000
7331121.617127 7331121.617127 1.000000
7331370.933377 7331370.933377 1.000000
7331428.348416 7331428.348416 1.000000
7331314.113224 7331314.113224 1.000000
7331967.730518 7331967.730518 1.000000
7331098.025458 7331098.025458 1.000000
7331365.207223 7331365.207223 1.000000
7331791.281068 7331791.281068 1.000000
7330897.746398 7330897.746398 1.000000
7331152.929418 7331152.929418 1.000000
7331437.508163 7331437.508163 1.000000
7332190.830177 7332190.830177 1.000000
7332633.964980 7332633.964980 1.000000
7332859.026741 7332859.026741 1.000000
7333046.392243 7333046.392243 1.000000
7333433.358955 7333433.358955 1.000000
7333648.855208 7333648.855208 1.000000
7333765.428938 7333765.428938 1.000000
7333376.032831 7333376.032831 1.000000
7333568.732846 7333568.732846 1.000000
7333459.637752 7333459.637752 1.000000
7332478.801322 7332478.801322 1.000000
7332661.171666 7332661.171666 1.000000
7332691.123387 7332691.123387 1.000000
7333169.773784 7333169.773784 1.000000
7332989.991664 7332989.991664 1.000000
7332750.134174 7332750.134174 1.000000
7333200.103478 7333200.103478 1.000000
7332471.434149 7332471.434149 1.000000
7332586.934458 7332586.934458 1.000000
7332706.412818 7332706.412818 1.000000
7333044.678396 7333044.678396 1.000000
7333248.643138 7333248.643138 1.000000
7333576.800924 7333576.800924 1.000000
7333947.731905 7333947.731905 1.000000
7334133.151801 7334133.151801 1.000000
7334379.085049 7334379.085049 1.000000
7333568.554315 7333568.554315 1.000000
7333065.136169 7333065.136169 1.000000
7332785.841154 7332785.841154 1.000000
7332376.589341 7332376.589341 1.000000
7332002.947545 7332002.947545 1.000000
7331825.573757 7331825.573757 1.000000
7331662.859524 7331662.859524 1.000000
7330877.663521 7330877.663521 1.000000
7330645.299058 7330645.299058 1.000000
7331494.247190 7331494.247190 1.000000
7331178.576256 7331178.576256 1.000000
7330432.444536 7330432.444536 1.000000
7330338.753946 7330338.753946 1.000000
7330033.994152 7330033.994152 1.000000
7329870.952258 7329870.952258 1.000000
7329572.816899 7329572.816899 1.000000
7329388.284986 7329388.284986 1.000000
7330106.947619 7330106.947619 1.000000
7329113.772739 7329113.772739 1.000000
7329007.137036 7329007.137036 1.000000
7329176.614525 7329176.614525 1.000000
7328929.866741 7328929.866741 1.000000
7329082.642429 7329082.642429 1.000000
7329242.432625 7329242.432625 1.000000
7329423.977586 7329423.977586 1.000000
7329924.736481 7329924.736481 1.000000
7329799.111785 7329799.111785 1.000000
7329904.600585 7329904.600585 1.000000
7328936.027779 7328936.027779 1.000000
7329512.346309 7329512.346309 1.000000
7329378.812804 7329378.812804 1.000000
7329669.990670 7329669.990670 1.000000
7329502.978916 7329502.978916 1.000000
7329059.218763 7329059.218763 1.000000
7329632.529384 7329632.529384 1.000000
7329969.248974 7329969.248974 1.000000
7329541.415449 7329541.415449 1.000000
7329649.167608 7329649.167608 1.000000
7330017.550798 7330017.550798 1.000000
7330509.896889 7330509.896889 1.000000
7331349.956203 7331349.956203 1.000000
7331357.702462 7331357.702462 1.000000
7331973.214533 7331973.214533 1.000000
7332672.979496 7332672.979496 1.000000
7333320.710137 7333320.710137 1.000000
7334053.002822 7334053.002822 1.000000
7334673.410681 7334673.410681 1.000000
7335246.517222 7335246.517222 1.000000
7335935.792954 7335935.792954 1.000000
7336498.195175 7336498.195175 1.000000
7337152.308494 7337152.308494 1.000000
7337611.714862 7337611.714862 1.000000
7338065.826626 7338065.826626 1.000000
7338544.323675 7338544.323675 1.000000
7339212.738057 7339212.738057 1.000000
7339568.126183 7339568.126183 1.000000
7340554.429253 7340554.429253 1.000000
7340924.737948 7340924.737948 1.000000
7341491.934317 7341491.934317 1.000000
7342079.560591 7342079.560591 1.000000
7342352.257704 7342352.257704 1.000000
7343055.652672 7343055.652672 1.000000
7342488.689980 7342488.689980 1.000000
7342600.258563 7342600.258563 1.000000
7342006.821860 7342006.821860 1.000000
7341890.953479 7341890.953479 1.000000
7341411.065442 7341411.065442 1.000000
7340778.967366 7340778.967366 1.000000
7340124.200791 7340124.200791 1.000000
7339453.987089 7339453.987089 1.000000
7339333.561492 7339333.561492 1.000000
7339231.679471 7339231.679471 1.000000
7339113.698002 7339113.698002 1.000000
7339007.711227 7339007.711227 1.000000
7338496.163186 7338496.163186 1.000000
7338275.435262 7338275.435262 1.000000
7338380.246774 7338380.246774 1.000000
7338538.940170 7338538.940170 1.000000
7338683.740009 7338683.740009 1.000000
7338878.146977 7338878.146977 1.000000
7338734.151742 7338734.151742 1.000000
7338255.340382 7338255.340382 1.000000
7337529.788902 7337529.788902 1.000000
7337080.643650 7337080.643650 1.000000
7336686.765177 7336686.765177 1.000000
7336161.618177 7336161.618177 1.000000
7336366.031660 7336366.031660 1.000000
7335596.264181 7335596.264181 1.000000
7335075.803104 7335075.803104 1.000000
7334540.304318 7334540.304318 1.000000
7334348.832975 7334348.832975 1.000000
7334093.655611 7334093.655611 1.000000
7333859.527472 7333859.527472 1.000000
7333815.309259 7333815.309259 1.000000
7333023.063692 7333023.063692 1.000000
7332822.726362 7332822.726362 1.000000
7332581.122966 7332581.122966 1.000000
7332310.741984 7332310.741984 1.000000
7333238.434696 7333238.434696 1.000000
7332882.589667 7332882.589667 1.000000
7332722.136104 7332722.136104 1.000000
7332098.793621 7332098.793621 1.000000
7332393.483580 7332393.483580 1.000000
7332530.130558 7332530.130558 1.000000
7331785.894943 7331785.894943 1.000000
7332134.163707 7332134.163707 1.000000
7332170.790706 7332170.790706 1.000000
7332410.053485 7332410.053485 1.000000
7332623.331150 7332623.331150 1.000000
7332387.585543 7332387.585543 1.000000
7332813.053421 7332813.053421 1.000000
7332470.322084 7332470.322084 1.000000
7332999.597367 7332999.597367 1.000000
7332586.135288 7332586.135288 1.000000
7332723.062360 7332723.062360 1.000000
7333415.107366 7333415.107366 1.000000
7334128.972240 7334128.972240 1.000000
7334249.275164 7334249.275164 1.000000
7333842.724578 7333842.724578 1.000000
7333964.179659 7333964.179659 1.000000
7334176.809788 7334176.809788 1.000000
7333632.588935 7333632.588935 1.000000
7333189.057140 7333189.057140 1.000000
7333774.571536 7333774.571536 1.000000
7334425.932890 7334425.932890 1.000000
7334556.011231 7334556.011231 1.000000
7335477.278121 7335477.278121 1.000000
7335580.519283 7335580.519283 1.000000
7336349.721704 7336349.721704 1.000000
7336490.522189 7336490.522189 1.000000
7336601.663843 7336601.663843 1.000000
7336710.016313 7336710.016313 1.000000
7337701.282043 7337701.282043 1.000000
7337822.316007 7337822.316007 1.000000
7337926.058967 7337926.058967 1.000000
7338041.095071 7338041.095071 1.000000
7338176.179525 7338176.179525 1.000000
7339058.719699 7339058.719699 1.000000
7339772.824457 7339772.824457 1.000000
7340725.626222 7340725.626222 1.000000
7341415.030835 7341415.030835 1.000000
7342034.965249 7342034.965249 1.000000
7342791.279837 7342791.279837 1.000000
7343626.818553 7343626.818553 1.000000
7344623.117821 7344623.117821 1.000000
7345279.345404 7345279.345404 1.000000
7345701.741159 7345701.741159 1.000000
7346498.373284 7346498.373284 1.000000
7346827.665449 7346827.665449 1.000000
7347306.705055 7347306.705055 1.000000
7347697.579702 7347697.579702 1.000000
7348510.583045 7348510.583045 1.000000
7349056.381633 7349056.381633 1.000000
7349267.970140 7349267.970140 1.000000
7349395.511576 7349395.511576 1.000000
7349701.316610 7349701.316610 1.000000
7350035.315750 7350035.315750 1.000000
7349899.708788 7349899.708788 1.000000
7350100.409966 7350100.409966 1.000000
7349877.003316 7349877.003316 1.000000
7349652.672946 7349652.672946 1.000000
7348908.643231 7348908.643231 1.000000
7348742.289172 7348742.289172 1.000000
7348329.137941 7348329.137941 1.000000
7348027.964752 7348027.964752 1.000000
7347688.637664 7347688.637664 1.000000
7347236.620473 7347236.620473 1.000000
7346712.167795 7346712.167795 1.000000
7346562.204925 7346562.204925 1.000000
7347378.724198 7347378.724198 1.000000
7346811.764569 7346811.764569 1.000000
7346363.836313 7346363.836313 1.000000
7346118.381398 7346118.381398 1.000000
7345697.689873 7345697.689873 1.000000
7344729.276904 7344729.276904 1.000000
7344257.120561 7344257.120561 1.000000
7343676.273781 7343676.273781 1.000000
7342865.337744 7342865.337744 1.000000
7342402.221841 7342402.221841 1.000000
7341464.977924 7341464.977924 1.000000
7340776.714523 7340776.714523 1.000000
7339919.953551 7339919.953551 1.000000
7339199.780466 7339199.780466 1.000000
7338463.582793 7338463.582793 1.000000
7337689.927017 7337689.927017 1.000000
7336721.874377 7336721.874377 1.000000
7336305.230708 7336305.230708 1.000000
7335881.333378 7335881.333378 1.000000
7335709.073901 7335709.073901 1.000000
7335569.355595 7335569.355595 1.000000
7335035.750838 7335035.750838 1.000000
7334045.826549 7334045.826549 1.000000
7333929.478169 7333929.478169 1.000000
7332971.779327 7332971.779327 1.000000
7333515.579401 7333515.579401 1.000000
7334316.183028 7334316.183028 1.000000
7334697.798026 7334697.798026 1.000000
7334544.688521 7334544.688521 1.000000
7334681.060194 7334681.060194 1.000000
7335184.103678 7335184.103678 1.000000
7335679.846673 7335679.846673 1.000000
7336158.599044 7336158.599044 1.000000
7336958.062022 7336958.062022 1.000000
7337546.782462 7337546.782462 1.000000
7338045.827999 7338045.827999 1.000000
7338828.545280 7338828.545280 1.000000
7339243.883100 7339243.883100 1.000000
7339750.754855 7339750.754855 1.000000
7340368.230189 7340368.230189 1.000000
7340768.711185 7340768.711185 1.000000
7341016.948286 7341016.948286 1.000000
7341327.870690 7341327.870690 1.000000
7341593.444817 7341593.444817 1.000000
7341725.571059 7341725.571059 1.000000
7341984.757696 7341984.757696 1.000000
7342296.883684 7342296.883684 1.000000
7342514.735749 7342514.735749 1.000000
7342959.675016 7342959.675016 1.000000
7343365.432848 7343365.432848 1.000000
7343763.171826 7343763.171826 1.000000
7344206.499599 7344206.499599 1.000000
7344391.519509 7344391.519509 1.000000
7344828.487999 7344828.487999 1.000000
7345206.000522 7345206.000522 1.000000
7345270.801922 7345270.801922 1.000000
7344334.030543 7344334.030543 1.000000
7344363.457588 7344363.457588 1.000000
7344543.032537 7344543.032537 1.000000
7344721.426669 7344721.426669 1.000000
7344480.605523 7344480.605523 1.000000
7344660.030722 7344660.030722 1.000000
7344966.474339 7344966.474339 1.000000
7345587.389043 7345587.389043 1.000000
7345740.444891 7345740.444891 1.000000
7345843.344769 7345843.344769 1.000000
7346097.028889 7346097.028889 1.000000
7346319.903694 7346319.903694 1.000000
7346523.065728 7346523.065728 1.000000
7347223.800465 7347223.800465 1.000000
7347491.058118 7347491.058118 1.000000
7347306.384502 7347306.384502 1.000000
7346867.315799 7346867.315799 1.000000
7346114.436484 7346114.436484 1.000000
7345979.554960 7345979.554960 1.000000
7345722.899959 7345722.899959 1.000000
7345462.621818 7345462.621818 1.000000
7345628.542057 7345628.542057 1.000000
7345587.756014 7345587.756014 1.000000
7345449.599977 7345449.599977 1.000000
7345588.230721 7345588.230721 1.000000
7345766.622101 7345766.622101 1.000000
7346686.353885 7346686.353885 1.000000
7346166.422981 7346166.422981 1.000000
7346621.887367 7346621.887367 1.000000
7346455.740764 7346455.740764 1.000000
7346645.241451 7346645.241451 1.000000
7347170.815052 7347170.815052 1.000000
7347275.223532 7347275.223532 1.000000
7346990.181098 7346990.181098 1.000000
7347383.967501 7347383.967501 1.000000
7347344.613308 7347344.613308 1.000000
7347666.270870 7347666.270870 1.000000
7348327.712728 7348327.712728 1.000000
7347436.633357 7347436.633357 1.000000
7347566.790882 7347566.790882 1.000000
7348060.985384 7348060.985384 1.000000
7347392.527727 7347392.527727 1.000000
7346462.476007 7346462.476007 1.000000
7346538.008147 7346538.008147 1.000000
7346926.682289 7346926.682289 1.000000
7346641.235284 7346641.235284 1.000000
7347071.323701 7347071.323701 1.000000
7346956.460877 7346956.460877 1.000000
7347646.308293 7347646.308293 1.000000
7347776.765326 7347776.765326 1.000000
7347652.436318 7347652.436318 1.000000
7346858.974399 7346858.974399 1.000000
7346990.856802 7346990.856802 1.000000
7347828.328966 7347828.328966 1.000000
7347588.564953 7347588.564953 1.000000
7347688.586144 7347688.586144 1.000000
7347539.279961 7347539.279961 1.000000
7347422.633174 7347422.633174 1.000000
7347292.944829 7347292.944829 1.000000
7347103.202979 7347103.202979 1.000000
7348076.760613 7348076.760613 1.000000
7347791.087117 7347791.087117 1.000000
7346821.157621 7346821.157621 1.000000
7346692.407249 7346692.407249 1.000000
7346165.368132 7346165.368132 1.000000
7346916.749984 7346916.749984 1.000000
7346398.677024 7346398.677024 1.000000
7347089.134699 7347089.134699 1.000000
7347244.807700 7347244.807700 1.000000
7347130.146783 7347130.146783 1.000000
7347006.454173 7347006.454173 1.000000
7346197.730408 7346197.730408 1.000000
7346210.357156 7346210.357156 1.000000
7346891.596022 7346891.596022 1.000000
7346568.190747 7346568.190747 1.000000
7346619.424820 7346619.424820 1.000000
7346502.355332 7346502.355332 1.000000
7346132.309500 7346132.309500 1.000000
7345475.385033 7345475.385033 1.000000
7345127.679600 7345127.679600 1.000000
7345348.187512 7345348.187512 1.000000
7345527.495073 7345527.495073 1.000000
7345699.301526 7345699.301526 1.000000
7345598.632855 7345598.632855 1.000000
7345311.382839 7345311.382839 1.000000
7344813.945031 7344813.945031 1.000000
7344486.775897 7344486.775897 1.000000
7344228.062263 7344228.062263 1.000000
7344101.150658 7344101.150658 1.000000
7343987.454084 7343987.454084 1.000000
7343651.917372 7343651.917372 1.000000
7343994.931671 7343994.931671 1.000000
7344047.589493 7344047.589493 1.000000
7344198.935507 7344198.935507 1.000000
7343801.034545 7343801.034545 1.000000
7343510.975738 7343510.975738 1.000000
7343238.881741 7343238.881741 1.000000
7343003.018187 7343003.018187 1.000000
7343110.210441 7343110.210441 1.000000
7342945.368947 7342945.368947 1.000000
7342303.980943 7342303.980943 1.000000
7343240.071179 7343240.071179 1.000000
7343008.540110 7343008.540110 1.000000
7342723.112222 7342723.112222 1.000000
7342540.613474 7342540.613474 1.000000
7341543.680257 7341543.680257 1.000000
7341672.715089 7341672.715089 1.000000
7341499.042847 7341499.042847 1.000000
7341615.191577 7341615.191577 1.000000
7341839.863918 7341839.863918 1.000000
7341963.502185 7341963.502185 1.000000
7341689.092393 7341689.092393 1.000000
7341568.354033 7341568.354033 1.000000
7341236.752165 7341236.752165 1.000000
7340632.984860 7340632.984860 1.000000
7340963.167933 7340963.167933 1.000000
7341197.100649 7341197.100649 1.000000
7341699.858390 7341699.858390 1.000000
7342058.289279 7342058.289279 1.000000
7342274.740585 7342274.740585 1.000000
7342720.918484 7342720.918484 1.000000
7341856.821726 7341856.821726 1.000000
7342491.714619 7342491.714619 1.000000
7342859.788287 7342859.788287 1.000000
7343679.603347 7343679.603347 1.000000
7343831.881704 7343831.881704 1.000000
7343540.164191 7343540.164191 1.000000
7343678.018791 7343678.018791 1.000000
7343247.533376 7343247.533376 1.000000
7343128.204610 7343128.204610 1.000000
7343355.371277 7343355.371277 1.000000
7343245.909640 7343245.909640 1.000000
7342454.429026 7342454.429026 1.000000
7342241.152585 7342241.152585 1.000000
7342574.109221 7342574.109221 1.000000
7342806.995990 7342806.995990 1.000000
7342968.484082 7342968.484082 1.000000
7342834.681221 7342834.681221 1.000000
7343262.406086 7343262.406086 1.000000
7343409.591020 7343409.591020 1.000000
7343563.552834 7343563.552834 1.000000
7342988.204717 7342988.204717 1.000000
7343157.962017 7343157.962017 1.000000
7342871.551155 7342871.551155 1.000000
7343161.649078 7343161.649078 1.000000
7343262.057853 7343262.057853 1.000000
7342977.756327 7342977.756327 1.000000
7343345.654207 7343345.654207 1.000000
7343532.218960 7343532.218960 1.000000
7342608.868737 7342608.868737 1.000000
7342988.992601 7342988.992601 1.000000
7342770.636259 7342770.636259 1.000000
7343365.601255 7343365.601255 1.000000
7343669.585484 7343669.585484 1.000000
7343016.822856 7343016.822856 1.000000
7342911.532824 7342911.532824 1.000000
7343067.239434 7343067.239434 1.000000
7342838.713998 7342838.713998 1.000000
7343030.787042 7343030.787042 1.000000
7343834.163936 7343834.163936 1.000000
7344145.535007 7344145.535007 1.000000
7344356.605520 7344356.605520 1.000000
7344291.058942 7344291.058942 1.000000
7345229.477154 7345229.477154 1.000000
7345120.885598 7345120.885598 1.000000
7345909.285409 7345909.285409 1.000000
7345635.689583 7345635.689583 1.000000
7345395.076078 7345395.076078 1.000000
7345150.823101 7345150.823101 1.000000
7345048.545592 7345048.545592 1.000000
7344932.749799 7344932.749799 1.000000
7344809.942426 7344809.942426 1.000000
7344830.252933 7344830.252933 1.000000
7345034.971299 7345034.971299 1.000000
7345410.531327 7345410.531327 1.000000
7345301.045841 7345301.045841 1.000000
7345758.955893 7345758.955893 1.000000
7345418.443454 7345418.443454 1.000000
7345538.103907 7345538.103907 1.000000
7345340.306459 7345340.306459 1.000000
7345967.064555 7345967.064555 1.000000
7345724.101752 7345724.101752 1.000000
7345525.910179 7345525.910179 1.000000
7345108.736465 7345108.736465 1.000000
7345485.739786 7345485.739786 1.000000
7345238.697503 7345238.697503 1.000000
7345819.823118 7345819.823118 1.000000
7345620.796269 7345620.796269 1.000000
7345321.884772 7345321.884772 1.000000
7344955.703631 7344955.703631 1.000000
7344065.682654 7344065.682654 1.000000
7343291.950956 7343291.950956 1.000000
7342679.615570 7342679.615570 1.000000
7342093.454468 7342093.454468 1.000000
7341730.930504 7341730.930504 1.000000
7340946.832093 7340946.832093 1.000000
7340463.137289 7340463.137289 1.000000
7339734.186484 7339734.186484 1.000000
7338933.220485 7338933.220485 1.000000
7338519.027790 7338519.027790 1.000000
7338078.095592 7338078.095592 1.000000
7337771.082967 7337771.082967 1.000000
7337248.077900 7337248.077900 1.000000
7338136.100346 7338136.100346 1.000000
7338519.975609 7338519.975609 1.000000
7339114.707300 7339114.707300 1.000000
7339780.366997 7339780.366997 1.000000
7340486.796498 7340486.796498 1.000000
7341071.674097 7341071.674097 1.000000
7341736.377334 7341736.377334 1.000000
7342397.198202 7342397.198202 1.000000
7342999.286773 7342999.286773 1.000000
7343793.832328 7343793.832328 1.000000
7344640.114482 7344640.114482 1.000000
7345398.488958 7345398.488958 1.000000
7345880.690134 7345880.690134 1.000000
7346329.391844 7346329.391844 1.000000
7346548.403617 7346548.403617 1.000000
7346898.316471 7346898.316471 1.000000
7347115.937814 7347115.937814 1.000000
7347425.783367 7347425.783367 1.000000
7347488.095749 7347488.095749 1.000000
7347154.255355 7347154.255355 1.000000
7348035.124621 7348035.124621 1.000000
7347463.789722 7347463.789722 1.000000
7346465.650337 7346465.650337 1.000000
7346622.198582 7346622.198582 1.000000
7346207.436938 7346207.436938 1.000000
7346511.218888 7346511.218888 1.000000
7346915.185648 7346915.185648 1.000000
7347132.846212 7347132.846212 1.000000
7347347.754318 7347347.754318 1.000000
7347695.212775 7347695.212775 1.000000
7348026.018541 7348026.018541 1.000000
7347523.092650 7347523.092650 1.000000
7347762.595770 7347762.595770 1.000000
7348045.732204 7348045.732204 1.000000
7348215.956219 7348215.956219 1.000000
7348926.129173 7348926.129173 1.000000
7349324.055948 7349324.055948 1.000000
7349584.520959 7349584.520959 1.000000
7349945.525222 7349945.525222 1.000000
7350085.059390 7350085.059390 1.000000
7350490.963506 7350490.963506 1.000000
7350789.940790 7350789.940790 1.000000
7351206.722777 7351206.722777 1.000000
7351312.752560 7351312.752560 1.000000
7351696.736935 7351696.736935 1.000000
7352317.146178 7352317.146178 1.000000
7352711.632705 7352711.632705 1.000000
7352513.882914 7352513.882914 1.000000
7352911.294782 7352911.294782 1.000000
7353370.384333 7353370.384333 1.000000
7353648.256934 7353648.256934 1.000000
7354101.435820 7354101.435820 1.000000
7354361.957773 7354361.957773 1.000000
7353840.032242 7353840.032242 1.000000
7353507.918406 7353507.918406 1.000000
7352897.202166 7352897.202166 1.000000
7352219.809574 7352219.809574 1.000000
7351522.858819 7351522.858819 1.000000
7350783.993311 7350783.993311 1.000000
7350284.408022 7350284.408022 1.000000
7349716.612923 7349716.612923 1.000000
7349444.558791 7349444.558791 1.000000
7348873.686810 7348873.686810 1.000000
7348263.556883 7348263.556883 1.000000
7348130.623467 7348130.623467 1.000000
7347944.374840 7347944.374840 1.000000
7347832.542782 7347832.542782 1.000000
7348237.492720 7348237.492720 1.000000
7348651.730383 7348651.730383 1.000000
7348537.247046 7348537.247046 1.000000
7348210.610857 7348210.610857 1.000000
7347844.095203 7347844.095203 1.000000
7347469.134514 7347469.134514 1.000000
7347294.138002 7347294.138002 1.000000
7347620.823863 7347620.823863 1.000000
7348218.240397 7348218.240397 1.000000
7348663.904056 7348663.904056 1.000000
7348910.358830 7348910.358830 1.000000
7348400.554621 7348400.554621 1.000000
7348272.313661 7348272.313661 1.000000
7347686.739508 7347686.739508 1.000000
7347407.325530 7347407.325530 1.000000
7347218.118026 7347218.118026 1.000000
7347099.280817 7347099.280817 1.000000
7346657.122215 7346657.122215 1.000000
7346257.967590 7346257.967590 1.000000
7346059.760006 7346059.760006 1.000000
7345654.671486 7345654.671486 1.000000
7345507.918186 7345507.918186 1.000000
7345432.772627 7345432.772627 1.000000
7345626.458031 7345626.458031 1.000000
7345698.438657 7345698.438657 1.000000
7345829.507469 7345829.507469 1.000000
7345930.690005 7345930.690005 1.000000
7346097.443240 7346097.443240 1.000000
7347008.200963 7347008.200963 1.000000
7346571.460488 7346571.460488 1.000000
7346353.444552 7346353.444552 1.000000
7346170.074238 7346170.074238 1.000000
7346739.111657 7346739.111657 1.000000
7346505.830967 7346505.830967 1.000000
7346310.403513 7346310.403513 1.000000
7346186.124150 7346186.124150 1.000000
7345915.824089 7345915.824089 1.000000
7346588.002549 7346588.002549 1.000000
7345721.095462 7345721.095462 1.000000
7345867.240673 7345867.240673 1.000000
7346274.126852 7346274.126852 1.000000
7346440.138997 7346440.138997 1.000000
7346282.255156 7346282.255156 1.000000
7346045.921137 7346045.921137 1.000000
7346832.735470 7346832.735470 1.000000
7346469.233942 7346469.233942 1.000000
7346785.500095 7346785.500095 1.000000
7346596.465431 7346596.465431 1.000000
7346306.353270 7346306.353270 1.000000
7346024.287729 7346024.287729 1.000000
7345171.375998 7345171.375998 1.000000
7345300.834375 7345300.834375 1.000000
7345055.239498 7345055.239498 1.000000
7345221.884672 7345221.884672 1.000000
7345019.680958 7345019.680958 1.000000
7345154.191222 7345154.191222 1.000000
7345329.955168 7345329.955168 1.000000
7345177.449934 7345177.449934 1.000000
7344210.882928 7344210.882928 1.000000
7345113.582990 7345113.582990 1.000000
7344272.794153 7344272.794153 1.000000
7344400.712657 7344400.712657 1.000000
7344221.537078 7344221.537078 1.000000
7344402.043744 7344402.043744 1.000000
7344620.314363 7344620.314363 1.000000
7345091.604634 7345091.604634 1.000000
7344773.342560 7344773.342560 1.000000
7345609.098539 7345609.098539 1.000000
7345467.878771 7345467.878771 1.000000
7345348.007079 7345348.007079 1.000000
7345460.493965 7345460.493965 1.000000
7345236.656842 7345236.656842 1.000000
7344692.091051 7344692.091051 1.000000
7344551.111489 7344551.111489 1.000000
7344613.490668 7344613.490668 1.000000
7344406.094807 7344406.094807 1.000000
7344632.554460 7344632.554460 1.000000
7344473.615292 7344473.615292 1.000000
7344164.157858 7344164.157858 1.000000
7343434.082938 7343434.082938 1.000000
7343148.278668 7343148.278668 1.000000
7343480.372516 7343480.372516 1.000000
7343584.789285 7343584.789285 1.000000
7343796.670646 7343796.670646 1.000000
7343912.396062 7343912.396062 1.000000
7343759.956103 7343759.956103 1.000000
7343541.713798 7343541.713798 1.000000
7342899.064115 7342899.064115 1.000000
7342746.364616 7342746.364616 1.000000
7342934.811109 7342934.811109 1.000000
7343122.999354 7343122.999354 1.000000
7342123.624512 7342123.624512 1.000000
7342475.469718 7342475.469718 1.000000
7342386.142648 7342386.142648 1.000000
7342687.106685 7342687.106685 1.000000
7342874.081948 7342874.081948 1.000000
7342687.486344 7342687.486344 1.000000
7342406.067077 7342406.067077 1.000000
7341624.374481 7341624.374481 1.000000
7341947.624857 7341947.624857 1.000000
7341414.707714 7341414.707714 1.000000
7342353.079302 7342353.079302 1.000000
7342551.390507 7342551.390507 1.000000
7343016.635819 7343016.635819 1.000000
7343469.033916 7343469.033916 1.000000
7342475.314886 7342475.314886 1.000000
7341955.600918 7341955.600918 1.000000
7342512.173832 7342512.173832 1.000000
7342162.033605 7342162.033605 1.000000
7342367.530902 7342367.530902 1.000000
7342251.380299 7342251.380299 1.000000
7341320.800247 7341320.800247 1.000000
7340996.264753 7340996.264753 1.000000
7341147.162563 7341147.162563 1.000000
7340650.935260 7340650.935260 1.000000
7341557.393462 7341557.393462 1.000000
7340970.917583 7340970.917583 1.000000
7341328.693098 7341328.693098 1.000000
7340948.263871 7340948.263871 1.000000
7340059.382545 7340059.382545 1.000000
7339849.590448 7339849.590448 1.000000
7339927.504138 7339927.504138 1.000000
7340650.001795 7340650.001795 1.000000
7340931.055256 7340931.055256 1.000000
7340683.574978 7340683.574978 1.000000
7340339.045859 7340339.045859 1.000000
7340593.867117 7340593.867117 1.000000
7340869.002140 7340869.002140 1.000000
7340999.581255 7340999.581255 1.000000
7341985.698125 7341985.698125 1.000000
7341788.770136 7341788.770136 1.000000
7341556.245890 7341556.245890 1.000000
7341387.782887 7341387.782887 1.000000
7341635.536041 7341635.536041 1.000000
7342243.359575 7342243.359575 1.000000
7342660.641706 7342660.641706 1.000000
7343647.401017 7343647.401017 1.000000
7343454.291451 7343454.291451 1.000000
7344102.784353 7344102.784353 1.000000
7343754.749900 7343754.749900 1.000000
7343392.505501 7343392.505501 1.000000
7343184.512103 7343184.512103 1.000000
7342825.683246 7342825.683246 1.000000
7341977.737506 7341977.737506 1.000000
7341819.901007 7341819.901007 1.000000
7341925.679339 7341925.679339 1.000000
7342065.673654 7342065.673654 1.000000
7342335.289453 7342335.289453 1.000000
7342197.980884 7342197.980884 1.000000
7342560.446554 7342560.446554 1.000000
7342699.365070 7342699.365070 1.000000
7342869.570929 7342869.570929 1.000000
7343261.162536 7343261.162536 1.000000
7343387.296613 7343387.296613 1.000000
7343203.143627 7343203.143627 1.000000
7343375.109604 7343375.109604 1.000000
7342562.630085 7342562.630085 1.000000
7342829.503669 7342829.503669 1.000000
7342709.096356 7342709.096356 1.000000
7342616.688241 7342616.688241 1.000000
7342365.391906 7342365.391906 1.000000
7342024.854638 7342024.854638 1.000000
7342558.628517 7342558.628517 1.000000
7342350.461824 7342350.461824 1.000000
7341991.634741 7341991.634741 1.000000
7341565.696341 7341565.696341 1.000000
7342177.472847 7342177.472847 1.000000
7342536.655469 7342536.655469 1.000000
7342990.296111 7342990.296111 1.000000
7343441.331309 7343441.331309 1.000000
7343918.687037 7343918.687037 1.000000
7343444.793178 7343444.793178 1.000000
7343321.870200 7343321.870200 1.000000
7343559.564506 7343559.564506 1.000000
7343381.422495 7343381.422495 1.000000
7343419.660596 7343419.660596 1.000000
7343700.888237 7343700.888237 1.000000
7343405.991796 7343405.991796 1.000000
7342626.140893 7342626.140893 1.000000
7343156.740218 7343156.740218 1.000000
7343049.127027 7343049.127027 1.000000
7342413.554076 7342413.554076 1.000000
7342861.695789 7342861.695789 1.000000
7342989.616619 7342989.616619 1.000000
7343115.145357 7343115.145357 1.000000
7343233.279516 7343233.279516 1.000000
7342959.340618 7342959.340618 1.000000
7343711.378954 7343711.378954 1.000000
7343938.487244 7343938.487244 1.000000
7343827.985760 7343827.985760 1.000000
7343797.411772 7343797.411772 1.000000
7343674.416752 7343674.416752 1.000000
7343524.249919 7343524.249919 1.000000
7343353.692363 7343353.692363 1.000000
7343163.033945 7343163.033945 1.000000
7343053.443501 7343053.443501 1.000000
7343304.776709 7343304.776709 1.000000
7343813.049427 7343813.049427 1.000000
7343392.600111 7343392.600111 1.000000
7343597.637371 7343597.637371 1.000000
7343661.619131 7343661.619131 1.000000
7343533.270075 7343533.270075 1.000000
7343644.746247 7343644.746247 1.000000
7343769.933654 7343769.933654 1.000000
7343890.498058 7343890.498058 1.000000
7343119.291238 7343119.291238 1.000000
7343791.345262 7343791.345262 1.000000
7344484.477488 7344484.477488 1.000000
7344336.238446 7344336.238446 1.000000
7343886.030032 7343886.030032 1.000000
7343237.897075 7343237.897075 1.000000
7343371.445267 7343371.445267 1.000000
7343723.193964 7343723.193964 1.000000
7344256.868654 7344256.868654 1.000000
7343387.555121 7343387.555121 1.000000
7343635.664434 7343635.664434 1.000000
7342797.783582 7342797.783582 1.000000
7342231.877428 7342231.877428 1.000000
7342431.131297 7342431.131297 1.000000
7342540.543990 7342540.543990 1.000000
7342800.886633 7342800.886633 1.000000
7342476.833879 7342476.833879 1.000000
7342659.133088 7342659.133088 1.000000
7342888.512383 7342888.512383 1.000000
7343365.261998 7343365.261998 1.000000
7344174.928568 7344174.928568 1.000000
7343832.956077 7343832.956077 1.000000
7343023.120155 7343023.120155 1.000000
7343661.518795 7343661.518795 1.000000
7343125.031537 7343125.031537 1.000000
7342418.329761 7342418.329761 1.000000
7342166.877393 7342166.877393 1.000000
7341909.305305 7341909.305305 1.000000
7341683.896325 7341683.896325 1.000000
7341472.119329 7341472.119329 1.000000
7341238.795023 7341238.795023 1.000000
7341052.864199 7341052.864199 1.000000
7340853.553103 7340853.553103 1.000000
7340670.715527 7340670.715527 1.000000
7340497.673066 7340497.673066 1.000000
7340315.866828 7340315.866828 1.000000
7340136.514655 7340136.514655 1.000000
7339955.444240 7339955.444240 1.000000
7339817.807831 7339817.807831 1.000000
7339667.725332 7339667.725332 1.000000
7339527.967767 7339527.967767 1.000000
7339380.401431 7339380.401431 1.000000
7339244.325402 7339244.325402 1.000000
7339102.618451 7339102.618451 1.000000
7338977.957050 7338977.957050 1.000000
7338853.833915 7338853.833915 1.000000
7338732.178158 7338732.178158 1.000000
7338623.907731 7338623.907731 1.000000
7338484.893045 7338484.893045 1.000000
7338368.766101 7338368.766101 1.000000
7338238.202844 7338238.202844 1.000000
7338134.824446 7338134.824446 1.000000
7337986.142554 7337986.142554 1.000000
7337871.042664 7337871.042664 1.000000
7337758.922684 7337758.922684 1.000000
7337651.144671 7337651.144671 1.000000
7337546.059778 7337546.059778 1.000000
7336883.751248 7336883.751248 1.000000
7336778.029112 7336778.029112 1.000000
7336660.981278 7336660.981278 1.000000
7335875.865290 7335875.865290 1.000000
7335773.921298 7335773.921298 1.000000
7334786.066748 7334786.066748 1.000000
7334678.862635 7334678.862635 1.000000
7334162.832003 7334162.832003 1.000000
7333565.173768 7333565.173768 1.000000
7332856.611154 7332856.611154 1.000000
7332738.901018 7332738.901018 1.000000
7332440.427778 7332440.427778 1.000000
7331911.063031 7331911.063031 1.000000
7331308.179621 7331308.179621 1.000000
7331679.451162 7331679.451162 1.000000
7331085.906030 7331085.906030 1.000000
7331661.328054 7331661.328054 1.000000
7331467.184496 7331467.184496 1.000000
7331761.403202 7331761.403202 1.000000
7331647.324890 7331647.324890 1.000000
7330966.414730 7330966.414730 1.000000
7331728.153728 7331728.153728 1.000000
7332092.715066 7332092.715066 1.000000
7331501.691364 7331501.691364 1.000000
7331349.383070 7331349.383070 1.000000
7331643.897581 7331643.897581 1.000000
7332233.509602 7332233.509602 1.000000
7332617.021091 7332617.021091 1.000000
7332871.743018 7332871.743018 1.000000
7333059.921897 7333059.921897 1.000000
7332690.044684 7332690.044684 1.000000
7332504.208240 7332504.208240 1.000000
7332747.950196 7332747.950196 1.000000
7332879.911178 7332879.911178 1.000000
7333026.083491 7333026.083491 1.000000
7333233.185111 7333233.185111 1.000000
7333073.221130 7333073.221130 1.000000
7333552.083260 7333552.083260 1.000000
7333211.016246 7333211.016246 1.000000
7333332.375122 7333332.375122 1.000000
7332419.051452 7332419.051452 1.000000
7332681.009365 7332681.009365 1.000000
7332827.287394 7332827.287394 1.000000
7332989.750161 7332989.750161 1.000000
7333314.962936 7333314.962936 1.000000
7333538.475205 7333538.475205 1.000000
7333763.295138 7333763.295138 1.000000
7334058.356687 7334058.356687 1.000000
7334749.903436 7334749.903436 1.000000
7335042.322746 7335042.322746 1.000000
7335412.554387 7335412.554387 1.000000
7335813.532268 7335813.532268 1.000000
7336277.017905 7336277.017905 1.000000
7336741.606212 7336741.606212 1.000000
7337373.249529 7337373.249529 1.000000
7337827.939650 7337827.939650 1.000000
7338298.574358 7338298.574358 1.000000
7338548.786301 7338548.786301 1.000000
7338858.296150 7338858.296150 1.000000
7339134.427429 7339134.427429 1.000000
7339352.994179 7339352.994179 1.000000
7339667.581084 7339667.581084 1.000000
7340024.939839 7340024.939839 1.000000
7339828.646381 7339828.646381 1.000000
7339488.980768 7339488.980768 1.000000
7338744.356134 7338744.356134 1.000000
7338116.045080 7338116.045080 1.000000
7337559.084674 7337559.084674 1.000000
7337090.391776 7337090.391776 1.000000
7336714.374913 7336714.374913 1.000000
7336013.127262 7336013.127262 1.000000
7335756.675413 7335756.675413 1.000000
7335647.820171 7335647.820171 1.000000
7335806.338394 7335806.338394 1.000000
7336028.222963 7336028.222963 1.000000
7336092.101952 7336092.101952 1.000000
7336512.339764 7336512.339764 1.000000
7336833.084964 7336833.084964 1.000000
7337093.202815 7337093.202815 1.000000
7337265.212124 7337265.212124 1.000000
7336760.895902 7336760.895902 1.000000
7336603.817083 7336603.817083 1.000000
7336459.109496 7336459.109496 1.000000
7336191.342353 7336191.342353 1.000000
7335956.565719 7335956.565719 1.000000
7335776.475019 7335776.475019 1.000000
7335491.308816 7335491.308816 1.000000
7334634.118530 7334634.118530 1.000000
7334894.064418 7334894.064418 1.000000
7335752.797449 7335752.797449 1.000000
7335892.892909 7335892.892909 1.000000
7335788.716835 7335788.716835 1.000000
7335972.012301 7335972.012301 1.000000
7335745.080560 7335745.080560 1.000000
7334969.566359 7334969.566359 1.000000
7334818.849196 7334818.849196 1.000000
7333834.711681 7333834.711681 1.000000
7334298.109162 7334298.109162 1.000000
7334520.285082 7334520.285082 1.000000
7334674.708164 7334674.708164 1.000000
7335562.060937 7335562.060937 1.000000
7335668.845617 7335668.845617 1.000000
7335653.864876 7335653.864876 1.000000
7335413.382371 7335413.382371 1.000000
7335197.142405 7335197.142405 1.000000
7334796.845124 7334796.845124 1.000000
7334970.528855 7334970.528855 1.000000
7334730.189590 7334730.189590 1.000000
7334855.108759 7334855.108759 1.000000
7334509.230298 7334509.230298 1.000000
7334943.886558 7334943.886558 1.000000
7334308.851449 7334308.851449 1.000000
7334720.661373 7334720.661373 1.000000
7334962.011621 7334962.011621 1.000000
7334698.791463 7334698.791463 1.000000
7334807.211274 7334807.211274 1.000000
7334976.986798 7334976.986798 1.000000
7335573.090795 7335573.090795 1.000000
7335367.551974 7335367.551974 1.000000
7335483.145308 7335483.145308 1.000000
7335320.455534 7335320.455534 1.000000
7336123.124138 7336123.124138 1.000000
7335992.187986 7335992.187986 1.000000
7336073.245975 7336073.245975 1.000000
7336297.421982 7336297.421982 1.000000
7336343.220099 7336343.220099 1.000000
7336468.579000 7336468.579000 1.000000
7337467.237263 7337467.237263 1.000000
7337857.701172 7337857.701172 1.000000
7337656.379525 7337656.379525 1.000000
7337473.946224 7337473.946224 1.000000
7337356.617813 7337356.617813 1.000000
7337191.409238 7337191.409238 1.000000
7336981.901200 7336981.901200 1.000000
7336880.178781 7336880.178781 1.000000
7336717.055973 7336717.055973 1.000000
7335728.097573 7335728.097573 1.000000
7336383.529648 7336383.529648 1.000000
7336800.502638 7336800.502638 1.000000
7336653.188900 7336653.188900 1.000000
7336564.265791 7336564.265791 1.000000
7337285.025620 7337285.025620 1.000000
7337501.475923 7337501.475923 1.000000
7336845.610134 7336845.610134 1.000000
7336209.836830 7336209.836830 1.000000
7336647.896820 7336647.896820 1.000000
7336910.621976 7336910.621976 1.000000
7337154.090498 7337154.090498 1.000000
7337455.978463 7337455.978463 1.000000
7338391.392161 7338391.392161 1.000000
7338772.613520 7338772.613520 1.000000
7338721.898044 7338721.898044 1.000000
7339485.281162 7339485.281162 1.000000
7338519.647621 7338519.647621 1.000000
7338816.590273 7338816.590273 1.000000
7339089.872658 7339089.872658 1.000000
7339404.698048 7339404.698048 1.000000
7339595.323093 7339595.323093 1.000000
7339797.686106 7339797.686106 1.000000
7339952.664780 7339952.664780 1.000000
7339765.724580 7339765.724580 1.000000
7339650.828849 7339650.828849 1.000000
7339549.438550 7339549.438550 1.000000
7339275.151219 7339275.151219 1.000000
7338865.530720 7338865.530720 1.000000
7338659.181896 7338659.181896 1.000000
7338366.341968 7338366.341968 1.000000
7338774.155187 7338774.155187 1.000000
7338786.985945 7338786.985945 1.000000
7338525.163720 7338525.163720 1.000000
7339095.261563 7339095.261563 1.000000
7338855.099792 7338855.099792 1.000000
7338160.908256 7338160.908256 1.000000
7338581.194543 7338581.194543 1.000000
7338042.020231 7338042.020231 1.000000
7337600.366981 7337600.366981 1.000000
7337293.519170 7337293.519170 1.000000
7337008.803072 7337008.803072 1.000000
7336844.203740 7336844.203740 1.000000
7336702.722811 7336702.722811 1.000000
7335713.810229 7335713.810229 1.000000
7336295.556083 7336295.556083 1.000000
7336561.940309 7336561.940309 1.000000
7336387.951921 7336387.951921 1.000000
7336631.670985 7336631.670985 1.000000
7336746.498112 7336746.498112 1.000000
7335880.132204 7335880.132204 1.000000
7335825.764412 7335825.764412 1.000000
7335967.985563 7335967.985563 1.000000
7336164.158005 7336164.158005 1.000000
7336276.688722 7336276.688722 1.000000
7335827.199311 7335827.199311 1.000000
7335632.378484 7335632.378484 1.000000
7335842.111195 7335842.111195 1.000000
7336168.531475 7336168.531475 1.000000
7335984.034556 7335984.034556 1.000000
7336841.307175 7336841.307175 1.000000
7337691.935470 7337691.935470 1.000000
7337439.795798 7337439.795798 1.000000
7337806.298859 7337806.298859 1.000000
7337464.643516 7337464.643516 1.000000
7337390.872587 7337390.872587 1.000000
7338181.888293 7338181.888293 1.000000
7338005.776423 7338005.776423 1.000000
7337793.702780 7337793.702780 1.000000
7337656.960817 7337656.960817 1.000000
7337548.395740 7337548.395740 1.000000
7337875.532749 7337875.532749 1.000000
7338563.310423 7338563.310423 1.000000
7338286.135213 7338286.135213 1.000000
7338093.958401 7338093.958401 1.000000
7337879.850534 7337879.850534 1.000000
7337285.850180 7337285.850180 1.000000
7337464.415805 7337464.415805 1.000000
7337640.193350 7337640.193350 1.000000
7338266.488187 7338266.488187 1.000000
7338065.023318 7338065.023318 1.000000
7337285.684632 7337285.684632 1.000000
7337966.670522 7337966.670522 1.000000
7338818.771683 7338818.771683 1.000000
7338439.699154 7338439.699154 1.000000
7338671.855415 7338671.855415 1.000000
7338522.017137 7338522.017137 1.000000
7338789.549466 7338789.549466 1.000000
7338913.724816 7338913.724816 1.000000
7339119.409520 7339119.409520 1.000000
7338922.833113 7338922.833113 1.000000
7339590.982663 7339590.982663 1.000000
7339734.895318 7339734.895318 1.000000
7339870.351301 7339870.351301 1.000000
7340209.515615 7340209.515615 1.000000
7340805.528946 7340805.528946 1.000000
7341038.695560 7341038.695560 1.000000
7341413.702668 7341413.702668 1.000000
7341719.909042 7341719.909042 1.000000
7342048.600651 7342048.600651 1.000000
7342403.122564 7342403.122564 1.000000
7342762.579181 7342762.579181 1.000000
7343327.774251 7343327.774251 1.000000
7343668.193555 7343668.193555 1.000000
7344167.674620 7344167.674620 1.000000
7344678.775233 7344678.775233 1.000000
7345069.705823 7345069.705823 1.000000
