7273024.883558 7273024.883558 1.000000
7257944.677704 7257944.677704 1.000000
7245024.915582 7245024.915582 1.000000
7237718.287010 7237718.287010 1.000000
7233002.797364 7233002.797364 1.000000
7227727.546780 7227727.546780 1.000000
7224794.926334 7224794.926334 1.000000
7221295.541588 7221295.541588 1.000000
7220121.949749 7220121.949749 1.000000
7217803.973767 7217803.973767 1.000000
7216540.073229 7216540.073229 1.000000
7214779.419149 7214779.419149 1.000000
7214533.060182 7214533.060182 1.000000
7212954.897213 7212954.897213 1.000000
7212545.953833 7212545.953833 1.000000
7211643.937971 7211643.937971 1.000000
7211227.265205 7211227.265205 1.000000
7210742.957765 7210742.957765 1.000000
7210331.417927 7210331.417927 1.000000
7209907.246271 7209907.246271 1.000000
7209689.875254 7209689.875254 1.000000
7209405.404325 7209405.404325 1.000000
7208660.222592 7208660.222592 1.000000
7208333.524537 7208333.524537 1.000000
7207846.891376 7207846.891376 1.000000
7207715.164135 7207715.164135 1.000000
7207570.872048 7207570.872048 1.000000
7207396.851916 7207396.851916 1.000000
7207144.712765 7207144.712765 1.000000
7206965.825365 7206965.825365 1.000000
7206588.282632 7206588.282632 1.000000
7206161.094229 7206161.094229 1.000000
7205410.939807 7205410.939807 1.000000
7205067.166506 7205067.166506 1.000000
7204617.368473 7204617.368473 1.000000
7204475.898940 7204475.898940 1.000000
7204208.337986 7204208.337986 1.000000
7203849.968418 7203849.968418 1.000000
7203326.700758 7203326.700758 1.000000
7203901.067193 7203901.067193 1.000000
7204327.502254 7204327.502254 1.000000
7204197.566756 7204197.566756 1.000000
7203860.280107 7203860.280107 1.000000
7203200.607838 7203200.607838 1.000000
7202666.953162 7202666.953162 1.000000
7201749.573535 7201749.573535 1.000000
7201569.260648 7201569.260648 1.000000
7201458.485694 7201458.485694 1.000000
7200657.878917 7200657.878917 1.000000
7199846.797221 7199846.797221 1.000000
7199723.555009 7199723.555009 1.000000
7199529.992979 7199529.992979 1.000000
7199294.296540 7199294.296540 1.000000
7199424.201694 7199424.201694 1.000000
7198579.052362 7198579.052362 1.000000
7197765.319859 7197765.319859 1.000000
7197544.428553 7197544.428553 1.000000
7197364.762351 7197364.762351 1.000000
7197540.195505 7197540.195505 1.000000
7197220.871129 7197220.871129 1.000000
7197101.956154 7197101.956154 1.000000
7196983.241925 7196983.241925 1.000000
7197641.020933 7197641.020933 1.000000
7197427.563547 7197427.563547 1.000000
7197647.849981 7197647.849981 1.000000
7197450.887081 7197450.887081 1.000000
7197157.267865 7197157.267865 1.000000
7196602.791624 7196602.791624 1.000000
7196749.664086 7196749.664086 1.000000
7196578.794491 7196578.794491 1.000000
7196729.506806 7196729.506806 1.000000
7196602.312010 7196602.312010 1.000000
7196814.205836 7196814.205836 1.000000
7196935.669549 7196935.669549 1.000000
7196805.204963 7196805.204963 1.000000
7197285.339742 7197285.339742 1.000000
7197470.532733 7197470.532733 1.000000
7198027.668038 7198027.668038 1.000000
7197425.347804 7197425.347804 1.000000
7197637.282319 7197637.282319 1.000000
7198128.217554 7198128.217554 1.000000
7197719.433904 7197719.433904 1.000000
7197780.589078 7197780.589078 1.000000
7197615.926229 7197615.926229 1.000000
7197414.914379 7197414.914379 1.000000
7197939.872251 7197939.872251 1.000000
7198226.341794 7198226.341794 1.000000
7197504.375115 7197504.375115 1.000000
7197916.646178 7197916.646178 1.000000
7198110.287522 7198110.287522 1.000000
7195366.627379 7195366.627379 1.000000
7196353.617598 7196353.617598 1.000000
7196565.726786 7196565.726786 1.000000
7197398.705935 7197398.705935 1.000000
7196387.506931 7196387.506931 1.000000
7196173.376783 7196173.376783 1.000000
7196309.124206 7196309.124206 1.000000
7195920.242063 7195920.242063 1.000000
7195620.496876 7195620.496876 1.000000
7195514.326408 7195514.326408 1.000000
7194341.684643 7194341.684643 1.000000
7195890.232053 7195890.232053 1.000000
7196210.825071 7196210.825071 1.000000
7196084.337748 7196084.337748 1.000000
7195809.240524 7195809.240524 1.000000
7196053.220907 7196053.220907 1.000000
7195791.549373 7195791.549373 1.000000
7195273.487818 7195273.487818 1.000000
7195757.353732 7195757.353732 1.000000
7195299.569981 7195299.569981 1.000000
7195873.950682 7195873.950682 1.000000
7196376.945870 7196376.945870 1.000000
7199279.469526 7199279.469526 1.000000
7198823.132958 7198823.132958 1.000000
7199658.608345 7199658.608345 1.000000
7199897.658119 7199897.658119 1.000000
7200842.942778 7200842.942778 1.000000
7200246.975193 7200246.975193 1.000000
7201075.845740 7201075.845740 1.000000
7201395.704260 7201395.704260 1.000000
7201024.111043 7201024.111043 1.000000
7200062.456579 7200062.456579 1.000000
7200188.487879 7200188.487879 1.000000
7199844.346069 7199844.346069 1.000000
7199638.228716 7199638.228716 1.000000
7201323.592906 7201323.592906 1.000000
7201436.607639 7201436.607639 1.000000
7201023.768387 7201023.768387 1.000000
7200553.679512 7200553.679512 1.000000
7200797.299996 7200797.299996 1.000000
7199785.781418 7199785.781418 1.000000
7200370.465584 7200370.465584 1.000000
7200657.751178 7200657.751178 1.000000
7200472.768338 7200472.768338 1.000000
7200586.365893 7200586.365893 1.000000
7201320.943359 7201320.943359 1.000000
7200642.633375 7200642.633375 1.000000
7199685.393578 7199685.393578 1.000000
7199854.008205 7199854.008205 1.000000
7199700.113056 7199700.113056 1.000000
7199824.672423 7199824.672423 1.000000
7200139.675088 7200139.675088 1.000000
7200394.015232 7200394.015232 1.000000
7202419.025550 7202419.025550 1.000000
7201812.648380 7201812.648380 1.000000
7202409.515358 7202409.515358 1.000000
7202934.890766 7202934.890766 1.000000
7200410.781849 7200410.781849 1.000000
7201544.074984 7201544.074984 1.000000
7200895.011110 7200895.011110 1.000000
7199430.996002 7199430.996002 1.000000
7199215.432818 7199215.432818 1.000000
7199499.015390 7199499.015390 1.000000
7199781.582581 7199781.582581 1.000000
7200168.754736 7200168.754736 1.000000
7199150.136035 7199150.136035 1.000000
7199483.343229 7199483.343229 1.000000
7200094.114988 7200094.114988 1.000000
7199905.885163 7199905.885163 1.000000
7200432.868450 7200432.868450 1.000000
7200233.977610 7200233.977610 1.000000
7200031.567513 7200031.567513 1.000000
7199457.757995 7199457.757995 1.000000
7200392.672924 7200392.672924 1.000000
7200584.667799 7200584.667799 1.000000
7201123.912854 7201123.912854 1.000000
7199704.794757 7199704.794757 1.000000
7200133.586426 7200133.586426 1.000000
7199903.960568 7199903.960568 1.000000
7200792.516662 7200792.516662 1.000000
7201181.129970 7201181.129970 1.000000
7201980.535178 7201980.535178 1.000000
7202673.993368 7202673.993368 1.000000
7202863.273129 7202863.273129 1.000000
7202995.231419 7202995.231419 1.000000
7202796.381423 7202796.381423 1.000000
7202989.231802 7202989.231802 1.000000
7202834.930348 7202834.930348 1.000000
7202965.282582 7202965.282582 1.000000
7202810.601602 7202810.601602 1.000000
7202710.239250 7202710.239250 1.000000
7202576.315683 7202576.315683 1.000000
7202727.356003 7202727.356003 1.000000
7203579.558779 7203579.558779 1.000000
7203539.268793 7203539.268793 1.000000
7202904.264767 7202904.264767 1.000000
7203176.661144 7203176.661144 1.000000
7203243.628593 7203243.628593 1.000000
7203401.436827 7203401.436827 1.000000
7203513.317759 7203513.317759 1.000000
7202806.430544 7202806.430544 1.000000
7202951.011122 7202951.011122 1.000000
7203163.173210 7203163.173210 1.000000
7203019.729947 7203019.729947 1.000000
7203136.924118 7203136.924118 1.000000
7203255.439393 7203255.439393 1.000000
7202861.652583 7202861.652583 1.000000
7203845.994233 7203845.994233 1.000000
7202989.560424 7202989.560424 1.000000
7203206.970775 7203206.970775 1.000000
7203354.217110 7203354.217110 1.000000
7202448.610556 7202448.610556 1.000000
7202562.708939 7202562.708939 1.000000
7201622.007504 7201622.007504 1.000000
7201790.370638 7201790.370638 1.000000
7201594.994440 7201594.994440 1.000000
7201801.298527 7201801.298527 1.000000
7201397.250177 7201397.250177 1.000000
7201750.040649 7201750.040649 1.000000
7201889.148887 7201889.148887 1.000000
7202858.153035 7202858.153035 1.000000
7202669.908798 7202669.908798 1.000000
7203507.975176 7203507.975176 1.000000
7204299.705773 7204299.705773 1.000000
7203860.549464 7203860.549464 1.000000
7203591.641317 7203591.641317 1.000000
7203196.690878 7203196.690878 1.000000
7202355.224746 7202355.224746 1.000000
7202242.344548 7202242.344548 1.000000
7202364.941851 7202364.941851 1.000000
7202733.213903 7202733.213903 1.000000
7203085.840856 7203085.840856 1.000000
7202604.270552 7202604.270552 1.000000
7202845.039367 7202845.039367 1.000000
7202839.860519 7202839.860519 1.000000
7202968.997744 7202968.997744 1.000000
7202834.466178 7202834.466178 1.000000
7203093.146283 7203093.146283 1.000000
7203372.996292 7203372.996292 1.000000
7201391.326509 7201391.326509 1.000000
7202113.760693 7202113.760693 1.000000
7201948.788276 7201948.788276 1.000000
7202922.052405 7202922.052405 1.000000
7203695.595528 7203695.595528 1.000000
7203496.096028 7203496.096028 1.000000
7203831.546282 7203831.546282 1.000000
7203427.549901 7203427.549901 1.000000
7203143.133606 7203143.133606 1.000000
7203484.267095 7203484.267095 1.000000
7203670.654682 7203670.654682 1.000000
7204402.493829 7204402.493829 1.000000
7204143.340825 7204143.340825 1.000000
7204576.853685 7204576.853685 1.000000
7203614.169971 7203614.169971 1.000000
7203459.892641 7203459.892641 1.000000
7203607.772268 7203607.772268 1.000000
7203096.501645 7203096.501645 1.000000
7202698.415570 7202698.415570 1.000000
7202864.094615 7202864.094615 1.000000
7202117.651457 7202117.651457 1.000000
7202503.323071 7202503.323071 1.000000
7203303.753858 7203303.753858 1.000000
7204336.985906 7204336.985906 1.000000
7204566.050450 7204566.050450 1.000000
7205248.674006 7205248.674006 1.000000
7206225.763647 7206225.763647 1.000000
7206727.594884 7206727.594884 1.000000
7206962.555482 7206962.555482 1.000000
7207422.979195 7207422.979195 1.000000
7207747.927146 7207747.927146 1.000000
7207907.986253 7207907.986253 1.000000
7208898.595562 7208898.595562 1.000000
7209518.344459 7209518.344459 1.000000
7209669.658700 7209669.658700 1.000000
7209831.534535 7209831.534535 1.000000
7209972.086167 7209972.086167 1.000000
7210207.045269 7210207.045269 1.000000
7210323.166209 7210323.166209 1.000000
7210562.163578 7210562.163578 1.000000
7210020.958211 7210020.958211 1.000000
7209741.676228 7209741.676228 1.000000
7209923.464949 7209923.464949 1.000000
7210050.384818 7210050.384818 1.000000
7210487.278284 7210487.278284 1.000000
7211433.598307 7211433.598307 1.000000
7211553.731984 7211553.731984 1.000000
7211827.192661 7211827.192661 1.000000
7211702.711329 7211702.711329 1.000000
7211589.124318 7211589.124318 1.000000
7210918.801407 7210918.801407 1.000000
7211187.299337 7211187.299337 1.000000
7210932.115497 7210932.115497 1.000000
7211033.460604 7211033.460604 1.000000
7211496.073941 7211496.073941 1.000000
7211472.875651 7211472.875651 1.000000
7212300.176621 7212300.176621 1.000000
7213154.963902 7213154.963902 1.000000
7212495.230783 7212495.230783 1.000000
7213238.266573 7213238.266573 1.000000
7214217.150928 7214217.150928 1.000000
7214319.179112 7214319.179112 1.000000
7214964.133767 7214964.133767 1.000000
7214799.312768 7214799.312768 1.000000
7214615.890309 7214615.890309 1.000000
7213634.053681 7213634.053681 1.000000
7213772.426699 7213772.426699 1.000000
7214007.798952 7214007.798952 1.000000
7214638.880913 7214638.880913 1.000000
7214768.996760 7214768.996760 1.000000
7214643.107503 7214643.107503 1.000000
7214629.363356 7214629.363356 1.000000
7213798.971382 7213798.971382 1.000000
7213018.076269 7213018.076269 1.000000
7212688.618088 7212688.618088 1.000000
7213200.009268 7213200.009268 1.000000
7212266.894711 7212266.894711 1.000000
7212441.849363 7212441.849363 1.000000
7211997.743445 7211997.743445 1.000000
7211717.124629 7211717.124629 1.000000
7211822.240769 7211822.240769 1.000000
7211586.900807 7211586.900807 1.000000
7211290.296196 7211290.296196 1.000000
7212192.842225 7212192.842225 1.000000
7212043.300391 7212043.300391 1.000000
7211715.367201 7211715.367201 1.000000
7211378.988071 7211378.988071 1.000000
7211546.108919 7211546.108919 1.000000
7211988.133115 7211988.133115 1.000000
7215083.053415 7215083.053415 1.000000
7214753.160390 7214753.160390 1.000000
7208459.280674 7208459.280674 1.000000
7208731.244518 7208731.244518 1.000000
7207257.858604 7207257.858604 1.000000
7208666.168478 7208666.168478 1.000000
7208796.456757 7208796.456757 1.000000
7208108.729066 7208108.729066 1.000000
7208041.887696 7208041.887696 1.000000
7207882.195996 7207882.195996 1.000000
7208118.628300 7208118.628300 1.000000
7209495.835900 7209495.835900 1.000000
7210368.608369 7210368.608369 1.000000
7210788.736588 7210788.736588 1.000000
7211188.455801 7211188.455801 1.000000
7211618.063386 7211618.063386 1.000000
7211841.294302 7211841.294302 1.000000
7212934.737165 7212934.737165 1.000000
7211490.180770 7211490.180770 1.000000
7211677.433162 7211677.433162 1.000000
7210997.531912 7210997.531912 1.000000
7211487.633626 7211487.633626 1.000000
7211694.540238 7211694.540238 1.000000
7207831.213733 7207831.213733 1.000000
7207634.154718 7207634.154718 1.000000
7208206.060287 7208206.060287 1.000000
7208084.690260 7208084.690260 1.000000
7208853.833392 7208853.833392 1.000000
7209093.335746 7209093.335746 1.000000
7211464.345307 7211464.345307 1.000000
7211298.584911 7211298.584911 1.000000
7209834.331164 7209834.331164 1.000000
7210024.203980 7210024.203980 1.000000
7209293.139433 7209293.139433 1.000000
7207378.424035 7207378.424035 1.000000
7208171.428055 7208171.428055 1.000000
7208692.043333 7208692.043333 1.000000
7209185.636553 7209185.636553 1.000000
7210121.103599 7210121.103599 1.000000
7209410.702618 7209410.702618 1.000000
7209752.781004 7209752.781004 1.000000
7209493.205660 7209493.205660 1.000000
7208729.565746 7208729.565746 1.000000
7209255.570640 7209255.570640 1.000000
7208811.672788 7208811.672788 1.000000
7208207.221433 7208207.221433 1.000000
7208307.638053 7208307.638053 1.000000
7208446.005563 7208446.005563 1.000000
7208015.855342 7208015.855342 1.000000
7208541.691163 7208541.691163 1.000000
7207764.488459 7207764.488459 1.000000
7207972.034050 7207972.034050 1.000000
7208246.746627 7208246.746627 1.000000
7207496.260483 7207496.260483 1.000000
7207835.348056 7207835.348056 1.000000
7207631.129406 7207631.129406 1.000000
7208543.621157 7208543.621157 1.000000
7208414.938567 7208414.938567 1.000000
7209044.453412 7209044.453412 1.000000
7208926.500742 7208926.500742 1.000000
7208266.613794 7208266.613794 1.000000
7207987.011986 7207987.011986 1.000000
7207842.913929 7207842.913929 1.000000
7207617.054272 7207617.054272 1.000000
7207319.913872 7207319.913872 1.000000
7206891.843860 7206891.843860 1.000000
7207091.705591 7207091.705591 1.000000
7207234.247997 7207234.247997 1.000000
7207492.700620 7207492.700620 1.000000
7207777.256412 7207777.256412 1.000000
7207263.022435 7207263.022435 1.000000
7207050.169025 7207050.169025 1.000000
7206797.001568 7206797.001568 1.000000
7207112.831375 7207112.831375 1.000000
7207282.212290 7207282.212290 1.000000
7207284.232251 7207284.232251 1.000000
7206631.542446 7206631.542446 1.000000
7205980.830936 7205980.830936 1.000000
7207355.026313 7207355.026313 1.000000
7207546.438670 7207546.438670 1.000000
7208604.192426 7208604.192426 1.000000
7209396.526096 7209396.526096 1.000000
7208593.603958 7208593.603958 1.000000
7208267.431277 7208267.431277 1.000000
7207440.258760 7207440.258760 1.000000
7207992.719334 7207992.719334 1.000000
7208243.044457 7208243.044457 1.000000
7208374.996392 7208374.996392 1.000000
7208959.704405 7208959.704405 1.000000
7208800.558421 7208800.558421 1.000000
7209335.342684 7209335.342684 1.000000
7209229.566202 7209229.566202 1.000000
7209371.014115 7209371.014115 1.000000
7209781.497467 7209781.497467 1.000000
7209677.404430 7209677.404430 1.000000
7209281.659753 7209281.659753 1.000000
7208398.807902 7208398.807902 1.000000
7207595.859060 7207595.859060 1.000000
7206708.277754 7206708.277754 1.000000
7206251.263779 7206251.263779 1.000000
7205571.045502 7205571.045502 1.000000
7205571.045744 7205571.045744 1.000000
7205858.589643 7205858.589643 1.000000
7206154.921618 7206154.921618 1.000000
7205420.839445 7205420.839445 1.000000
7206086.441585 7206086.441585 1.000000
7205726.644828 7205726.644828 1.000000
7206076.959098 7206076.959098 1.000000
7206536.895305 7206536.895305 1.000000
7206664.736556 7206664.736556 1.000000
7206884.519684 7206884.519684 1.000000
7206452.449317 7206452.449317 1.000000
7206770.182842 7206770.182842 1.000000
7206303.100086 7206303.100086 1.000000
7206107.224554 7206107.224554 1.000000
7206005.716850 7206005.716850 1.000000
7205777.886366 7205777.886366 1.000000
7205777.958322 7205777.958322 1.000000
7206106.103203 7206106.103203 1.000000
7205509.207301 7205509.207301 1.000000
7205884.273299 7205884.273299 1.000000
7205550.080532 7205550.080532 1.000000
7205134.588555 7205134.588555 1.000000
7204524.479112 7204524.479112 1.000000
7203938.242569 7203938.242569 1.000000
7204457.733128 7204457.733128 1.000000
7204710.454960 7204710.454960 1.000000
7205247.016292 7205247.016292 1.000000
7205424.019253 7205424.019253 1.000000
7205291.267689 7205291.267689 1.000000
7205401.739887 7205401.739887 1.000000
7205631.559638 7205631.559638 1.000000
7206519.035909 7206519.035909 1.000000
7206833.763837 7206833.763837 1.000000
7207002.806396 7207002.806396 1.000000
7206722.755662 7206722.755662 1.000000
7206604.566309 7206604.566309 1.000000
7205717.410803 7205717.410803 1.000000
7206647.371316 7206647.371316 1.000000
7206751.710626 7206751.710626 1.000000
7207069.419591 7207069.419591 1.000000
7207206.251254 7207206.251254 1.000000
7207441.488193 7207441.488193 1.000000
7207711.998677 7207711.998677 1.000000
7208170.909810 7208170.909810 1.000000
7207848.955193 7207848.955193 1.000000
7207748.932460 7207748.932460 1.000000
7207314.896404 7207314.896404 1.000000
7206982.224915 7206982.224915 1.000000
7206559.425821 7206559.425821 1.000000
7206393.732422 7206393.732422 1.000000
7205975.023620 7205975.023620 1.000000
7205855.474294 7205855.474294 1.000000
7206465.319989 7206465.319989 1.000000
7207516.692288 7207516.692288 1.000000
7208529.216547 7208529.216547 1.000000
7209550.224064 7209550.224064 1.000000
7209896.290083 7209896.290083 1.000000
7208900.249567 7208900.249567 1.000000
7209082.800436 7209082.800436 1.000000
7209819.640104 7209819.640104 1.000000
7208312.010292 7208312.010292 1.000000
7208063.709583 7208063.709583 1.000000
7208723.366909 7208723.366909 1.000000
7207110.604107 7207110.604107 1.000000
7207440.897217 7207440.897217 1.000000
7206809.455377 7206809.455377 1.000000
7207236.136249 7207236.136249 1.000000
7207568.432620 7207568.432620 1.000000
7207453.445623 7207453.445623 1.000000
7207655.141664 7207655.141664 1.000000
7207466.189212 7207466.189212 1.000000
7207312.831070 7207312.831070 1.000000
7208002.082122 7208002.082122 1.000000
7207717.774308 7207717.774308 1.000000
7207015.232282 7207015.232282 1.000000
7206693.545877 7206693.545877 1.000000
7204855.757399 7204855.757399 1.000000
7204465.714202 7204465.714202 1.000000
7206148.181796 7206148.181796 1.000000
7205851.835627 7205851.835627 1.000000
7205110.953250 7205110.953250 1.000000
7205009.192670 7205009.192670 1.000000
7205295.451807 7205295.451807 1.000000
7205398.284702 7205398.284702 1.000000
7204898.319016 7204898.319016 1.000000
7205067.386509 7205067.386509 1.000000
7204731.444825 7204731.444825 1.000000
7205124.949519 7205124.949519 1.000000
7205233.643739 7205233.643739 1.000000
7205550.692600 7205550.692600 1.000000
7206259.551479 7206259.551479 1.000000
7205605.709599 7205605.709599 1.000000
7206144.665145 7206144.665145 1.000000
7207071.592269 7207071.592269 1.000000
7206239.066503 7206239.066503 1.000000
7206102.597915 7206102.597915 1.000000
7205612.365915 7205612.365915 1.000000
7205798.349629 7205798.349629 1.000000
7205401.833977 7205401.833977 1.000000
7204928.871608 7204928.871608 1.000000
7205519.684790 7205519.684790 1.000000
7205380.374427 7205380.374427 1.000000
7204911.958759 7204911.958759 1.000000
7204492.388340 7204492.388340 1.000000
7204372.838340 7204372.838340 1.000000
7203738.175827 7203738.175827 1.000000
7203440.364850 7203440.364850 1.000000
7204267.737823 7204267.737823 1.000000
7203953.047212 7203953.047212 1.000000
7202982.023264 7202982.023264 1.000000
7202722.056007 7202722.056007 1.000000
7203444.295951 7203444.295951 1.000000
7203159.747584 7203159.747584 1.000000
7202967.150858 7202967.150858 1.000000
7203729.190949 7203729.190949 1.000000
7202921.096001 7202921.096001 1.000000
7201979.396954 7201979.396954 1.000000
7201658.057626 7201658.057626 1.000000
7200879.940382 7200879.940382 1.000000
7201429.003913 7201429.003913 1.000000
7202152.306494 7202152.306494 1.000000
7201819.115567 7201819.115567 1.000000
7202195.830016 7202195.830016 1.000000
7201614.998393 7201614.998393 1.000000
7201985.735416 7201985.735416 1.000000
7201827.149294 7201827.149294 1.000000
7201125.924096 7201125.924096 1.000000
7200603.802999 7200603.802999 1.000000
7201745.831110 7201745.831110 1.000000
7201275.282253 7201275.282253 1.000000
7202134.817367 7202134.817367 1.000000
7202281.530562 7202281.530562 1.000000
7203911.323475 7203911.323475 1.000000
7204034.390786 7204034.390786 1.000000
7203251.950166 7203251.950166 1.000000
7202256.895775 7202256.895775 1.000000
7202463.091327 7202463.091327 1.000000
7202722.115925 7202722.115925 1.000000
7202856.649737 7202856.649737 1.000000
7203599.243134 7203599.243134 1.000000
7203446.959868 7203446.959868 1.000000
7203588.610854 7203588.610854 1.000000
7203480.002148 7203480.002148 1.000000
7203821.077175 7203821.077175 1.000000
7203103.319418 7203103.319418 1.000000
7202147.358725 7202147.358725 1.000000
7201974.356604 7201974.356604 1.000000
7202150.083256 7202150.083256 1.000000
7202023.584048 7202023.584048 1.000000
7202864.542223 7202864.542223 1.000000
7202393.190213 7202393.190213 1.000000
7201910.322402 7201910.322402 1.000000
7201281.560930 7201281.560930 1.000000
7200993.850443 7200993.850443 1.000000
7201701.254946 7201701.254946 1.000000
7201885.429318 7201885.429318 1.000000
7201311.790059 7201311.790059 1.000000
7201133.987934 7201133.987934 1.000000
7201455.510226 7201455.510226 1.000000
7202096.021626 7202096.021626 1.000000
7202850.530592 7202850.530592 1.000000
7202677.921017 7202677.921017 1.000000
7201741.715928 7201741.715928 1.000000
7202010.224543 7202010.224543 1.000000
7202274.572891 7202274.572891 1.000000
7201862.735164 7201862.735164 1.000000
7202410.629588 7202410.629588 1.000000
7202666.497011 7202666.497011 1.000000
7201795.657872 7201795.657872 1.000000
7201898.018534 7201898.018534 1.000000
7202565.264575 7202565.264575 1.000000
7202400.984747 7202400.984747 1.000000
7202592.704379 7202592.704379 1.000000
7203357.109862 7203357.109862 1.000000
7204100.165333 7204100.165333 1.000000
7204404.077371 7204404.077371 1.000000
7204475.698203 7204475.698203 1.000000
7204822.999676 7204822.999676 1.000000
7204615.671234 7204615.671234 1.000000
7205609.056600 7205609.056600 1.000000
7205022.688186 7205022.688186 1.000000
7205441.453538 7205441.453538 1.000000
7204504.248649 7204504.248649 1.000000
7203931.201698 7203931.201698 1.000000
7203076.189937 7203076.189937 1.000000
7204074.480115 7204074.480115 1.000000
7203765.717220 7203765.717220 1.000000
7203880.905346 7203880.905346 1.000000
7203774.699971 7203774.699971 1.000000
7203050.734189 7203050.734189 1.000000
7203156.580621 7203156.580621 1.000000
7202980.419768 7202980.419768 1.000000
7203823.108634 7203823.108634 1.000000
7203577.751947 7203577.751947 1.000000
7203358.261478 7203358.261478 1.000000
7203459.709554 7203459.709554 1.000000
7202915.223295 7202915.223295 1.000000
7203059.829685 7203059.829685 1.000000
7203379.210346 7203379.210346 1.000000
7203161.462112 7203161.462112 1.000000
7202519.095176 7202519.095176 1.000000
7203477.060735 7203477.060735 1.000000
7204345.280547 7204345.280547 1.000000
7204868.137822 7204868.137822 1.000000
7205294.974312 7205294.974312 1.000000
7205398.214570 7205398.214570 1.000000
7205999.420606 7205999.420606 1.000000
7206398.818899 7206398.818899 1.000000
7206722.097531 7206722.097531 1.000000
7207055.256945 7207055.256945 1.000000
7206822.237719 7206822.237719 1.000000
7207022.510615 7207022.510615 1.000000
7207350.028199 7207350.028199 1.000000
7208267.884300 7208267.884300 1.000000
7207871.217905 7207871.217905 1.000000
7207343.894004 7207343.894004 1.000000
7207770.402621 7207770.402621 1.000000
7207491.838617 7207491.838617 1.000000
7208453.844951 7208453.844951 1.000000
7209078.524886 7209078.524886 1.000000
7208400.402952 7208400.402952 1.000000
7209206.581568 7209206.581568 1.000000
7209028.566212 7209028.566212 1.000000
7209180.426973 7209180.426973 1.000000
7210133.463645 7210133.463645 1.000000
7209825.219437 7209825.219437 1.000000
7209389.091745 7209389.091745 1.000000
7210047.851425 7210047.851425 1.000000
7210715.769249 7210715.769249 1.000000
7210981.109021 7210981.109021 1.000000
7210543.525207 7210543.525207 1.000000
7211176.192385 7211176.192385 1.000000
7211292.547035 7211292.547035 1.000000
7211666.479549 7211666.479549 1.000000
7211013.313209 7211013.313209 1.000000
7211291.186857 7211291.186857 1.000000
7210157.357678 7210157.357678 1.000000
7209979.800502 7209979.800502 1.000000
7210258.845712 7210258.845712 1.000000
7212215.131883 7212215.131883 1.000000
7211533.588272 7211533.588272 1.000000
7211967.673986 7211967.673986 1.000000
7212743.664062 7212743.664062 1.000000
7211154.975087 7211154.975087 1.000000
7210287.093251 7210287.093251 1.000000
7210832.999584 7210832.999584 1.000000
7211807.874722 7211807.874722 1.000000
7212182.821633 7212182.821633 1.000000
7212434.356341 7212434.356341 1.000000
7211883.583980 7211883.583980 1.000000
7211765.015299 7211765.015299 1.000000
7210966.026782 7210966.026782 1.000000
7210231.332063 7210231.332063 1.000000
7210542.668763 7210542.668763 1.000000
7210717.681647 7210717.681647 1.000000
7210598.214421 7210598.214421 1.000000
7211509.632208 7211509.632208 1.000000
7212341.699540 7212341.699540 1.000000
7211418.801487 7211418.801487 1.000000
7211770.847248 7211770.847248 1.000000
7211446.858384 7211446.858384 1.000000
7211146.751162 7211146.751162 1.000000
7211500.701726 7211500.701726 1.000000
7211346.269733 7211346.269733 1.000000
7211148.643151 7211148.643151 1.000000
7211393.087919 7211393.087919 1.000000
7211695.559889 7211695.559889 1.000000
7211563.988441 7211563.988441 1.000000
7211681.184489 7211681.184489 1.000000
7211081.388343 7211081.388343 1.000000
7210422.078530 7210422.078530 1.000000
7210120.362103 7210120.362103 1.000000
7210287.942675 7210287.942675 1.000000
7210378.305352 7210378.305352 1.000000
7210646.959967 7210646.959967 1.000000
7210821.519897 7210821.519897 1.000000
7211768.047077 7211768.047077 1.000000
7211895.591462 7211895.591462 1.000000
7212009.294166 7212009.294166 1.000000
7211493.943266 7211493.943266 1.000000
7211290.654387 7211290.654387 1.000000
7211086.283853 7211086.283853 1.000000
7210662.131878 7210662.131878 1.000000
7210790.069226 7210790.069226 1.000000
7210621.274213 7210621.274213 1.000000
7211206.731599 7211206.731599 1.000000
7211198.040130 7211198.040130 1.000000
7211444.890601 7211444.890601 1.000000
7211130.425275 7211130.425275 1.000000
7211049.101298 7211049.101298 1.000000
7210452.692322 7210452.692322 1.000000
7210888.062094 7210888.062094 1.000000
7210439.941698 7210439.941698 1.000000
7210757.371236 7210757.371236 1.000000
7210568.941755 7210568.941755 1.000000
7210448.231837 7210448.231837 1.000000
7210160.186141 7210160.186141 1.000000
7209731.510877 7209731.510877 1.000000
7209448.162419 7209448.162419 1.000000
7208652.928453 7208652.928453 1.000000
7208166.762111 7208166.762111 1.000000
7208005.809412 7208005.809412 1.000000
7207692.108906 7207692.108906 1.000000
7206961.262616 7206961.262616 1.000000
7206832.327068 7206832.327068 1.000000
7207115.812362 7207115.812362 1.000000
7207392.696307 7207392.696307 1.000000
7207162.860951 7207162.860951 1.000000
7206297.260474 7206297.260474 1.000000
7205988.493830 7205988.493830 1.000000
7205859.155894 7205859.155894 1.000000
7205649.073634 7205649.073634 1.000000
7204512.731174 7204512.731174 1.000000
7204350.807349 7204350.807349 1.000000
7203116.938986 7203116.938986 1.000000
7202996.207355 7202996.207355 1.000000
7203226.960041 7203226.960041 1.000000
7200884.923187 7200884.923187 1.000000
7201496.350155 7201496.350155 1.000000
7201903.406237 7201903.406237 1.000000
7202098.133361 7202098.133361 1.000000
7201823.760104 7201823.760104 1.000000
7201925.211251 7201925.211251 1.000000
7201022.016791 7201022.016791 1.000000
7200736.119923 7200736.119923 1.000000
7201299.004762 7201299.004762 1.000000
7201697.627878 7201697.627878 1.000000
7201972.336040 7201972.336040 1.000000
7202115.922460 7202115.922460 1.000000
7202572.940881 7202572.940881 1.000000
7202700.461973 7202700.461973 1.000000
7201882.322298 7201882.322298 1.000000
7202482.316119 7202482.316119 1.000000
7202844.729546 7202844.729546 1.000000
7202551.108828 7202551.108828 1.000000
7202713.471122 7202713.471122 1.000000
7202425.769770 7202425.769770 1.000000
7202570.825542 7202570.825542 1.000000
7202570.805176 7202570.805176 1.000000
7202456.274014 7202456.274014 1.000000
7201888.927399 7201888.927399 1.000000
7201329.694818 7201329.694818 1.000000
7204333.733673 7204333.733673 1.000000
7204491.537179 7204491.537179 1.000000
7204165.523247 7204165.523247 1.000000
7205130.474479 7205130.474479 1.000000
7204932.930365 7204932.930365 1.000000
7204815.148426 7204815.148426 1.000000
7204482.816690 7204482.816690 1.000000
7205252.579462 7205252.579462 1.000000
7204987.442622 7204987.442622 1.000000
7205168.420781 7205168.420781 1.000000
7204819.290804 7204819.290804 1.000000
7204680.014594 7204680.014594 1.000000
7204101.757529 7204101.757529 1.000000
7204665.575661 7204665.575661 1.000000
7204410.208645 7204410.208645 1.000000
7204187.414184 7204187.414184 1.000000
7204332.353579 7204332.353579 1.000000
7204140.709277 7204140.709277 1.000000
7203250.088625 7203250.088625 1.000000
7203087.673418 7203087.673418 1.000000
7202836.697029 7202836.697029 1.000000
7202482.585944 7202482.585944 1.000000
7202172.937992 7202172.937992 1.000000
7202586.113091 7202586.113091 1.000000
7202348.579798 7202348.579798 1.000000
7201508.968839 7201508.968839 1.000000
7201853.057717 7201853.057717 1.000000
7200525.961304 7200525.961304 1.000000
7201004.788272 7201004.788272 1.000000
7200799.662779 7200799.662779 1.000000
7200477.452639 7200477.452639 1.000000
7200846.585676 7200846.585676 1.000000
7201367.445194 7201367.445194 1.000000
7201625.276420 7201625.276420 1.000000
7201270.495421 7201270.495421 1.000000
7201457.587954 7201457.587954 1.000000
7200308.761399 7200308.761399 1.000000
7200017.947731 7200017.947731 1.000000
7200538.325614 7200538.325614 1.000000
7199978.420860 7199978.420860 1.000000
7199570.212470 7199570.212470 1.000000
7199918.305415 7199918.305415 1.000000
7200664.791520 7200664.791520 1.000000
7200237.853613 7200237.853613 1.000000
7200086.270911 7200086.270911 1.000000
7199331.382048 7199331.382048 1.000000
7198657.327515 7198657.327515 1.000000
7198516.435401 7198516.435401 1.000000
7197743.682801 7197743.682801 1.000000
7197029.194407 7197029.194407 1.000000
7196708.313447 7196708.313447 1.000000
7196228.814692 7196228.814692 1.000000
7195660.990256 7195660.990256 1.000000
7195806.251520 7195806.251520 1.000000
7196413.215583 7196413.215583 1.000000
7196866.096734 7196866.096734 1.000000
7196997.809948 7196997.809948 1.000000
7197613.281087 7197613.281087 1.000000
7197904.534172 7197904.534172 1.000000
7198158.859006 7198158.859006 1.000000
7198269.622171 7198269.622171 1.000000
7198672.491873 7198672.491873 1.000000
7198854.053235 7198854.053235 1.000000
7198073.040916 7198073.040916 1.000000
7198521.764937 7198521.764937 1.000000
7199099.116668 7199099.116668 1.000000
7198915.438984 7198915.438984 1.000000
7198585.529352 7198585.529352 1.000000
7198478.819129 7198478.819129 1.000000
7197629.769097 7197629.769097 1.000000
7198160.580792 7198160.580792 1.000000
7197921.809242 7197921.809242 1.000000
7198787.637757 7198787.637757 1.000000
7199314.800949 7199314.800949 1.000000
7199997.606148 7199997.606148 1.000000
7200098.020206 7200098.020206 1.000000
7200844.087919 7200844.087919 1.000000
7200735.453460 7200735.453460 1.000000
7201164.563628 7201164.563628 1.000000
7201635.322907 7201635.322907 1.000000
7199746.483062 7199746.483062 1.000000
7197415.938835 7197415.938835 1.000000
7198003.927211 7198003.927211 1.000000
7198261.662723 7198261.662723 1.000000
7199018.948726 7199018.948726 1.000000
7199328.735547 7199328.735547 1.000000
7199612.112793 7199612.112793 1.000000
7199271.192397 7199271.192397 1.000000
7199418.503535 7199418.503535 1.000000
7200265.956009 7200265.956009 1.000000
7199898.255778 7199898.255778 1.000000
7200021.018181 7200021.018181 1.000000
7200327.133196 7200327.133196 1.000000
7200707.563400 7200707.563400 1.000000
7201201.498194 7201201.498194 1.000000
7201304.577094 7201304.577094 1.000000
7201439.191126 7201439.191126 1.000000
7201560.704806 7201560.704806 1.000000
7201800.519087 7201800.519087 1.000000
7201735.347522 7201735.347522 1.000000
7201597.613113 7201597.613113 1.000000
7202578.762320 7202578.762320 1.000000
7202418.286899 7202418.286899 1.000000
7202287.702076 7202287.702076 1.000000
7202156.478213 7202156.478213 1.000000
7201785.364387 7201785.364387 1.000000
7201657.093131 7201657.093131 1.000000
7200770.155191 7200770.155191 1.000000
7200215.269971 7200215.269971 1.000000
7199539.093395 7199539.093395 1.000000
7199138.934354 7199138.934354 1.000000
7198909.541951 7198909.541951 1.000000
7199254.216019 7199254.216019 1.000000
7198925.467615 7198925.467615 1.000000
7198513.673771 7198513.673771 1.000000
7198698.230777 7198698.230777 1.000000
7198158.367667 7198158.367667 1.000000
7198300.463744 7198300.463744 1.000000
7197864.974142 7197864.974142 1.000000
7198148.890085 7198148.890085 1.000000
7197410.010457 7197410.010457 1.000000
7197523.168614 7197523.168614 1.000000
7197286.828613 7197286.828613 1.000000
7196721.158445 7196721.158445 1.000000
7197242.504551 7197242.504551 1.000000
7196625.281492 7196625.281492 1.000000
7196515.059397 7196515.059397 1.000000
7196738.446614 7196738.446614 1.000000
7196894.587644 7196894.587644 1.000000
7197343.872368 7197343.872368 1.000000
7197807.537795 7197807.537795 1.000000
7198188.257431 7198188.257431 1.000000
7198373.602130 7198373.602130 1.000000
7197756.872431 7197756.872431 1.000000
7197874.896622 7197874.896622 1.000000
7198209.272740 7198209.272740 1.000000
7198047.498118 7198047.498118 1.000000
7197910.016899 7197910.016899 1.000000
7198117.589824 7198117.589824 1.000000
7197778.213112 7197778.213112 1.000000
7197659.027447 7197659.027447 1.000000
7197504.472422 7197504.472422 1.000000
7197096.152262 7197096.152262 1.000000
7197481.771591 7197481.771591 1.000000
7196932.397660 7196932.397660 1.000000
7197660.578172 7197660.578172 1.000000
7197543.028022 7197543.028022 1.000000
7196983.399770 7196983.399770 1.000000
7196634.617998 7196634.617998 1.000000
7197260.788367 7197260.788367 1.000000
7196920.783378 7196920.783378 1.000000
7196374.015745 7196374.015745 1.000000
7196596.828092 7196596.828092 1.000000
7196259.852995 7196259.852995 1.000000
7195735.228506 7195735.228506 1.000000
7196507.911865 7196507.911865 1.000000
7197848.501394 7197848.501394 1.000000
7198014.336709 7198014.336709 1.000000
7197881.561983 7197881.561983 1.000000
7198143.958674 7198143.958674 1.000000
7198800.612727 7198800.612727 1.000000
7198319.471750 7198319.471750 1.000000
7198464.007407 7198464.007407 1.000000
7199031.011706 7199031.011706 1.000000
7198527.488070 7198527.488070 1.000000
7198306.464268 7198306.464268 1.000000
7198199.269415 7198199.269415 1.000000
7198099.021479 7198099.021479 1.000000
7198332.852304 7198332.852304 1.000000
7198777.150081 7198777.150081 1.000000
7199385.989294 7199385.989294 1.000000
7199117.459337 7199117.459337 1.000000
7199321.850790 7199321.850790 1.000000
7199710.990101 7199710.990101 1.000000
7199597.256801 7199597.256801 1.000000
7200107.252097 7200107.252097 1.000000
7199944.874001 7199944.874001 1.000000
7200567.705187 7200567.705187 1.000000
7200674.036891 7200674.036891 1.000000
7199173.297831 7199173.297831 1.000000
7198856.825823 7198856.825823 1.000000
7198401.801105 7198401.801105 1.000000
7198551.659545 7198551.659545 1.000000
7198962.352844 7198962.352844 1.000000
7199066.234581 7199066.234581 1.000000
7198614.238319 7198614.238319 1.000000
7198889.722999 7198889.722999 1.000000
7198634.579630 7198634.579630 1.000000
7199094.036857 7199094.036857 1.000000
7199246.103804 7199246.103804 1.000000
7199453.013783 7199453.013783 1.000000
7198633.779531 7198633.779531 1.000000
7198867.442682 7198867.442682 1.000000
7200007.830305 7200007.830305 1.000000
7199894.841447 7199894.841447 1.000000
7199788.677267 7199788.677267 1.000000
7199559.029312 7199559.029312 1.000000
7199295.056056 7199295.056056 1.000000
7200193.493292 7200193.493292 1.000000
7200459.716095 7200459.716095 1.000000
7199073.930930 7199073.930930 1.000000
7199220.609826 7199220.609826 1.000000
7199609.827081 7199609.827081 1.000000
7198637.815899 7198637.815899 1.000000
7198457.748009 7198457.748009 1.000000
7199179.212185 7199179.212185 1.000000
7199433.851683 7199433.851683 1.000000
7199232.024810 7199232.024810 1.000000
7199354.911477 7199354.911477 1.000000
7199509.096765 7199509.096765 1.000000
7199352.858942 7199352.858942 1.000000
7198702.824013 7198702.824013 1.000000
7198434.824952 7198434.824952 1.000000
7198325.494351 7198325.494351 1.000000
7198073.703512 7198073.703512 1.000000
7197240.190111 7197240.190111 1.000000
7197119.740803 7197119.740803 1.000000
7197532.730193 7197532.730193 1.000000
7196594.294754 7196594.294754 1.000000
7195473.134376 7195473.134376 1.000000
7195181.047297 7195181.047297 1.000000
7195781.245893 7195781.245893 1.000000
7195487.456475 7195487.456475 1.000000
7195616.573292 7195616.573292 1.000000
7195254.903454 7195254.903454 1.000000
7194894.898263 7194894.898263 1.000000
7195030.385754 7195030.385754 1.000000
7195148.564593 7195148.564593 1.000000
7195024.919483 7195024.919483 1.000000
7195265.200573 7195265.200573 1.000000
7196201.646801 7196201.646801 1.000000
7195540.540887 7195540.540887 1.000000
7195340.672912 7195340.672912 1.000000
7194914.591974 7194914.591974 1.000000
7195109.077933 7195109.077933 1.000000
7195217.013190 7195217.013190 1.000000
7195534.261667 7195534.261667 1.000000
7194899.574083 7194899.574083 1.000000
7194113.594352 7194113.594352 1.000000
7194347.664350 7194347.664350 1.000000
7194981.487162 7194981.487162 1.000000
7197131.683065 7197131.683065 1.000000
7198338.163187 7198338.163187 1.000000
7198707.614545 7198707.614545 1.000000
7199628.128189 7199628.128189 1.000000
7199989.123373 7199989.123373 1.000000
7200829.638027 7200829.638027 1.000000
7201324.334115 7201324.334115 1.000000
7201512.541936 7201512.541936 1.000000
7201637.726163 7201637.726163 1.000000
7201784.568342 7201784.568342 1.000000
7202609.312757 7202609.312757 1.000000
7203339.200672 7203339.200672 1.000000
7203483.826743 7203483.826743 1.000000
7204035.892458 7204035.892458 1.000000
7204380.118306 7204380.118306 1.000000
7204224.573115 7204224.573115 1.000000
7205001.303680 7205001.303680 1.000000
7205641.840932 7205641.840932 1.000000
7205983.441423 7205983.441423 1.000000
7206380.279088 7206380.279088 1.000000
7206377.591079 7206377.591079 1.000000
7205726.353939 7205726.353939 1.000000
7206008.123455 7206008.123455 1.000000
7205887.525232 7205887.525232 1.000000
7206849.283977 7206849.283977 1.000000
7206722.051231 7206722.051231 1.000000
7206161.439785 7206161.439785 1.000000
7206489.063436 7206489.063436 1.000000
7206169.471443 7206169.471443 1.000000
7206005.478159 7206005.478159 1.000000
7205718.646203 7205718.646203 1.000000
7205426.566756 7205426.566756 1.000000
7204791.597338 7204791.597338 1.000000
7204424.543138 7204424.543138 1.000000
7203591.670264 7203591.670264 1.000000
7203791.467364 7203791.467364 1.000000
7203942.200246 7203942.200246 1.000000
7204094.632813 7204094.632813 1.000000
7203933.608420 7203933.608420 1.000000
7204765.462953 7204765.462953 1.000000
7203766.584300 7203766.584300 1.000000
7204395.306854 7204395.306854 1.000000
7204502.164554 7204502.164554 1.000000
7203732.126728 7203732.126728 1.000000
7203929.553089 7203929.553089 1.000000
7204507.234785 7204507.234785 1.000000
7203634.809420 7203634.809420 1.000000
7203774.981005 7203774.981005 1.000000
7204142.319042 7204142.319042 1.000000
7204350.832276 7204350.832276 1.000000
7203888.118443 7203888.118443 1.000000
7204819.469503 7204819.469503 1.000000
7204178.475910 7204178.475910 1.000000
7205348.037454 7205348.037454 1.000000
7205571.293230 7205571.293230 1.000000
7205989.603081 7205989.603081 1.000000
7209073.942720 7209073.942720 1.000000
7209377.648700 7209377.648700 1.000000
7208971.525645 7208971.525645 1.000000
7210825.975586 7210825.975586 1.000000
7210102.464369 7210102.464369 1.000000
7210816.139074 7210816.139074 1.000000
7210704.144558 7210704.144558 1.000000
7211239.645986 7211239.645986 1.000000
7211600.549619 7211600.549619 1.000000
7211079.238738 7211079.238738 1.000000
7210790.635187 7210790.635187 1.000000
7210680.102270 7210680.102270 1.000000
7210105.095411 7210105.095411 1.000000
7209799.635732 7209799.635732 1.000000
7209665.175901 7209665.175901 1.000000
7209024.451353 7209024.451353 1.000000
7209677.275801 7209677.275801 1.000000
7209944.200110 7209944.200110 1.000000
7210459.867866 7210459.867866 1.000000
7210331.939515 7210331.939515 1.000000
7210614.129272 7210614.129272 1.000000
7210341.610880 7210341.610880 1.000000
7210762.399386 7210762.399386 1.000000
7209999.960395 7209999.960395 1.000000
7210242.695605 7210242.695605 1.000000
7209942.264810 7209942.264810 1.000000
7210340.640204 7210340.640204 1.000000
7210530.566326 7210530.566326 1.000000
7210313.831679 7210313.831679 1.000000
7210564.743890 7210564.743890 1.000000
7210027.561966 7210027.561966 1.000000
7211085.862196 7211085.862196 1.000000
7211187.886117 7211187.886117 1.000000
7211534.853680 7211534.853680 1.000000
7211983.276109 7211983.276109 1.000000
7212229.723831 7212229.723831 1.000000
7211798.646527 7211798.646527 1.000000
7212043.401963 7212043.401963 1.000000
7212288.566368 7212288.566368 1.000000
7210794.219110 7210794.219110 1.000000
7211423.379691 7211423.379691 1.000000
7210269.709804 7210269.709804 1.000000
7209709.990570 7209709.990570 1.000000
7209531.583342 7209531.583342 1.000000
7209160.674713 7209160.674713 1.000000
7208695.609792 7208695.609792 1.000000
7208385.390984 7208385.390984 1.000000
7208191.383471 7208191.383471 1.000000
7208605.796084 7208605.796084 1.000000
7208039.399589 7208039.399589 1.000000
7208155.165383 7208155.165383 1.000000
7207539.257459 7207539.257459 1.000000
7206877.511477 7206877.511477 1.000000
7207095.888389 7207095.888389 1.000000
7206759.107881 7206759.107881 1.000000
7206866.787170 7206866.787170 1.000000
7206660.413763 7206660.413763 1.000000
7205556.881356 7205556.881356 1.000000
7205965.763578 7205965.763578 1.000000
7207492.929276 7207492.929276 1.000000
7207808.246673 7207808.246673 1.000000
7207927.088579 7207927.088579 1.000000
7207364.699463 7207364.699463 1.000000
7207951.224650 7207951.224650 1.000000
7207772.630865 7207772.630865 1.000000
7207492.349142 7207492.349142 1.000000
7207118.691932 7207118.691932 1.000000
7206620.319622 7206620.319622 1.000000
7206512.602670 7206512.602670 1.000000
7205160.209647 7205160.209647 1.000000
7206029.854860 7206029.854860 1.000000
7205259.861613 7205259.861613 1.000000
7204658.912707 7204658.912707 1.000000
7204159.175015 7204159.175015 1.000000
7204878.774304 7204878.774304 1.000000
7204507.278727 7204507.278727 1.000000
7204125.349892 7204125.349892 1.000000
7204274.230425 7204274.230425 1.000000
7203888.977742 7203888.977742 1.000000
7204614.788242 7204614.788242 1.000000
7204417.164191 7204417.164191 1.000000
7204636.793678 7204636.793678 1.000000
7204932.574971 7204932.574971 1.000000
7205500.663270 7205500.663270 1.000000
7205320.012527 7205320.012527 1.000000
7205464.880055 7205464.880055 1.000000
7205832.291121 7205832.291121 1.000000
7206508.809660 7206508.809660 1.000000
7206755.425957 7206755.425957 1.000000
7206902.889090 7206902.889090 1.000000
7206077.891503 7206077.891503 1.000000
7205262.887200 7205262.887200 1.000000
7205860.183253 7205860.183253 1.000000
7205458.179356 7205458.179356 1.000000
7205040.880464 7205040.880464 1.000000
7204473.602801 7204473.602801 1.000000
7204751.877834 7204751.877834 1.000000
7204881.750573 7204881.750573 1.000000
7205158.212539 7205158.212539 1.000000
7205160.398543 7205160.398543 1.000000
7205019.832444 7205019.832444 1.000000
7205641.436753 7205641.436753 1.000000
7205755.617694 7205755.617694 1.000000
7205789.828210 7205789.828210 1.000000
7206344.079460 7206344.079460 1.000000
7206984.075181 7206984.075181 1.000000
7206795.815532 7206795.815532 1.000000
7207078.164215 7207078.164215 1.000000
7206846.286049 7206846.286049 1.000000
7207027.159549 7207027.159549 1.000000
7207756.962833 7207756.962833 1.000000
7208186.596980 7208186.596980 1.000000
7208293.429235 7208293.429235 1.000000
7207341.740341 7207341.740341 1.000000
7206384.539796 7206384.539796 1.000000
7206281.873009 7206281.873009 1.000000
7205783.405561 7205783.405561 1.000000
7205656.369883 7205656.369883 1.000000
7205321.573628 7205321.573628 1.000000
7204849.898502 7204849.898502 1.000000
7205811.858959 7205811.858959 1.000000
7205579.375626 7205579.375626 1.000000
7205412.276203 7205412.276203 1.000000
7204462.949673 7204462.949673 1.000000
7204699.091773 7204699.091773 1.000000
7205520.685208 7205520.685208 1.000000
7205202.262421 7205202.262421 1.000000
7203320.054283 7203320.054283 1.000000
7206267.907284 7206267.907284 1.000000
7207134.705290 7207134.705290 1.000000
7206911.566720 7206911.566720 1.000000
7206225.688460 7206225.688460 1.000000
7205366.782173 7205366.782173 1.000000
7204337.239974 7204337.239974 1.000000
7203766.843281 7203766.843281 1.000000
7204568.599598 7204568.599598 1.000000
7204972.860936 7204972.860936 1.000000
7205797.612418 7205797.612418 1.000000
7205986.991294 7205986.991294 1.000000
7205589.474354 7205589.474354 1.000000
7203969.350333 7203969.350333 1.000000
7203386.809719 7203386.809719 1.000000
7202121.318487 7202121.318487 1.000000
7202011.578550 7202011.578550 1.000000
7201685.517845 7201685.517845 1.000000
7201330.548197 7201330.548197 1.000000
7200772.127691 7200772.127691 1.000000
7200625.160954 7200625.160954 1.000000
7200435.749904 7200435.749904 1.000000
7199871.087442 7199871.087442 1.000000
7199603.111695 7199603.111695 1.000000
7200068.164090 7200068.164090 1.000000
7199419.958040 7199419.958040 1.000000
7199531.405946 7199531.405946 1.000000
7200586.481485 7200586.481485 1.000000
7201515.317596 7201515.317596 1.000000
7201773.440786 7201773.440786 1.000000
7201135.950178 7201135.950178 1.000000
7200314.580323 7200314.580323 1.000000
7199995.574152 7199995.574152 1.000000
7199193.478920 7199193.478920 1.000000
7198940.654879 7198940.654879 1.000000
7198792.448801 7198792.448801 1.000000
7198524.115550 7198524.115550 1.000000
7199094.809999 7199094.809999 1.000000
7198920.887044 7198920.887044 1.000000
7199223.984030 7199223.984030 1.000000
7198908.070081 7198908.070081 1.000000
7199408.668464 7199408.668464 1.000000
7199707.313810 7199707.313810 1.000000
7199972.522264 7199972.522264 1.000000
7199782.061356 7199782.061356 1.000000
7200220.497372 7200220.497372 1.000000
7200392.318891 7200392.318891 1.000000
7200078.792002 7200078.792002 1.000000
7200898.951982 7200898.951982 1.000000
7201418.433369 7201418.433369 1.000000
7202058.760080 7202058.760080 1.000000
7201072.392027 7201072.392027 1.000000
7201175.720417 7201175.720417 1.000000
7200785.431786 7200785.431786 1.000000
7201076.569092 7201076.569092 1.000000
7201481.385484 7201481.385484 1.000000
7201683.212265 7201683.212265 1.000000
7201027.380238 7201027.380238 1.000000
7200739.627432 7200739.627432 1.000000
7200909.549010 7200909.549010 1.000000
7200647.368979 7200647.368979 1.000000
7200218.520083 7200218.520083 1.000000
7200958.861018 7200958.861018 1.000000
7201285.514889 7201285.514889 1.000000
7202002.959541 7202002.959541 1.000000
7202005.172414 7202005.172414 1.000000
7202421.882206 7202421.882206 1.000000
7203009.920158 7203009.920158 1.000000
7203618.001295 7203618.001295 1.000000
7203419.018314 7203419.018314 1.000000
7202872.522072 7202872.522072 1.000000
7202562.629211 7202562.629211 1.000000
7202678.151976 7202678.151976 1.000000
7202574.647595 7202574.647595 1.000000
7202056.816214 7202056.816214 1.000000
7202080.570826 7202080.570826 1.000000
7202774.692612 7202774.692612 1.000000
7202467.228951 7202467.228951 1.000000
7202883.080782 7202883.080782 1.000000
7202077.874270 7202077.874270 1.000000
7202460.606936 7202460.606936 1.000000
7203015.505571 7203015.505571 1.000000
7203438.171489 7203438.171489 1.000000
7203989.826283 7203989.826283 1.000000
7204528.350209 7204528.350209 1.000000
7203912.471667 7203912.471667 1.000000
7204120.672217 7204120.672217 1.000000
7204008.346301 7204008.346301 1.000000
7203879.762635 7203879.762635 1.000000
7201662.009891 7201662.009891 1.000000
7202324.052052 7202324.052052 1.000000
7202221.304781 7202221.304781 1.000000
7202751.461339 7202751.461339 1.000000
7202620.733233 7202620.733233 1.000000
7202739.430562 7202739.430562 1.000000
7203022.765251 7203022.765251 1.000000
7203914.065642 7203914.065642 1.000000
7204027.466796 7204027.466796 1.000000
7204923.251625 7204923.251625 1.000000
7204709.616413 7204709.616413 1.000000
7203836.404049 7203836.404049 1.000000
7203645.599951 7203645.599951 1.000000
7203985.712894 7203985.712894 1.000000
7203836.703562 7203836.703562 1.000000
7203643.988096 7203643.988096 1.000000
7204222.199252 7204222.199252 1.000000
7204115.982532 7204115.982532 1.000000
7203717.245794 7203717.245794 1.000000
7203357.814850 7203357.814850 1.000000
7203473.005415 7203473.005415 1.000000
7202951.306032 7202951.306032 1.000000
7202845.445416 7202845.445416 1.000000
7202472.763745 7202472.763745 1.000000
7202038.979067 7202038.979067 1.000000
7201033.755185 7201033.755185 1.000000
7200924.574079 7200924.574079 1.000000
7201043.966126 7201043.966126 1.000000
7200432.545506 7200432.545506 1.000000
7200670.651696 7200670.651696 1.000000
7200870.417057 7200870.417057 1.000000
7200182.859474 7200182.859474 1.000000
7199899.144173 7199899.144173 1.000000
7198990.578588 7198990.578588 1.000000
7198454.694153 7198454.694153 1.000000
7198850.309468 7198850.309468 1.000000
7198644.867221 7198644.867221 1.000000
7198233.473376 7198233.473376 1.000000
7197431.347025 7197431.347025 1.000000
7197825.859601 7197825.859601 1.000000
7198169.775153 7198169.775153 1.000000
7196896.403107 7196896.403107 1.000000
7197460.400797 7197460.400797 1.000000
7197135.389177 7197135.389177 1.000000
7197735.623952 7197735.623952 1.000000
7198463.181503 7198463.181503 1.000000
7199088.848318 7199088.848318 1.000000
7199235.715349 7199235.715349 1.000000
7199849.464024 7199849.464024 1.000000
7200233.964783 7200233.964783 1.000000
7200544.559873 7200544.559873 1.000000
7200271.374041 7200271.374041 1.000000
7202269.519525 7202269.519525 1.000000
7202977.769897 7202977.769897 1.000000
7201766.693259 7201766.693259 1.000000
7199499.957027 7199499.957027 1.000000
7199783.447885 7199783.447885 1.000000
7199117.793449 7199117.793449 1.000000
7199372.231209 7199372.231209 1.000000
7199019.250670 7199019.250670 1.000000
7198243.335945 7198243.335945 1.000000
7197784.955748 7197784.955748 1.000000
7197599.141424 7197599.141424 1.000000
7196717.225380 7196717.225380 1.000000
7197461.830958 7197461.830958 1.000000
7195722.213711 7195722.213711 1.000000
7195378.923431 7195378.923431 1.000000
7195510.009611 7195510.009611 1.000000
7194538.274691 7194538.274691 1.000000
7195056.024893 7195056.024893 1.000000
7194602.463112 7194602.463112 1.000000
7194339.403014 7194339.403014 1.000000
7195134.598480 7195134.598480 1.000000
7195486.391700 7195486.391700 1.000000
7195723.476013 7195723.476013 1.000000
7195110.863269 7195110.863269 1.000000
7195290.602225 7195290.602225 1.000000
7195871.313882 7195871.313882 1.000000
7196047.038837 7196047.038837 1.000000
7197658.629522 7197658.629522 1.000000
7197799.427974 7197799.427974 1.000000
7197674.288701 7197674.288701 1.000000
7198515.080550 7198515.080550 1.000000
7198696.764702 7198696.764702 1.000000
7197870.388096 7197870.388096 1.000000
7197657.792123 7197657.792123 1.000000
7198034.373275 7198034.373275 1.000000
7197542.305216 7197542.305216 1.000000
7196930.185875 7196930.185875 1.000000
7197052.582486 7197052.582486 1.000000
7197394.681493 7197394.681493 1.000000
7199369.816478 7199369.816478 1.000000
7198461.217862 7198461.217862 1.000000
7198936.341131 7198936.341131 1.000000
7198875.659153 7198875.659153 1.000000
7199384.545820 7199384.545820 1.000000
7199884.181332 7199884.181332 1.000000
7199762.123444 7199762.123444 1.000000
7199990.474549 7199990.474549 1.000000
7200614.433354 7200614.433354 1.000000
7200966.774696 7200966.774696 1.000000
7200527.516131 7200527.516131 1.000000
7201269.000500 7201269.000500 1.000000
7201086.142031 7201086.142031 1.000000
7200571.428310 7200571.428310 1.000000
7201002.295425 7201002.295425 1.000000
7200717.619361 7200717.619361 1.000000
7200238.311458 7200238.311458 1.000000
7199554.896925 7199554.896925 1.000000
7200406.304997 7200406.304997 1.000000
7199318.371162 7199318.371162 1.000000
7200951.294304 7200951.294304 1.000000
7200537.603732 7200537.603732 1.000000
7197516.239907 7197516.239907 1.000000
7197548.763524 7197548.763524 1.000000
7197041.624892 7197041.624892 1.000000
7196794.682446 7196794.682446 1.000000
7197233.453723 7197233.453723 1.000000
7196952.219139 7196952.219139 1.000000
7197564.906422 7197564.906422 1.000000
7197823.529579 7197823.529579 1.000000
7197964.994833 7197964.994833 1.000000
7197375.334478 7197375.334478 1.000000
7198082.690036 7198082.690036 1.000000
7198392.065919 7198392.065919 1.000000
7198893.840509 7198893.840509 1.000000
