7401522.406306 7401522.406306 1.000000
7403164.075907 7403164.075907 1.000000
7403353.731607 7403353.731607 1.000000
7404970.621796 7404970.621796 1.000000
7405601.452260 7405601.452260 1.000000
7405042.666255 7405042.666255 1.000000
7404950.003347 7404950.003347 1.000000
7405133.624045 7405133.624045 1.000000
7405194.300810 7405194.300810 1.000000
7405641.779124 7405641.779124 1.000000
7405644.299490 7405644.299490 1.000000
7405619.329883 7405619.329883 1.000000
7406344.477843 7406344.477843 1.000000
7406501.502644 7406501.502644 1.000000
7406326.652636 7406326.652636 1.000000
7406417.757230 7406417.757230 1.000000
7406572.555631 7406572.555631 1.000000
7407308.633190 7407308.633190 1.000000
7407679.523741 7407679.523741 1.000000
7408293.966602 7408293.966602 1.000000
7408306.760888 7408306.760888 1.000000
7408306.908969 7408306.908969 1.000000
7409534.823448 7409534.823448 1.000000
7409826.964119 7409826.964119 1.000000
7410051.758461 7410051.758461 1.000000
7410030.367859 7410030.367859 1.000000
7409953.147111 7409953.147111 1.000000
7410034.158467 7410034.158467 1.000000
7410056.968584 7410056.968584 1.000000
7410243.644443 7410243.644443 1.000000
7410330.888615 7410330.888615 1.000000
7410859.914756 7410859.914756 1.000000
7410842.178197 7410842.178197 1.000000
7410729.771684 7410729.771684 1.000000
7410606.633080 7410606.633080 1.000000
7410532.766260 7410532.766260 1.000000
7410668.640123 7410668.640123 1.000000
7410515.306735 7410515.306735 1.000000
7410504.298870 7410504.298870 1.000000
7410344.012634 7410344.012634 1.000000
7410460.880149 7410460.880149 1.000000
7410679.956127 7410679.956127 1.000000
7410919.834641 7410919.834641 1.000000
7411686.397361 7411686.397361 1.000000
7411833.414421 7411833.414421 1.000000
7411763.378755 7411763.378755 1.000000
7411590.849550 7411590.849550 1.000000
7411719.991340 7411719.991340 1.000000
7411766.734268 7411766.734268 1.000000
7412227.194084 7412227.194084 1.000000
7411311.942295 7411311.942295 1.000000
7410331.384020 7410331.384020 1.000000
7408265.013260 7408265.013260 1.000000
7408293.130181 7408293.130181 1.000000
7408182.272811 7408182.272811 1.000000
7407797.375538 7407797.375538 1.000000
7407567.420897 7407567.420897 1.000000
7407242.041893 7407242.041893 1.000000
7407021.895284 7407021.895284 1.000000
7406532.195915 7406532.195915 1.000000
7407089.574968 7407089.574968 1.000000
7406939.964500 7406939.964500 1.000000
7406598.171329 7406598.171329 1.000000
7406777.396256 7406777.396256 1.000000
7406431.345936 7406431.345936 1.000000
7406615.772645 7406615.772645 1.000000
7406454.204124 7406454.204124 1.000000
7406535.377615 7406535.377615 1.000000
7406360.785758 7406360.785758 1.000000
7406338.923979 7406338.923979 1.000000
7406150.654764 7406150.654764 1.000000
7406038.118905 7406038.118905 1.000000
7405946.927319 7405946.927319 1.000000
7405961.266142 7405961.266142 1.000000
7406121.343505 7406121.343505 1.000000
7406321.217797 7406321.217797 1.000000
7406226.526355 7406226.526355 1.000000
7406213.380906 7406213.380906 1.000000
7406224.949302 7406224.949302 1.000000
7406589.155965 7406589.155965 1.000000
7406868.956370 7406868.956370 1.000000
7406888.947270 7406888.947270 1.000000
7406605.110831 7406605.110831 1.000000
7406786.302909 7406786.302909 1.000000
7406862.219111 7406862.219111 1.000000
7406983.898426 7406983.898426 1.000000
7407008.623248 7407008.623248 1.000000
7407132.065276 7407132.065276 1.000000
7407363.805386 7407363.805386 1.000000
7407861.888233 7407861.888233 1.000000
7407872.133148 7407872.133148 1.000000
7407938.189677 7407938.189677 1.000000
7408111.671361 7408111.671361 1.000000
7407929.989561 7407929.989561 1.000000
7407948.999829 7407948.999829 1.000000
7407801.577958 7407801.577958 1.000000
7408250.247715 7408250.247715 1.000000
7408427.802575 7408427.802575 1.000000
7408564.900374 7408564.900374 1.000000
7408050.016497 7408050.016497 1.000000
7408740.685296 7408740.685296 1.000000
7409032.526139 7409032.526139 1.000000
7409123.909720 7409123.909720 1.000000
7409028.122458 7409028.122458 1.000000
7409166.433480 7409166.433480 1.000000
7409056.902852 7409056.902852 1.000000
7409212.016585 7409212.016585 1.000000
7409029.473231 7409029.473231 1.000000
7409708.431939 7409708.431939 1.000000
7409413.455485 7409413.455485 1.000000
7409227.312848 7409227.312848 1.000000
7409372.092670 7409372.092670 1.000000
7409503.670554 7409503.670554 1.000000
7409799.858179 7409799.858179 1.000000
7410183.324613 7410183.324613 1.000000
7410193.639100 7410193.639100 1.000000
7410205.284598 7410205.284598 1.000000
7410117.357300 7410117.357300 1.000000
7410229.213741 7410229.213741 1.000000
7410569.214808 7410569.214808 1.000000
7410877.857679 7410877.857679 1.000000
7410975.590336 7410975.590336 1.000000
7411250.308203 7411250.308203 1.000000
7411075.615856 7411075.615856 1.000000
7410922.993808 7410922.993808 1.000000
7410680.275131 7410680.275131 1.000000
7410441.248049 7410441.248049 1.000000
7410069.108507 7410069.108507 1.000000
7410749.711955 7410749.711955 1.000000
7410735.136862 7410735.136862 1.000000
7410872.471395 7410872.471395 1.000000
7410905.085598 7410905.085598 1.000000
7410980.310474 7410980.310474 1.000000
7410802.163486 7410802.163486 1.000000
7410755.955515 7410755.955515 1.000000
7410732.138097 7410732.138097 1.000000
7410827.870414 7410827.870414 1.000000
7410715.132787 7410715.132787 1.000000
7410635.584558 7410635.584558 1.000000
7410611.231090 7410611.231090 1.000000
7411333.801866 7411333.801866 1.000000
7411322.772041 7411322.772041 1.000000
7410572.457674 7410572.457674 1.000000
7410528.288959 7410528.288959 1.000000
7410527.509835 7410527.509835 1.000000
7410638.959774 7410638.959774 1.000000
7410756.016025 7410756.016025 1.000000
7411303.996395 7411303.996395 1.000000
7410742.218117 7410742.218117 1.000000
7410725.019314 7410725.019314 1.000000
7412002.829340 7412002.829340 1.000000
7412111.917958 7412111.917958 1.000000
7411812.230681 7411812.230681 1.000000
7411706.240935 7411706.240935 1.000000
