7404527.103881 7404527.103881 1.000000
7404690.269078 7404690.269078 1.000000
7405460.016389 7405460.016389 1.000000
7404986.266150 7404986.266150 1.000000
7404934.183952 7404934.183952 1.000000
7404951.850777 7404951.850777 1.000000
7404775.993349 7404775.993349 1.000000
7405322.742980 7405322.742980 1.000000
7404988.704549 7404988.704549 1.000000
7404720.171928 7404720.171928 1.000000
7404323.301056 7404323.301056 1.000000
7404808.045740 7404808.045740 1.000000
7405179.715602 7405179.715602 1.000000
7404838.799572 7404838.799572 1.000000
7404385.459412 7404385.459412 1.000000
7404020.694798 7404020.694798 1.000000
7404160.233240 7404160.233240 1.000000
7404866.344855 7404866.344855 1.000000
7404521.192824 7404521.192824 1.000000
7404399.225047 7404399.225047 1.000000
7403795.604282 7403795.604282 1.000000
7403223.768540 7403223.768540 1.000000
7403662.074975 7403662.074975 1.000000
7403075.484159 7403075.484159 1.000000
7403149.804058 7403149.804058 1.000000
7403657.100116 7403657.100116 1.000000
7403605.129237 7403605.129237 1.000000
7403197.957556 7403197.957556 1.000000
7403284.477155 7403284.477155 1.000000
7403047.300376 7403047.300376 1.000000
7402696.778755 7402696.778755 1.000000
7403201.497676 7403201.497676 1.000000
7403041.318229 7403041.318229 1.000000
7402850.391118 7402850.391118 1.000000
7402467.768578 7402467.768578 1.000000
7401906.690089 7401906.690089 1.000000
7401236.994523 7401236.994523 1.000000
7401547.837481 7401547.837481 1.000000
7401765.209729 7401765.209729 1.000000
7402219.122277 7402219.122277 1.000000
7401972.580665 7401972.580665 1.000000
7402289.820289 7402289.820289 1.000000
7402840.050971 7402840.050971 1.000000
7402754.459849 7402754.459849 1.000000
7402866.545376 7402866.545376 1.000000
7402800.363752 7402800.363752 1.000000
7403026.732705 7403026.732705 1.000000
7403335.865083 7403335.865083 1.000000
7403883.482262 7403883.482262 1.000000
7403969.213803 7403969.213803 1.000000
7404269.293139 7404269.293139 1.000000
7403817.630536 7403817.630536 1.000000
7403473.551234 7403473.551234 1.000000
7403684.068012 7403684.068012 1.000000
7404215.987695 7404215.987695 1.000000
7404650.617321 7404650.617321 1.000000
7404021.368404 7404021.368404 1.000000
7404495.767544 7404495.767544 1.000000
7404966.136278 7404966.136278 1.000000
7405308.715884 7405308.715884 1.000000
7404864.919046 7404864.919046 1.000000
7404785.374273 7404785.374273 1.000000
7404359.147315 7404359.147315 1.000000
7403571.003861 7403571.003861 1.000000
7403848.592621 7403848.592621 1.000000
7404349.452733 7404349.452733 1.000000
7404012.441697 7404012.441697 1.000000
7403861.891761 7403861.891761 1.000000
7403548.376344 7403548.376344 1.000000
7404155.587993 7404155.587993 1.000000
7403599.760964 7403599.760964 1.000000
7403688.281168 7403688.281168 1.000000
7403328.552271 7403328.552271 1.000000
7403448.448375 7403448.448375 1.000000
7403293.368597 7403293.368597 1.000000
7403575.866670 7403575.866670 1.000000
7403349.016632 7403349.016632 1.000000
7402871.298382 7402871.298382 1.000000
7405811.589041 7405811.589041 1.000000
7405945.703212 7405945.703212 1.000000
7405578.709676 7405578.709676 1.000000
7405194.430727 7405194.430727 1.000000
7404882.930857 7404882.930857 1.000000
7404259.276722 7404259.276722 1.000000
7403107.947400 7403107.947400 1.000000
7403028.546012 7403028.546012 1.000000
7403440.495772 7403440.495772 1.000000
7403140.627207 7403140.627207 1.000000
7403391.170764 7403391.170764 1.000000
7404037.156908 7404037.156908 1.000000
7404228.556855 7404228.556855 1.000000
7404012.289396 7404012.289396 1.000000
7404325.718681 7404325.718681 1.000000
7403873.804364 7403873.804364 1.000000
7403236.776646 7403236.776646 1.000000
7403274.418484 7403274.418484 1.000000
7403300.540080 7403300.540080 1.000000
7403535.156980 7403535.156980 1.000000
7403600.447869 7403600.447869 1.000000
7403680.568744 7403680.568744 1.000000
7402771.351919 7402771.351919 1.000000
7401250.318865 7401250.318865 1.000000
7401649.305967 7401649.305967 1.000000
7399661.964460 7399661.964460 1.000000
7398938.108701 7398938.108701 1.000000
7400427.935765 7400427.935765 1.000000
7400107.063976 7400107.063976 1.000000
7398369.439873 7398369.439873 1.000000
7400718.272105 7400718.272105 1.000000
7400581.732159 7400581.732159 1.000000
7400379.912856 7400379.912856 1.000000
7400137.074591 7400137.074591 1.000000
7399900.939556 7399900.939556 1.000000
7399414.560829 7399414.560829 1.000000
7398540.003771 7398540.003771 1.000000
7398213.665553 7398213.665553 1.000000
7397867.833169 7397867.833169 1.000000
7397481.244625 7397481.244625 1.000000
7397580.658692 7397580.658692 1.000000
7396926.747743 7396926.747743 1.000000
7397182.799990 7397182.799990 1.000000
7396899.201777 7396899.201777 1.000000
7397108.646648 7397108.646648 1.000000
7396920.889714 7396920.889714 1.000000
7396868.947136 7396868.947136 1.000000
7397571.367972 7397571.367972 1.000000
7397784.658139 7397784.658139 1.000000
7397683.096674 7397683.096674 1.000000
7397709.630342 7397709.630342 1.000000
7397673.429883 7397673.429883 1.000000
7398325.800477 7398325.800477 1.000000
7398701.186142 7398701.186142 1.000000
7399032.049127 7399032.049127 1.000000
7399186.378477 7399186.378477 1.000000
7399030.710626 7399030.710626 1.000000
7398904.021431 7398904.021431 1.000000
7399539.636866 7399539.636866 1.000000
7400094.590116 7400094.590116 1.000000
7399908.839958 7399908.839958 1.000000
7400169.552341 7400169.552341 1.000000
7400375.618620 7400375.618620 1.000000
7399616.481742 7399616.481742 1.000000
7400669.369578 7400669.369578 1.000000
7401249.167578 7401249.167578 1.000000
7401291.103624 7401291.103624 1.000000
7401884.122354 7401884.122354 1.000000
7401827.964358 7401827.964358 1.000000
7402499.224317 7402499.224317 1.000000
7402430.298389 7402430.298389 1.000000
7402098.839255 7402098.839255 1.000000
7402774.465916 7402774.465916 1.000000
7402896.837029 7402896.837029 1.000000
7402475.085119 7402475.085119 1.000000
7401949.096447 7401949.096447 1.000000
7401714.623569 7401714.623569 1.000000
7401762.439547 7401762.439547 1.000000
7403521.168665 7403521.168665 1.000000
7403103.729028 7403103.729028 1.000000
7402738.632333 7402738.632333 1.000000
7401835.252119 7401835.252119 1.000000
7403395.785513 7403395.785513 1.000000
7404218.001383 7404218.001383 1.000000
7403501.937993 7403501.937993 1.000000
7404082.447051 7404082.447051 1.000000
7404141.653930 7404141.653930 1.000000
7404065.808164 7404065.808164 1.000000
7404414.744133 7404414.744133 1.000000
7404422.678522 7404422.678522 1.000000
7404118.347847 7404118.347847 1.000000
7403828.155716 7403828.155716 1.000000
7402480.261485 7402480.261485 1.000000
7403424.675265 7403424.675265 1.000000
7403072.445454 7403072.445454 1.000000
7402642.283077 7402642.283077 1.000000
7401833.135223 7401833.135223 1.000000
7401506.159975 7401506.159975 1.000000
7401718.904663 7401718.904663 1.000000
7401946.730463 7401946.730463 1.000000
7401943.895393 7401943.895393 1.000000
7402874.778789 7402874.778789 1.000000
7402603.364429 7402603.364429 1.000000
7403058.956156 7403058.956156 1.000000
7402887.530829 7402887.530829 1.000000
7403264.383524 7403264.383524 1.000000
7403787.809272 7403787.809272 1.000000
7404148.699258 7404148.699258 1.000000
7403857.097466 7403857.097466 1.000000
7403994.638850 7403994.638850 1.000000
7403701.037120 7403701.037120 1.000000
7404912.633367 7404912.633367 1.000000
7405375.525591 7405375.525591 1.000000
7405207.985052 7405207.985052 1.000000
7405070.289335 7405070.289335 1.000000
7405085.249871 7405085.249871 1.000000
7406000.444429 7406000.444429 1.000000
7405429.898467 7405429.898467 1.000000
7405090.998490 7405090.998490 1.000000
7404606.110938 7404606.110938 1.000000
7404561.808246 7404561.808246 1.000000
7403944.821845 7403944.821845 1.000000
7404342.921473 7404342.921473 1.000000
