7249905.817800 7249905.817800 1.000000
7249934.115843 7249934.115843 1.000000
7249990.348236 7249990.348236 1.000000
7250083.982054 7250083.982054 1.000000
7250163.958192 7250163.958192 1.000000
7250249.611637 7250249.611637 1.000000
7250306.804503 7250306.804503 1.000000
7250400.665298 7250400.665298 1.000000
7250518.016964 7250518.016964 1.000000
7250566.017366 7250566.017366 1.000000
7250664.664702 7250664.664702 1.000000
7250548.755485 7250548.755485 1.000000
7250561.911053 7250561.911053 1.000000
7250664.644501 7250664.644501 1.000000
7250706.271394 7250706.271394 1.000000
7251044.723559 7251044.723559 1.000000
7250435.355458 7250435.355458 1.000000
7250082.978519 7250082.978519 1.000000
7250105.242555 7250105.242555 1.000000
7250057.845455 7250057.845455 1.000000
7250365.490375 7250365.490375 1.000000
7250382.261723 7250382.261723 1.000000
7250656.736367 7250656.736367 1.000000
7250658.524549 7250658.524549 1.000000
7250826.805351 7250826.805351 1.000000
7250247.952724 7250247.952724 1.000000
7250274.765836 7250274.765836 1.000000
7250344.334650 7250344.334650 1.000000
7250339.813035 7250339.813035 1.000000
7250433.449158 7250433.449158 1.000000
7250541.828267 7250541.828267 1.000000
7250481.441160 7250481.441160 1.000000
7250363.108326 7250363.108326 1.000000
7250360.992123 7250360.992123 1.000000
7250295.635419 7250295.635419 1.000000
7250365.855652 7250365.855652 1.000000
7250441.343814 7250441.343814 1.000000
7250565.882071 7250565.882071 1.000000
7248661.073631 7248661.073631 1.000000
7248743.853459 7248743.853459 1.000000
7248858.690412 7248858.690412 1.000000
7248870.670387 7248870.670387 1.000000
7248977.041405 7248977.041405 1.000000
7249010.357168 7249010.357168 1.000000
7249028.159945 7249028.159945 1.000000
7249076.182679 7249076.182679 1.000000
7248699.908207 7248699.908207 1.000000
7248806.895347 7248806.895347 1.000000
7248337.795108 7248337.795108 1.000000
7248974.702658 7248974.702658 1.000000
7249288.601884 7249288.601884 1.000000
7249880.716188 7249880.716188 1.000000
7249997.588355 7249997.588355 1.000000
7250061.630842 7250061.630842 1.000000
7250190.948360 7250190.948360 1.000000
7249918.610002 7249918.610002 1.000000
7249968.596940 7249968.596940 1.000000
7249929.817729 7249929.817729 1.000000
7249969.163873 7249969.163873 1.000000
7250013.801117 7250013.801117 1.000000
7250015.658542 7250015.658542 1.000000
7250148.172018 7250148.172018 1.000000
7249771.011886 7249771.011886 1.000000
7249698.914173 7249698.914173 1.000000
7249762.402225 7249762.402225 1.000000
7249855.778295 7249855.778295 1.000000
7249882.036084 7249882.036084 1.000000
7249819.293316 7249819.293316 1.000000
7249818.886653 7249818.886653 1.000000
7250007.929340 7250007.929340 1.000000
7250638.935279 7250638.935279 1.000000
7249748.023972 7249748.023972 1.000000
7249708.797769 7249708.797769 1.000000
7250081.777074 7250081.777074 1.000000
7249565.454457 7249565.454457 1.000000
7249899.739082 7249899.739082 1.000000
7249599.412890 7249599.412890 1.000000
7249631.228290 7249631.228290 1.000000
