7400144.807757 7400144.807757 1.000000
7400945.238177 7400945.238177 1.000000
7401115.137334 7401115.137334 1.000000
7401579.072356 7401579.072356 1.000000
7405271.627012 7405271.627012 1.000000
7405069.108974 7405069.108974 1.000000
7405431.088989 7405431.088989 1.000000
7405566.337463 7405566.337463 1.000000
7405445.591692 7405445.591692 1.000000
7407036.327807 7407036.327807 1.000000
7407470.574583 7407470.574583 1.000000
7407307.234414 7407307.234414 1.000000
7407904.989238 7407904.989238 1.000000
7406950.608400 7406950.608400 1.000000
7407056.034734 7407056.034734 1.000000
7407094.106039 7407094.106039 1.000000
7407340.898012 7407340.898012 1.000000
7407177.912189 7407177.912189 1.000000
7407299.691474 7407299.691474 1.000000
7407041.185844 7407041.185844 1.000000
7407228.263623 7407228.263623 1.000000
7407456.533462 7407456.533462 1.000000
7408193.731965 7408193.731965 1.000000
7408526.368603 7408526.368603 1.000000
7408342.338921 7408342.338921 1.000000
7407990.102850 7407990.102850 1.000000
7408070.928942 7408070.928942 1.000000
7409125.997523 7409125.997523 1.000000
7409006.293881 7409006.293881 1.000000
7409117.809840 7409117.809840 1.000000
7408958.448673 7408958.448673 1.000000
7409048.454958 7409048.454958 1.000000
7409254.810536 7409254.810536 1.000000
7409350.620672 7409350.620672 1.000000
7409720.239372 7409720.239372 1.000000
7409663.561342 7409663.561342 1.000000
7409683.233224 7409683.233224 1.000000
7410256.058442 7410256.058442 1.000000
7410132.229737 7410132.229737 1.000000
7410006.878679 7410006.878679 1.000000
7409957.666948 7409957.666948 1.000000
7409832.561500 7409832.561500 1.000000
7410057.070976 7410057.070976 1.000000
7410312.509020 7410312.509020 1.000000
7410268.928783 7410268.928783 1.000000
7409740.206338 7409740.206338 1.000000
7410215.170432 7410215.170432 1.000000
7409793.104945 7409793.104945 1.000000
7409908.850941 7409908.850941 1.000000
7409780.508727 7409780.508727 1.000000
7409695.366632 7409695.366632 1.000000
7406613.259638 7406613.259638 1.000000
7406054.815066 7406054.815066 1.000000
7405899.426547 7405899.426547 1.000000
7405252.198340 7405252.198340 1.000000
7405233.171651 7405233.171651 1.000000
7405277.473030 7405277.473030 1.000000
7405235.170841 7405235.170841 1.000000
7405129.298041 7405129.298041 1.000000
7404957.480381 7404957.480381 1.000000
7404808.711494 7404808.711494 1.000000
7404283.004765 7404283.004765 1.000000
7404107.232606 7404107.232606 1.000000
7404018.760710 7404018.760710 1.000000
7403752.866207 7403752.866207 1.000000
7403916.999469 7403916.999469 1.000000
7403585.501742 7403585.501742 1.000000
7403416.794775 7403416.794775 1.000000
7403529.860392 7403529.860392 1.000000
7404492.627841 7404492.627841 1.000000
7404199.991317 7404199.991317 1.000000
7403862.949492 7403862.949492 1.000000
7403851.524185 7403851.524185 1.000000
7403743.118356 7403743.118356 1.000000
7403143.557056 7403143.557056 1.000000
7402210.410932 7402210.410932 1.000000
7402827.312914 7402827.312914 1.000000
7402771.353492 7402771.353492 1.000000
7402450.037027 7402450.037027 1.000000
7402834.004870 7402834.004870 1.000000
7402374.178823 7402374.178823 1.000000
7402491.040741 7402491.040741 1.000000
7402635.593781 7402635.593781 1.000000
7403421.680115 7403421.680115 1.000000
7403424.340277 7403424.340277 1.000000
7403395.385502 7403395.385502 1.000000
7403575.265945 7403575.265945 1.000000
7403699.149005 7403699.149005 1.000000
7404948.069581 7404948.069581 1.000000
7405368.288076 7405368.288076 1.000000
7404778.049534 7404778.049534 1.000000
7405294.733005 7405294.733005 1.000000
7405439.661438 7405439.661438 1.000000
7405140.841987 7405140.841987 1.000000
7405779.802480 7405779.802480 1.000000
7405888.744950 7405888.744950 1.000000
7405645.831304 7405645.831304 1.000000
7406428.831319 7406428.831319 1.000000
7406578.470601 7406578.470601 1.000000
7406511.010909 7406511.010909 1.000000
7405444.466415 7405444.466415 1.000000
7405173.066285 7405173.066285 1.000000
7405605.676471 7405605.676471 1.000000
7405757.964113 7405757.964113 1.000000
7405431.472150 7405431.472150 1.000000
7405569.409100 7405569.409100 1.000000
7405491.393060 7405491.393060 1.000000
7405595.881259 7405595.881259 1.000000
7405781.071145 7405781.071145 1.000000
7405836.891056 7405836.891056 1.000000
7405889.295354 7405889.295354 1.000000
7406811.320923 7406811.320923 1.000000
7406351.370520 7406351.370520 1.000000
7406538.098297 7406538.098297 1.000000
7406880.187088 7406880.187088 1.000000
7406834.489766 7406834.489766 1.000000
7406942.577936 7406942.577936 1.000000
7407232.367273 7407232.367273 1.000000
7406526.468238 7406526.468238 1.000000
7406681.787857 7406681.787857 1.000000
7405617.387260 7405617.387260 1.000000
7405913.207492 7405913.207492 1.000000
7406066.784784 7406066.784784 1.000000
7406377.211624 7406377.211624 1.000000
7406307.308538 7406307.308538 1.000000
7406860.989341 7406860.989341 1.000000
7407135.355271 7407135.355271 1.000000
7407190.716563 7407190.716563 1.000000
7407054.761703 7407054.761703 1.000000
7407110.795768 7407110.795768 1.000000
7407530.981496 7407530.981496 1.000000
7407828.730103 7407828.730103 1.000000
7408944.845726 7408944.845726 1.000000
7408958.519745 7408958.519745 1.000000
7408853.192793 7408853.192793 1.000000
7408257.279325 7408257.279325 1.000000
7408534.155941 7408534.155941 1.000000
7408430.920600 7408430.920600 1.000000
7408039.230475 7408039.230475 1.000000
7408039.001263 7408039.001263 1.000000
7407842.161977 7407842.161977 1.000000
7407761.738336 7407761.738336 1.000000
7407997.698222 7407997.698222 1.000000
7407987.141366 7407987.141366 1.000000
7407968.421740 7407968.421740 1.000000
7408140.093521 7408140.093521 1.000000
7408068.803592 7408068.803592 1.000000
7408128.698946 7408128.698946 1.000000
7408019.737977 7408019.737977 1.000000
7407672.425954 7407672.425954 1.000000
7407469.410323 7407469.410323 1.000000
7407203.800403 7407203.800403 1.000000
7407087.632936 7407087.632936 1.000000
7406518.479438 7406518.479438 1.000000
7406679.165572 7406679.165572 1.000000
7406517.871598 7406517.871598 1.000000
7406316.732533 7406316.732533 1.000000
7406270.223624 7406270.223624 1.000000
7406157.943820 7406157.943820 1.000000
7406255.104627 7406255.104627 1.000000
7406240.044638 7406240.044638 1.000000
7405963.835626 7405963.835626 1.000000
7406605.359882 7406605.359882 1.000000
7406800.909905 7406800.909905 1.000000
7407342.867070 7407342.867070 1.000000
7407672.575982 7407672.575982 1.000000
7407136.158136 7407136.158136 1.000000
7406751.210110 7406751.210110 1.000000
7406978.265147 7406978.265147 1.000000
7405946.947026 7405946.947026 1.000000
7405948.085868 7405948.085868 1.000000
7406133.966103 7406133.966103 1.000000
7406233.273716 7406233.273716 1.000000
7406188.949476 7406188.949476 1.000000
7406081.492265 7406081.492265 1.000000
7406465.608221 7406465.608221 1.000000
7406408.607098 7406408.607098 1.000000
7406290.284525 7406290.284525 1.000000
7406193.397554 7406193.397554 1.000000
7406364.252123 7406364.252123 1.000000
7406273.977248 7406273.977248 1.000000
7406314.078641 7406314.078641 1.000000
7406561.986076 7406561.986076 1.000000
7407539.441790 7407539.441790 1.000000
7408366.836267 7408366.836267 1.000000
7408681.636216 7408681.636216 1.000000
7408495.595158 7408495.595158 1.000000
7408418.560975 7408418.560975 1.000000
7408811.643463 7408811.643463 1.000000
7408923.878348 7408923.878348 1.000000
7409476.648869 7409476.648869 1.000000
7409599.314364 7409599.314364 1.000000
7409466.172554 7409466.172554 1.000000
7410108.695309 7410108.695309 1.000000
7409704.947832 7409704.947832 1.000000
7409584.387232 7409584.387232 1.000000
7409438.543864 7409438.543864 1.000000
7410306.004237 7410306.004237 1.000000
7410195.525936 7410195.525936 1.000000
7409541.581685 7409541.581685 1.000000
7409645.552859 7409645.552859 1.000000
7409541.706118 7409541.706118 1.000000
7409501.560519 7409501.560519 1.000000
7409357.851942 7409357.851942 1.000000
7409264.104410 7409264.104410 1.000000
7408813.231897 7408813.231897 1.000000
7407952.207020 7407952.207020 1.000000
7407311.131642 7407311.131642 1.000000
7407012.468755 7407012.468755 1.000000
7406892.429434 7406892.429434 1.000000
