7200933.030879 7200933.030879 1.000000
7201055.958702 7201055.958702 1.000000
7200797.061205 7200797.061205 1.000000
7200932.048448 7200932.048448 1.000000
7200878.905587 7200878.905587 1.000000
7200818.918183 7200818.918183 1.000000
7201360.834579 7201360.834579 1.000000
7201485.739828 7201485.739828 1.000000
7201330.367869 7201330.367869 1.000000
7201447.445215 7201447.445215 1.000000
7201575.164302 7201575.164302 1.000000
7201720.886568 7201720.886568 1.000000
7201829.340947 7201829.340947 1.000000
7201986.686105 7201986.686105 1.000000
7202834.757869 7202834.757869 1.000000
7201935.387741 7201935.387741 1.000000
7202046.791540 7202046.791540 1.000000
7202084.960330 7202084.960330 1.000000
7202235.671933 7202235.671933 1.000000
7202294.524303 7202294.524303 1.000000
7202385.169240 7202385.169240 1.000000
7202540.632707 7202540.632707 1.000000
7202625.587260 7202625.587260 1.000000
7202783.774074 7202783.774074 1.000000
7202044.411797 7202044.411797 1.000000
7201974.510448 7201974.510448 1.000000
7202055.137496 7202055.137496 1.000000
7202218.478922 7202218.478922 1.000000
7202175.871052 7202175.871052 1.000000
7202218.730466 7202218.730466 1.000000
7202319.941215 7202319.941215 1.000000
7202843.390558 7202843.390558 1.000000
7203111.961439 7203111.961439 1.000000
7203250.681685 7203250.681685 1.000000
7203403.075116 7203403.075116 1.000000
7203333.747903 7203333.747903 1.000000
7203254.861397 7203254.861397 1.000000
7203419.668043 7203419.668043 1.000000
7203486.602826 7203486.602826 1.000000
7203436.704514 7203436.704514 1.000000
7203522.144955 7203522.144955 1.000000
7203646.271508 7203646.271508 1.000000
7203602.366742 7203602.366742 1.000000
7203664.483379 7203664.483379 1.000000
7203781.202309 7203781.202309 1.000000
7203932.640122 7203932.640122 1.000000
7204087.850554 7204087.850554 1.000000
7204192.919207 7204192.919207 1.000000
7204302.471353 7204302.471353 1.000000
7204348.772752 7204348.772752 1.000000
7203443.409713 7203443.409713 1.000000
7203389.697526 7203389.697526 1.000000
7203537.412011 7203537.412011 1.000000
7203611.502203 7203611.502203 1.000000
7203508.866266 7203508.866266 1.000000
7200026.482050 7200026.482050 1.000000
7199854.091572 7199854.091572 1.000000
7199951.640291 7199951.640291 1.000000
7200103.377444 7200103.377444 1.000000
7199920.943992 7199920.943992 1.000000
7199796.481647 7199796.481647 1.000000
7199990.189768 7199990.189768 1.000000
7199876.502346 7199876.502346 1.000000
7200073.065747 7200073.065747 1.000000
7199955.535581 7199955.535581 1.000000
7200079.047584 7200079.047584 1.000000
7199888.488664 7199888.488664 1.000000
7200085.469188 7200085.469188 1.000000
7200466.633662 7200466.633662 1.000000
7200498.212861 7200498.212861 1.000000
7200477.532256 7200477.532256 1.000000
7200587.036993 7200587.036993 1.000000
7200843.465103 7200843.465103 1.000000
7200978.990932 7200978.990932 1.000000
7200859.894455 7200859.894455 1.000000
7200920.273130 7200920.273130 1.000000
7200886.255690 7200886.255690 1.000000
7201052.162121 7201052.162121 1.000000
7201219.667816 7201219.667816 1.000000
7201904.498554 7201904.498554 1.000000
7201818.839002 7201818.839002 1.000000
7201943.513957 7201943.513957 1.000000
7202081.411212 7202081.411212 1.000000
7202185.535898 7202185.535898 1.000000
7202308.683209 7202308.683209 1.000000
7202366.348360 7202366.348360 1.000000
7202277.555429 7202277.555429 1.000000
7202161.460357 7202161.460357 1.000000
7202077.701954 7202077.701954 1.000000
7201939.901303 7201939.901303 1.000000
7202896.700759 7202896.700759 1.000000
7202945.523811 7202945.523811 1.000000
7202586.616171 7202586.616171 1.000000
7202753.902777 7202753.902777 1.000000
7202802.281463 7202802.281463 1.000000
7202931.416323 7202931.416323 1.000000
7203011.271334 7203011.271334 1.000000
7203063.576232 7203063.576232 1.000000
7203360.573202 7203360.573202 1.000000
7203470.625359 7203470.625359 1.000000
7202880.507623 7202880.507623 1.000000
7203024.726608 7203024.726608 1.000000
7203051.517464 7203051.517464 1.000000
7203180.440768 7203180.440768 1.000000
7203231.788115 7203231.788115 1.000000
7203411.475320 7203411.475320 1.000000
7203368.034399 7203368.034399 1.000000
7203386.392280 7203386.392280 1.000000
7203495.064035 7203495.064035 1.000000
7203524.386172 7203524.386172 1.000000
7203718.389755 7203718.389755 1.000000
7203753.186057 7203753.186057 1.000000
7203855.468802 7203855.468802 1.000000
7203881.859446 7203881.859446 1.000000
7203913.261694 7203913.261694 1.000000
7203934.703225 7203934.703225 1.000000
7203857.332072 7203857.332072 1.000000
7203653.746562 7203653.746562 1.000000
7203623.033472 7203623.033472 1.000000
7203504.514642 7203504.514642 1.000000
7203587.568727 7203587.568727 1.000000
7203751.103745 7203751.103745 1.000000
7203604.789276 7203604.789276 1.000000
7203560.937980 7203560.937980 1.000000
7203753.858175 7203753.858175 1.000000
7203637.820404 7203637.820404 1.000000
7203581.868493 7203581.868493 1.000000
7203663.643878 7203663.643878 1.000000
7203628.664628 7203628.664628 1.000000
7203493.936452 7203493.936452 1.000000
7203598.511376 7203598.511376 1.000000
7203634.493584 7203634.493584 1.000000
7203578.627822 7203578.627822 1.000000
7203403.028683 7203403.028683 1.000000
7203245.526822 7203245.526822 1.000000
7203303.306532 7203303.306532 1.000000
7203275.394463 7203275.394463 1.000000
7203132.530675 7203132.530675 1.000000
7203152.655162 7203152.655162 1.000000
7203130.567043 7203130.567043 1.000000
7202977.269692 7202977.269692 1.000000
7202840.797861 7202840.797861 1.000000
7202863.609971 7202863.609971 1.000000
7202731.336927 7202731.336927 1.000000
7202827.866110 7202827.866110 1.000000
7202964.471641 7202964.471641 1.000000
7203644.268755 7203644.268755 1.000000
7203519.852004 7203519.852004 1.000000
7203639.741949 7203639.741949 1.000000
7203749.065419 7203749.065419 1.000000
7203773.798993 7203773.798993 1.000000
7203797.582621 7203797.582621 1.000000
7203678.502513 7203678.502513 1.000000
7203641.583852 7203641.583852 1.000000
7203575.073277 7203575.073277 1.000000
7204075.450830 7204075.450830 1.000000
7204433.633851 7204433.633851 1.000000
7204893.558152 7204893.558152 1.000000
7205698.439911 7205698.439911 1.000000
7205584.696578 7205584.696578 1.000000
7205657.940213 7205657.940213 1.000000
7205759.901352 7205759.901352 1.000000
7205882.662505 7205882.662505 1.000000
7206027.688814 7206027.688814 1.000000
7206183.056344 7206183.056344 1.000000
7206088.212524 7206088.212524 1.000000
7205946.364395 7205946.364395 1.000000
7205999.075888 7205999.075888 1.000000
7206038.436087 7206038.436087 1.000000
7206058.925044 7206058.925044 1.000000
7205555.445519 7205555.445519 1.000000
7205534.761381 7205534.761381 1.000000
7205675.840019 7205675.840019 1.000000
7205527.091532 7205527.091532 1.000000
7205639.804079 7205639.804079 1.000000
7205660.365858 7205660.365858 1.000000
7205536.438216 7205536.438216 1.000000
7205413.162587 7205413.162587 1.000000
7205222.865112 7205222.865112 1.000000
7205130.956415 7205130.956415 1.000000
7204944.084887 7204944.084887 1.000000
7204802.752313 7204802.752313 1.000000
7204611.160435 7204611.160435 1.000000
7204714.604948 7204714.604948 1.000000
7204677.116353 7204677.116353 1.000000
7204774.073533 7204774.073533 1.000000
7204794.324312 7204794.324312 1.000000
7204771.109367 7204771.109367 1.000000
7204627.240495 7204627.240495 1.000000
7204260.320451 7204260.320451 1.000000
7204283.971321 7204283.971321 1.000000
7204322.968506 7204322.968506 1.000000
7204249.578905 7204249.578905 1.000000
7204367.422821 7204367.422821 1.000000
7204481.287049 7204481.287049 1.000000
7204545.674022 7204545.674022 1.000000
7204720.998380 7204720.998380 1.000000
7204774.763071 7204774.763071 1.000000
7204732.012508 7204732.012508 1.000000
7204772.139447 7204772.139447 1.000000
7204894.633779 7204894.633779 1.000000
7204754.727382 7204754.727382 1.000000
7204900.784261 7204900.784261 1.000000
7205669.331714 7205669.331714 1.000000
7205545.011370 7205545.011370 1.000000
7205671.343233 7205671.343233 1.000000
7205788.559359 7205788.559359 1.000000
7205811.523007 7205811.523007 1.000000
7205970.188116 7205970.188116 1.000000
7206013.790806 7206013.790806 1.000000
7205914.009924 7205914.009924 1.000000
7205742.446906 7205742.446906 1.000000
7205880.239835 7205880.239835 1.000000
7205999.237015 7205999.237015 1.000000
7206107.203263 7206107.203263 1.000000
7206209.972645 7206209.972645 1.000000
7206189.884574 7206189.884574 1.000000
7206092.928794 7206092.928794 1.000000
7206285.578254 7206285.578254 1.000000
7206346.459645 7206346.459645 1.000000
7206470.882918 7206470.882918 1.000000
7206414.067483 7206414.067483 1.000000
7206564.813436 7206564.813436 1.000000
7206698.700490 7206698.700490 1.000000
7206835.206509 7206835.206509 1.000000
7206699.262192 7206699.262192 1.000000
7206635.965800 7206635.965800 1.000000
7206600.782528 7206600.782528 1.000000
7206712.391036 7206712.391036 1.000000
7206874.232928 7206874.232928 1.000000
7206937.725231 7206937.725231 1.000000
7206832.584950 7206832.584950 1.000000
7206672.151656 7206672.151656 1.000000
7206521.619130 7206521.619130 1.000000
7206482.144641 7206482.144641 1.000000
7206447.200955 7206447.200955 1.000000
7206414.509985 7206414.509985 1.000000
7206371.268529 7206371.268529 1.000000
7206327.091276 7206327.091276 1.000000
7206300.062453 7206300.062453 1.000000
7206247.808823 7206247.808823 1.000000
7206097.142834 7206097.142834 1.000000
7206072.872595 7206072.872595 1.000000
7205957.499107 7205957.499107 1.000000
7205851.353858 7205851.353858 1.000000
7205910.259841 7205910.259841 1.000000
7205726.573376 7205726.573376 1.000000
7205612.265960 7205612.265960 1.000000
7205640.667267 7205640.667267 1.000000
7205747.573613 7205747.573613 1.000000
7205779.132351 7205779.132351 1.000000
7205865.969681 7205865.969681 1.000000
7205904.846094 7205904.846094 1.000000
7205731.326898 7205731.326898 1.000000
7205753.843383 7205753.843383 1.000000
7205877.130995 7205877.130995 1.000000
7205707.790719 7205707.790719 1.000000
7205738.068020 7205738.068020 1.000000
7205896.964205 7205896.964205 1.000000
7205922.080999 7205922.080999 1.000000
7205828.054529 7205828.054529 1.000000
7205861.705023 7205861.705023 1.000000
7205950.545106 7205950.545106 1.000000
7206077.706946 7206077.706946 1.000000
7206003.670299 7206003.670299 1.000000
7206164.906966 7206164.906966 1.000000
7206353.225969 7206353.225969 1.000000
7206502.146883 7206502.146883 1.000000
7206699.276641 7206699.276641 1.000000
7199854.020715 7199854.020715 1.000000
7199671.569920 7199671.569920 1.000000
7199539.155137 7199539.155137 1.000000
7199374.223825 7199374.223825 1.000000
7199351.869023 7199351.869023 1.000000
7199230.057347 7199230.057347 1.000000
7199088.748057 7199088.748057 1.000000
7199117.331704 7199117.331704 1.000000
7199056.124725 7199056.124725 1.000000
7198892.674090 7198892.674090 1.000000
7198867.514489 7198867.514489 1.000000
7198994.623702 7198994.623702 1.000000
7198932.199608 7198932.199608 1.000000
7198956.190002 7198956.190002 1.000000
7198976.874182 7198976.874182 1.000000
7199081.059737 7199081.059737 1.000000
7198903.198079 7198903.198079 1.000000
7198928.358434 7198928.358434 1.000000
7198819.281175 7198819.281175 1.000000
7198844.301057 7198844.301057 1.000000
7198973.543682 7198973.543682 1.000000
7198057.257596 7198057.257596 1.000000
7198035.359255 7198035.359255 1.000000
7198189.011332 7198189.011332 1.000000
7198281.540166 7198281.540166 1.000000
7198117.659707 7198117.659707 1.000000
7198812.551896 7198812.551896 1.000000
7198691.063331 7198691.063331 1.000000
7198715.183993 7198715.183993 1.000000
7198908.350009 7198908.350009 1.000000
7199064.332050 7199064.332050 1.000000
7199378.646732 7199378.646732 1.000000
7199546.043588 7199546.043588 1.000000
7199656.892441 7199656.892441 1.000000
7199681.358532 7199681.358532 1.000000
7199439.234310 7199439.234310 1.000000
7198629.876423 7198629.876423 1.000000
7198757.528154 7198757.528154 1.000000
7198779.491692 7198779.491692 1.000000
7198634.350836 7198634.350836 1.000000
7198721.459608 7198721.459608 1.000000
7198625.684552 7198625.684552 1.000000
7198780.129053 7198780.129053 1.000000
7198709.294301 7198709.294301 1.000000
7198640.494094 7198640.494094 1.000000
7198936.815412 7198936.815412 1.000000
7199122.617755 7199122.617755 1.000000
7199082.388050 7199082.388050 1.000000
7199164.155586 7199164.155586 1.000000
7199289.976697 7199289.976697 1.000000
7199131.048451 7199131.048451 1.000000
7198983.847289 7198983.847289 1.000000
7199013.097056 7199013.097056 1.000000
7198850.462176 7198850.462176 1.000000
7198658.950284 7198658.950284 1.000000
7198530.639153 7198530.639153 1.000000
7198508.785239 7198508.785239 1.000000
7198530.339891 7198530.339891 1.000000
7198558.255328 7198558.255328 1.000000
7198435.598124 7198435.598124 1.000000
7198462.587267 7198462.587267 1.000000
7198649.237596 7198649.237596 1.000000
7198585.718561 7198585.718561 1.000000
7197683.483068 7197683.483068 1.000000
7197601.518860 7197601.518860 1.000000
7197626.066891 7197626.066891 1.000000
7197646.820275 7197646.820275 1.000000
7197537.632602 7197537.632602 1.000000
7197408.319979 7197408.319979 1.000000
7197387.618238 7197387.618238 1.000000
7197443.108993 7197443.108993 1.000000
7197419.882457 7197419.882457 1.000000
7197526.282004 7197526.282004 1.000000
7197559.713303 7197559.713303 1.000000
7197724.999236 7197724.999236 1.000000
7197562.291077 7197562.291077 1.000000
7198530.257582 7198530.257582 1.000000
7198668.357537 7198668.357537 1.000000
7198540.446210 7198540.446210 1.000000
7198721.748522 7198721.748522 1.000000
7198595.990116 7198595.990116 1.000000
7198573.671348 7198573.671348 1.000000
7198595.825205 7198595.825205 1.000000
7198543.364961 7198543.364961 1.000000
7197982.985533 7197982.985533 1.000000
7197864.332179 7197864.332179 1.000000
7197381.478034 7197381.478034 1.000000
7197330.846172 7197330.846172 1.000000
7198228.259527 7198228.259527 1.000000
7198279.167823 7198279.167823 1.000000
7198751.592059 7198751.592059 1.000000
7198671.228195 7198671.228195 1.000000
7198536.545913 7198536.545913 1.000000
7198682.244389 7198682.244389 1.000000
7198723.744276 7198723.744276 1.000000
7198589.292958 7198589.292958 1.000000
7198400.144756 7198400.144756 1.000000
7198531.700384 7198531.700384 1.000000
7197841.573420 7197841.573420 1.000000
7197920.138932 7197920.138932 1.000000
7197794.745924 7197794.745924 1.000000
7197998.564354 7197998.564354 1.000000
7198064.878740 7198064.878740 1.000000
7197934.513631 7197934.513631 1.000000
7198016.411076 7198016.411076 1.000000
7198050.620287 7198050.620287 1.000000
7197917.201024 7197917.201024 1.000000
7197806.810289 7197806.810289 1.000000
7197826.854076 7197826.854076 1.000000
7197805.090383 7197805.090383 1.000000
7198157.870809 7198157.870809 1.000000
7198323.807609 7198323.807609 1.000000
7198349.778364 7198349.778364 1.000000
7198482.433393 7198482.433393 1.000000
7198615.032446 7198615.032446 1.000000
7198765.798235 7198765.798235 1.000000
7198883.898596 7198883.898596 1.000000
7199003.722484 7199003.722484 1.000000
7199024.310066 7199024.310066 1.000000
7199047.589970 7199047.589970 1.000000
7199206.622967 7199206.622967 1.000000
7199287.878278 7199287.878278 1.000000
7199167.706574 7199167.706574 1.000000
7199002.452139 7199002.452139 1.000000
7198386.282484 7198386.282484 1.000000
7198410.238048 7198410.238048 1.000000
7198277.526222 7198277.526222 1.000000
7198469.190505 7198469.190505 1.000000
7198422.990663 7198422.990663 1.000000
7198497.269954 7198497.269954 1.000000
7198610.211263 7198610.211263 1.000000
7198631.916326 7198631.916326 1.000000
7198654.443550 7198654.443550 1.000000
7198787.175978 7198787.175978 1.000000
7198828.665655 7198828.665655 1.000000
7199466.510641 7199466.510641 1.000000
7199394.163601 7199394.163601 1.000000
7198796.460263 7198796.460263 1.000000
7198687.597211 7198687.597211 1.000000
7198731.777582 7198731.777582 1.000000
7198605.508111 7198605.508111 1.000000
7198672.768504 7198672.768504 1.000000
7198562.305235 7198562.305235 1.000000
7198656.026188 7198656.026188 1.000000
7198625.519198 7198625.519198 1.000000
7198771.017491 7198771.017491 1.000000
7198797.238735 7198797.238735 1.000000
7198838.019970 7198838.019970 1.000000
7198700.524458 7198700.524458 1.000000
7198657.979096 7198657.979096 1.000000
7198613.335273 7198613.335273 1.000000
7198679.705623 7198679.705623 1.000000
7198793.226572 7198793.226572 1.000000
7198690.323791 7198690.323791 1.000000
7198614.537368 7198614.537368 1.000000
7198512.271128 7198512.271128 1.000000
7198489.127767 7198489.127767 1.000000
7199085.948735 7199085.948735 1.000000
7199017.952317 7199017.952317 1.000000
7199043.093420 7199043.093420 1.000000
7198998.042602 7198998.042602 1.000000
7198822.472226 7198822.472226 1.000000
7198955.988589 7198955.988589 1.000000
7198792.076761 7198792.076761 1.000000
7198926.146422 7198926.146422 1.000000
7198798.314138 7198798.314138 1.000000
7198826.722595 7198826.722595 1.000000
7198154.485915 7198154.485915 1.000000
7198737.892594 7198737.892594 1.000000
7198553.497139 7198553.497139 1.000000
7198577.458027 7198577.458027 1.000000
7198532.794335 7198532.794335 1.000000
7198523.551214 7198523.551214 1.000000
7198549.428432 7198549.428432 1.000000
7198657.663151 7198657.663151 1.000000
7198600.623052 7198600.623052 1.000000
7198623.065697 7198623.065697 1.000000
7198765.313706 7198765.313706 1.000000
7198821.400901 7198821.400901 1.000000
7198841.834470 7198841.834470 1.000000
7198899.484005 7198899.484005 1.000000
7199007.246968 7199007.246968 1.000000
7199154.281661 7199154.281661 1.000000
7199120.692545 7199120.692545 1.000000
7199260.296116 7199260.296116 1.000000
7199378.774406 7199378.774406 1.000000
7199544.548172 7199544.548172 1.000000
7199122.479679 7199122.479679 1.000000
7199242.678153 7199242.678153 1.000000
7199906.424371 7199906.424371 1.000000
7200098.600916 7200098.600916 1.000000
7200254.428656 7200254.428656 1.000000
7200299.773996 7200299.773996 1.000000
7200324.699651 7200324.699651 1.000000
7200502.288566 7200502.288566 1.000000
7200374.696973 7200374.696973 1.000000
7200197.616702 7200197.616702 1.000000
7200063.956400 7200063.956400 1.000000
7200087.076574 7200087.076574 1.000000
7200248.797452 7200248.797452 1.000000
7200201.169340 7200201.169340 1.000000
7200223.113363 7200223.113363 1.000000
7200082.802775 7200082.802775 1.000000
7200211.315452 7200211.315452 1.000000
7200076.235787 7200076.235787 1.000000
7200214.929949 7200214.929949 1.000000
7200115.559492 7200115.559492 1.000000
7200044.358844 7200044.358844 1.000000
7200096.689019 7200096.689019 1.000000
7200228.103832 7200228.103832 1.000000
7200183.298341 7200183.298341 1.000000
7200352.149057 7200352.149057 1.000000
7201348.073975 7201348.073975 1.000000
7201190.457581 7201190.457581 1.000000
7201133.073704 7201133.073704 1.000000
7201107.046823 7201107.046823 1.000000
7200985.693596 7200985.693596 1.000000
7200860.390820 7200860.390820 1.000000
7201015.828700 7201015.828700 1.000000
7201041.518346 7201041.518346 1.000000
7200990.616995 7200990.616995 1.000000
7201013.056997 7201013.056997 1.000000
7201142.399630 7201142.399630 1.000000
7201271.295135 7201271.295135 1.000000
7201145.669880 7201145.669880 1.000000
7201169.482084 7201169.482084 1.000000
7201108.871801 7201108.871801 1.000000
7201250.792162 7201250.792162 1.000000
7201407.441507 7201407.441507 1.000000
7201428.993469 7201428.993469 1.000000
7201579.920139 7201579.920139 1.000000
7201432.764060 7201432.764060 1.000000
7201455.994666 7201455.994666 1.000000
7201482.043253 7201482.043253 1.000000
7201554.106212 7201554.106212 1.000000
7201580.805644 7201580.805644 1.000000
7201606.880602 7201606.880602 1.000000
7201667.234778 7201667.234778 1.000000
7201520.565143 7201520.565143 1.000000
7201553.772637 7201553.772637 1.000000
7201511.279554 7201511.279554 1.000000
7201556.633350 7201556.633350 1.000000
7201003.162528 7201003.162528 1.000000
7200852.343062 7200852.343062 1.000000
7200872.603162 7200872.603162 1.000000
7201034.626985 7201034.626985 1.000000
7200879.365631 7200879.365631 1.000000
7200912.025782 7200912.025782 1.000000
7200939.290975 7200939.290975 1.000000
7200964.424303 7200964.424303 1.000000
7201126.213243 7201126.213243 1.000000
7201170.952022 7201170.952022 1.000000
7201215.938289 7201215.938289 1.000000
7201409.850419 7201409.850419 1.000000
7201439.200102 7201439.200102 1.000000
7201274.616134 7201274.616134 1.000000
7201438.806990 7201438.806990 1.000000
7201539.777593 7201539.777593 1.000000
7201619.531776 7201619.531776 1.000000
7201810.679655 7201810.679655 1.000000
7202602.459681 7202602.459681 1.000000
7202526.376298 7202526.376298 1.000000
7202695.826039 7202695.826039 1.000000
7202572.294460 7202572.294460 1.000000
7202435.939452 7202435.939452 1.000000
7201648.060264 7201648.060264 1.000000
7201793.707328 7201793.707328 1.000000
7201894.935499 7201894.935499 1.000000
7202040.307004 7202040.307004 1.000000
7202008.983091 7202008.983091 1.000000
7201875.702157 7201875.702157 1.000000
7202023.065229 7202023.065229 1.000000
7201921.073758 7201921.073758 1.000000
7201899.150153 7201899.150153 1.000000
7202014.435863 7202014.435863 1.000000
7201969.747776 7201969.747776 1.000000
7201825.505037 7201825.505037 1.000000
7201849.080447 7201849.080447 1.000000
7201743.696204 7201743.696204 1.000000
7201941.770251 7201941.770251 1.000000
7202023.468476 7202023.468476 1.000000
7202000.817494 7202000.817494 1.000000
7202148.456536 7202148.456536 1.000000
7202194.967268 7202194.967268 1.000000
7202063.007716 7202063.007716 1.000000
7201922.294485 7201922.294485 1.000000
7201735.613158 7201735.613158 1.000000
7201594.025545 7201594.025545 1.000000
7201466.052855 7201466.052855 1.000000
7201364.221169 7201364.221169 1.000000
7201316.270050 7201316.270050 1.000000
7201295.994883 7201295.994883 1.000000
7201264.393512 7201264.393512 1.000000
7201116.429245 7201116.429245 1.000000
7201079.076353 7201079.076353 1.000000
7200967.558065 7200967.558065 1.000000
7200832.823813 7200832.823813 1.000000
7200978.898811 7200978.898811 1.000000
7200881.657410 7200881.657410 1.000000
7200749.750959 7200749.750959 1.000000
7200655.937220 7200655.937220 1.000000
7200530.700956 7200530.700956 1.000000
7200593.624919 7200593.624919 1.000000
7200513.432926 7200513.432926 1.000000
7200537.968535 7200537.968535 1.000000
7200675.835177 7200675.835177 1.000000
7200820.393481 7200820.393481 1.000000
7200958.495794 7200958.495794 1.000000
7201136.471349 7201136.471349 1.000000
7201293.606543 7201293.606543 1.000000
7201394.153811 7201394.153811 1.000000
7201553.945468 7201553.945468 1.000000
7201744.250308 7201744.250308 1.000000
7201818.562066 7201818.562066 1.000000
7201842.335367 7201842.335367 1.000000
7201687.316203 7201687.316203 1.000000
7201749.911052 7201749.911052 1.000000
7201842.135416 7201842.135416 1.000000
7201686.361703 7201686.361703 1.000000
7201713.509436 7201713.509436 1.000000
7201857.121239 7201857.121239 1.000000
7201780.560611 7201780.560611 1.000000
7201630.511668 7201630.511668 1.000000
7201478.297937 7201478.297937 1.000000
7201386.989570 7201386.989570 1.000000
7201408.332684 7201408.332684 1.000000
7201218.761133 7201218.761133 1.000000
7201391.300297 7201391.300297 1.000000
7201365.260021 7201365.260021 1.000000
7201481.196994 7201481.196994 1.000000
7201592.520438 7201592.520438 1.000000
7202107.075357 7202107.075357 1.000000
7202234.257674 7202234.257674 1.000000
7202317.665543 7202317.665543 1.000000
7202422.048790 7202422.048790 1.000000
7202579.677740 7202579.677740 1.000000
7202721.555623 7202721.555623 1.000000
7202595.100963 7202595.100963 1.000000
7202197.526806 7202197.526806 1.000000
7202354.498437 7202354.498437 1.000000
7202239.636861 7202239.636861 1.000000
7202882.449327 7202882.449327 1.000000
7202773.745480 7202773.745480 1.000000
7203371.434434 7203371.434434 1.000000
7202609.959238 7202609.959238 1.000000
7202731.274584 7202731.274584 1.000000
7201771.278859 7201771.278859 1.000000
7201805.785764 7201805.785764 1.000000
7201669.045337 7201669.045337 1.000000
7201692.008596 7201692.008596 1.000000
7201665.902934 7201665.902934 1.000000
7201548.065451 7201548.065451 1.000000
7201568.153269 7201568.153269 1.000000
7201697.190618 7201697.190618 1.000000
7201821.368922 7201821.368922 1.000000
7201874.463329 7201874.463329 1.000000
7201727.041964 7201727.041964 1.000000
7201823.858356 7201823.858356 1.000000
7201849.544642 7201849.544642 1.000000
7201829.381116 7201829.381116 1.000000
7201917.375328 7201917.375328 1.000000
7201946.826885 7201946.826885 1.000000
7201766.766768 7201766.766768 1.000000
7201590.094152 7201590.094152 1.000000
7201698.119921 7201698.119921 1.000000
7201810.474573 7201810.474573 1.000000
7201696.176701 7201696.176701 1.000000
7201590.519848 7201590.519848 1.000000
7201435.977917 7201435.977917 1.000000
7201305.310919 7201305.310919 1.000000
7201438.902647 7201438.902647 1.000000
7201547.472736 7201547.472736 1.000000
7201592.799752 7201592.799752 1.000000
7201421.900308 7201421.900308 1.000000
7202271.144141 7202271.144141 1.000000
7202087.195148 7202087.195148 1.000000
7201923.121785 7201923.121785 1.000000
7201900.479460 7201900.479460 1.000000
7201777.455845 7201777.455845 1.000000
7201708.059347 7201708.059347 1.000000
7201036.898527 7201036.898527 1.000000
7200919.179808 7200919.179808 1.000000
7200805.922646 7200805.922646 1.000000
7200868.005104 7200868.005104 1.000000
7200987.422603 7200987.422603 1.000000
7200877.159685 7200877.159685 1.000000
7200939.286364 7200939.286364 1.000000
7200891.137551 7200891.137551 1.000000
7200760.105849 7200760.105849 1.000000
7200694.942690 7200694.942690 1.000000
7200674.738382 7200674.738382 1.000000
7200624.943153 7200624.943153 1.000000
7200500.310084 7200500.310084 1.000000
7200375.008495 7200375.008495 1.000000
7200213.753324 7200213.753324 1.000000
7200185.222508 7200185.222508 1.000000
7200073.810314 7200073.810314 1.000000
7200914.529261 7200914.529261 1.000000
7200800.781883 7200800.781883 1.000000
7200698.460727 7200698.460727 1.000000
7200671.399492 7200671.399492 1.000000
7200528.340371 7200528.340371 1.000000
7200867.940850 7200867.940850 1.000000
7200759.405308 7200759.405308 1.000000
7200598.416161 7200598.416161 1.000000
7200624.138810 7200624.138810 1.000000
7200652.025938 7200652.025938 1.000000
7200511.283811 7200511.283811 1.000000
7200398.892361 7200398.892361 1.000000
7200537.895310 7200537.895310 1.000000
7200413.536192 7200413.536192 1.000000
7200474.831932 7200474.831932 1.000000
7200366.868399 7200366.868399 1.000000
7200455.575332 7200455.575332 1.000000
7200480.708330 7200480.708330 1.000000
7200523.125259 7200523.125259 1.000000
7200551.160772 7200551.160772 1.000000
7200377.137985 7200377.137985 1.000000
7200464.488497 7200464.488497 1.000000
7200306.153266 7200306.153266 1.000000
7200205.706734 7200205.706734 1.000000
7199978.052875 7199978.052875 1.000000
7200097.764632 7200097.764632 1.000000
7200232.130610 7200232.130610 1.000000
7200203.337956 7200203.337956 1.000000
7200117.215244 7200117.215244 1.000000
7199990.101609 7199990.101609 1.000000
7198993.279641 7198993.279641 1.000000
7198233.744002 7198233.744002 1.000000
7198372.596404 7198372.596404 1.000000
7198216.450194 7198216.450194 1.000000
7198152.919562 7198152.919562 1.000000
7198055.629015 7198055.629015 1.000000
7197952.897355 7197952.897355 1.000000
7198114.482447 7198114.482447 1.000000
7198220.353344 7198220.353344 1.000000
7198899.455448 7198899.455448 1.000000
7198873.835572 7198873.835572 1.000000
7198832.972927 7198832.972927 1.000000
7198654.846954 7198654.846954 1.000000
7198605.137945 7198605.137945 1.000000
7198753.767205 7198753.767205 1.000000
7198917.932872 7198917.932872 1.000000
7198875.834466 7198875.834466 1.000000
7198122.318218 7198122.318218 1.000000
7198072.118805 7198072.118805 1.000000
7198195.536002 7198195.536002 1.000000
7198301.195718 7198301.195718 1.000000
7198224.741380 7198224.741380 1.000000
7198361.014397 7198361.014397 1.000000
7198303.581755 7198303.581755 1.000000
7198344.840045 7198344.840045 1.000000
7198413.981231 7198413.981231 1.000000
7198249.612423 7198249.612423 1.000000
7198094.621726 7198094.621726 1.000000
7198136.250079 7198136.250079 1.000000
7198056.058349 7198056.058349 1.000000
7198077.604444 7198077.604444 1.000000
7198215.710673 7198215.710673 1.000000
7198237.207783 7198237.207783 1.000000
7198396.676517 7198396.676517 1.000000
7198014.733589 7198014.733589 1.000000
7198469.400707 7198469.400707 1.000000
7198305.827627 7198305.827627 1.000000
7198408.961094 7198408.961094 1.000000
7198514.368772 7198514.368772 1.000000
7198434.270993 7198434.270993 1.000000
7198266.152186 7198266.152186 1.000000
7198207.180445 7198207.180445 1.000000
7198096.409749 7198096.409749 1.000000
7198075.470967 7198075.470967 1.000000
7197908.960679 7197908.960679 1.000000
7197888.333465 7197888.333465 1.000000
7197763.780172 7197763.780172 1.000000
7197580.409575 7197580.409575 1.000000
7197435.045837 7197435.045837 1.000000
7197286.423084 7197286.423084 1.000000
7197264.720207 7197264.720207 1.000000
7197427.056040 7197427.056040 1.000000
7197564.109291 7197564.109291 1.000000
7197670.779217 7197670.779217 1.000000
7197511.366412 7197511.366412 1.000000
7197564.986366 7197564.986366 1.000000
7197457.246984 7197457.246984 1.000000
7197566.441928 7197566.441928 1.000000
7197543.809577 7197543.809577 1.000000
7197664.098212 7197664.098212 1.000000
7197781.482003 7197781.482003 1.000000
7197803.188499 7197803.188499 1.000000
7197775.811690 7197775.811690 1.000000
7197923.540086 7197923.540086 1.000000
7197773.030978 7197773.030978 1.000000
7197940.750404 7197940.750404 1.000000
7198058.994226 7198058.994226 1.000000
7198090.354013 7198090.354013 1.000000
7198114.292346 7198114.292346 1.000000
7198252.503136 7198252.503136 1.000000
7198130.317124 7198130.317124 1.000000
7198284.178611 7198284.178611 1.000000
7198194.568364 7198194.568364 1.000000
7198122.976022 7198122.976022 1.000000
7198050.133990 7198050.133990 1.000000
7197856.827182 7197856.827182 1.000000
7197801.401776 7197801.401776 1.000000
7197837.275106 7197837.275106 1.000000
7197675.154802 7197675.154802 1.000000
7197807.682566 7197807.682566 1.000000
7197951.851019 7197951.851019 1.000000
7197973.303319 7197973.303319 1.000000
7197820.826242 7197820.826242 1.000000
7197626.198302 7197626.198302 1.000000
7197734.566741 7197734.566741 1.000000
7198362.502010 7198362.502010 1.000000
7198384.103431 7198384.103431 1.000000
7198349.318331 7198349.318331 1.000000
7198450.525779 7198450.525779 1.000000
7198472.796016 7198472.796016 1.000000
7198401.276952 7198401.276952 1.000000
7198565.552879 7198565.552879 1.000000
7198755.180390 7198755.180390 1.000000
7198620.647788 7198620.647788 1.000000
7198815.927035 7198815.927035 1.000000
7198861.514651 7198861.514651 1.000000
7198716.736052 7198716.736052 1.000000
7198828.703623 7198828.703623 1.000000
7198680.833992 7198680.833992 1.000000
7198808.468376 7198808.468376 1.000000
7198730.016896 7198730.016896 1.000000
7199711.170234 7199711.170234 1.000000
7199569.615420 7199569.615420 1.000000
7199451.285376 7199451.285376 1.000000
7199622.501222 7199622.501222 1.000000
7199556.724905 7199556.724905 1.000000
7198710.936247 7198710.936247 1.000000
7198872.100562 7198872.100562 1.000000
7199030.298701 7199030.298701 1.000000
7198927.368184 7198927.368184 1.000000
7198803.410798 7198803.410798 1.000000
7198881.801417 7198881.801417 1.000000
7198902.475042 7198902.475042 1.000000
7198861.087102 7198861.087102 1.000000
7198789.437936 7198789.437936 1.000000
7198933.003486 7198933.003486 1.000000
7198889.219249 7198889.219249 1.000000
7198761.305907 7198761.305907 1.000000
7198624.446440 7198624.446440 1.000000
7198691.560176 7198691.560176 1.000000
7197938.958955 7197938.958955 1.000000
7197899.170016 7197899.170016 1.000000
7198028.730396 7198028.730396 1.000000
7197859.930912 7197859.930912 1.000000
7197971.882288 7197971.882288 1.000000
7198888.426563 7198888.426563 1.000000
7198948.125831 7198948.125831 1.000000
7198831.721920 7198831.721920 1.000000
7198935.632606 7198935.632606 1.000000
7199094.100437 7199094.100437 1.000000
7199070.486484 7199070.486484 1.000000
7199201.972228 7199201.972228 1.000000
7199393.277887 7199393.277887 1.000000
7199013.595373 7199013.595373 1.000000
7199209.555550 7199209.555550 1.000000
7199253.389193 7199253.389193 1.000000
7199228.814812 7199228.814812 1.000000
7199358.708138 7199358.708138 1.000000
7199381.552281 7199381.552281 1.000000
7199303.018375 7199303.018375 1.000000
7199250.820891 7199250.820891 1.000000
7199347.407933 7199347.407933 1.000000
7199368.066610 7199368.066610 1.000000
7199565.485690 7199565.485690 1.000000
7199588.141496 7199588.141496 1.000000
7199622.403414 7199622.403414 1.000000
7199647.879269 7199647.879269 1.000000
7199775.860517 7199775.860517 1.000000
7199609.252145 7199609.252145 1.000000
7199644.085126 7199644.085126 1.000000
7199804.933333 7199804.933333 1.000000
7199935.632097 7199935.632097 1.000000
7199890.129377 7199890.129377 1.000000
7199715.743989 7199715.743989 1.000000
7199539.098788 7199539.098788 1.000000
7198767.261461 7198767.261461 1.000000
7198629.107487 7198629.107487 1.000000
7198649.650199 7198649.650199 1.000000
7198835.654412 7198835.654412 1.000000
7198666.133052 7198666.133052 1.000000
7198856.005415 7198856.005415 1.000000
7199017.074099 7199017.074099 1.000000
7199175.557122 7199175.557122 1.000000
7199012.831498 7199012.831498 1.000000
7199180.688281 7199180.688281 1.000000
7199206.772205 7199206.772205 1.000000
7199076.019088 7199076.019088 1.000000
7199051.587194 7199051.587194 1.000000
7199164.890915 7199164.890915 1.000000
7199329.270240 7199329.270240 1.000000
7199157.348017 7199157.348017 1.000000
7199033.805052 7199033.805052 1.000000
7198904.053326 7198904.053326 1.000000
7198341.228169 7198341.228169 1.000000
7198507.340532 7198507.340532 1.000000
7198648.698599 7198648.698599 1.000000
7198476.224036 7198476.224036 1.000000
7198353.870430 7198353.870430 1.000000
7198458.989352 7198458.989352 1.000000
7198532.907387 7198532.907387 1.000000
7198461.661607 7198461.661607 1.000000
7198541.351973 7198541.351973 1.000000
7198566.492622 7198566.492622 1.000000
7198595.801639 7198595.801639 1.000000
7198780.181466 7198780.181466 1.000000
7198651.914359 7198651.914359 1.000000
7198672.764238 7198672.764238 1.000000
7198751.315299 7198751.315299 1.000000
7198620.456941 7198620.456941 1.000000
7198192.137731 7198192.137731 1.000000
7198371.789235 7198371.789235 1.000000
7198532.104654 7198532.104654 1.000000
7198508.232354 7198508.232354 1.000000
7198358.452247 7198358.452247 1.000000
7198204.042948 7198204.042948 1.000000
7198330.209185 7198330.209185 1.000000
7198367.589375 7198367.589375 1.000000
7198388.330339 7198388.330339 1.000000
7198418.573600 7198418.573600 1.000000
7198438.648179 7198438.648179 1.000000
7198409.061993 7198409.061993 1.000000
7198257.383424 7198257.383424 1.000000
7198399.110874 7198399.110874 1.000000
7198425.704925 7198425.704925 1.000000
7198447.556074 7198447.556074 1.000000
7199376.329303 7199376.329303 1.000000
7199505.465094 7199505.465094 1.000000
7199345.739456 7199345.739456 1.000000
7199238.452011 7199238.452011 1.000000
7199097.653265 7199097.653265 1.000000
7199076.035417 7199076.035417 1.000000
7199220.922688 7199220.922688 1.000000
7199433.091231 7199433.091231 1.000000
7199478.088182 7199478.088182 1.000000
7199625.523244 7199625.523244 1.000000
7200355.975196 7200355.975196 1.000000
7200218.923696 7200218.923696 1.000000
7200373.583692 7200373.583692 1.000000
7200445.611929 7200445.611929 1.000000
7200631.704204 7200631.704204 1.000000
7200786.199879 7200786.199879 1.000000
7200854.543776 7200854.543776 1.000000
7200706.760334 7200706.760334 1.000000
7200731.742647 7200731.742647 1.000000
7200842.272661 7200842.272661 1.000000
7200677.923754 7200677.923754 1.000000
7200538.624189 7200538.624189 1.000000
7200560.682286 7200560.682286 1.000000
7200610.256706 7200610.256706 1.000000
7200714.609450 7200714.609450 1.000000
7200740.403789 7200740.403789 1.000000
7200805.879794 7200805.879794 1.000000
7200785.125464 7200785.125464 1.000000
7200741.193262 7200741.193262 1.000000
7200280.869751 7200280.869751 1.000000
7200426.956658 7200426.956658 1.000000
7200257.120234 7200257.120234 1.000000
7200384.072550 7200384.072550 1.000000
7200494.598094 7200494.598094 1.000000
7200653.976777 7200653.976777 1.000000
7200956.615082 7200956.615082 1.000000
7200934.227502 7200934.227502 1.000000
7201050.697822 7201050.697822 1.000000
7201075.783762 7201075.783762 1.000000
7201245.645641 7201245.645641 1.000000
7201128.478533 7201128.478533 1.000000
7201238.170810 7201238.170810 1.000000
7201217.556144 7201217.556144 1.000000
7201248.469311 7201248.469311 1.000000
7201270.235487 7201270.235487 1.000000
7201347.840850 7201347.840850 1.000000
7201391.798020 7201391.798020 1.000000
7201019.949148 7201019.949148 1.000000
7201129.205152 7201129.205152 1.000000
7201237.131112 7201237.131112 1.000000
7201269.775177 7201269.775177 1.000000
7201292.822457 7201292.822457 1.000000
7201192.526870 7201192.526870 1.000000
7201347.036918 7201347.036918 1.000000
7201464.860249 7201464.860249 1.000000
7201363.591363 7201363.591363 1.000000
7201396.255030 7201396.255030 1.000000
7201299.971588 7201299.971588 1.000000
7201206.525958 7201206.525958 1.000000
7201302.552675 7201302.552675 1.000000
7201244.617948 7201244.617948 1.000000
7201134.022028 7201134.022028 1.000000
7201250.516369 7201250.516369 1.000000
7201126.831082 7201126.831082 1.000000
7200984.064360 7200984.064360 1.000000
7200939.150659 7200939.150659 1.000000
7200801.919021 7200801.919021 1.000000
7200678.734431 7200678.734431 1.000000
7200610.524594 7200610.524594 1.000000
7200696.024578 7200696.024578 1.000000
7200604.487217 7200604.487217 1.000000
7200581.901341 7200581.901341 1.000000
7200092.136989 7200092.136989 1.000000
7200236.106811 7200236.106811 1.000000
7200388.119311 7200388.119311 1.000000
7200257.039445 7200257.039445 1.000000
7200277.692069 7200277.692069 1.000000
7200150.025345 7200150.025345 1.000000
7200096.458472 7200096.458472 1.000000
7200145.335839 7200145.335839 1.000000
7200169.667399 7200169.667399 1.000000
7200261.381056 7200261.381056 1.000000
7200289.761450 7200289.761450 1.000000
7200131.611653 7200131.611653 1.000000
7200082.017910 7200082.017910 1.000000
7200103.121094 7200103.121094 1.000000
7199971.773875 7199971.773875 1.000000
7199993.532630 7199993.532630 1.000000
7200027.977844 7200027.977844 1.000000
7200200.120921 7200200.120921 1.000000
7200089.606804 7200089.606804 1.000000
7200115.276206 7200115.276206 1.000000
7200273.792135 7200273.792135 1.000000
7200158.999759 7200158.999759 1.000000
7199961.730237 7199961.730237 1.000000
7199848.170442 7199848.170442 1.000000
7199732.312404 7199732.312404 1.000000
7199804.489012 7199804.489012 1.000000
7199660.886776 7199660.886776 1.000000
7199539.996203 7199539.996203 1.000000
7199573.644107 7199573.644107 1.000000
7199693.069001 7199693.069001 1.000000
7199816.394759 7199816.394759 1.000000
7199949.376079 7199949.376079 1.000000
7199979.513117 7199979.513117 1.000000
7200002.905778 7200002.905778 1.000000
7200038.182012 7200038.182012 1.000000
7200014.669307 7200014.669307 1.000000
7199985.536762 7199985.536762 1.000000
7200100.814867 7200100.814867 1.000000
7200034.291579 7200034.291579 1.000000
7200063.225208 7200063.225208 1.000000
7200208.970324 7200208.970324 1.000000
7200233.928877 7200233.928877 1.000000
7200377.738355 7200377.738355 1.000000
7200276.491921 7200276.491921 1.000000
7200121.154025 7200121.154025 1.000000
7200233.768373 7200233.768373 1.000000
7200350.472188 7200350.472188 1.000000
7200409.323718 7200409.323718 1.000000
7200543.199868 7200543.199868 1.000000
7200414.419964 7200414.419964 1.000000
7200437.135109 7200437.135109 1.000000
7200408.200245 7200408.200245 1.000000
7199560.476270 7199560.476270 1.000000
7199718.372638 7199718.372638 1.000000
7199873.395417 7199873.395417 1.000000
7199752.567119 7199752.567119 1.000000
7199644.365977 7199644.365977 1.000000
7199673.672387 7199673.672387 1.000000
7199559.758859 7199559.758859 1.000000
7199756.163264 7199756.163264 1.000000
7200086.080961 7200086.080961 1.000000
7200114.695621 7200114.695621 1.000000
7199942.785109 7199942.785109 1.000000
7199825.370597 7199825.370597 1.000000
7199886.135393 7199886.135393 1.000000
7199787.822855 7199787.822855 1.000000
7200250.276551 7200250.276551 1.000000
7200113.679268 7200113.679268 1.000000
7200231.603812 7200231.603812 1.000000
7200386.205789 7200386.205789 1.000000
7200279.087592 7200279.087592 1.000000
7200436.353063 7200436.353063 1.000000
7200416.168948 7200416.168948 1.000000
7200316.057074 7200316.057074 1.000000
7200339.351656 7200339.351656 1.000000
7200175.832923 7200175.832923 1.000000
7200065.963167 7200065.963167 1.000000
7200103.896529 7200103.896529 1.000000
7200124.942793 7200124.942793 1.000000
7200148.778365 7200148.778365 1.000000
7200171.192798 7200171.192798 1.000000
7200206.904664 7200206.904664 1.000000
7200352.617350 7200352.617350 1.000000
7199538.653952 7199538.653952 1.000000
7199697.447673 7199697.447673 1.000000
7199809.172488 7199809.172488 1.000000
7199728.789349 7199728.789349 1.000000
7199599.881136 7199599.881136 1.000000
7198788.136321 7198788.136321 1.000000
7198670.923683 7198670.923683 1.000000
7199536.582807 7199536.582807 1.000000
7199489.047264 7199489.047264 1.000000
7199323.436341 7199323.436341 1.000000
7199298.533160 7199298.533160 1.000000
7199183.728744 7199183.728744 1.000000
7199022.849322 7199022.849322 1.000000
7199138.446655 7199138.446655 1.000000
7199261.022095 7199261.022095 1.000000
7198807.658064 7198807.658064 1.000000
7198625.018793 7198625.018793 1.000000
7198500.098795 7198500.098795 1.000000
7198520.954346 7198520.954346 1.000000
7198583.745898 7198583.745898 1.000000
7199979.382017 7199979.382017 1.000000
7199910.687809 7199910.687809 1.000000
7200012.380955 7200012.380955 1.000000
7200046.164954 7200046.164954 1.000000
7200239.353915 7200239.353915 1.000000
7200271.426777 7200271.426777 1.000000
7200134.672337 7200134.672337 1.000000
7199969.009299 7199969.009299 1.000000
7199770.316429 7199770.316429 1.000000
7199743.140070 7199743.140070 1.000000
7199706.607604 7199706.607604 1.000000
7199841.125851 7199841.125851 1.000000
7199811.597804 7199811.597804 1.000000
7199863.743329 7199863.743329 1.000000
7199837.203539 7199837.203539 1.000000
7200017.914687 7200017.914687 1.000000
7200038.749166 7200038.749166 1.000000
7199897.963103 7199897.963103 1.000000
7199848.982138 7199848.982138 1.000000
7199951.008625 7199951.008625 1.000000
7199982.284010 7199982.284010 1.000000
7199921.139271 7199921.139271 1.000000
7199971.133744 7199971.133744 1.000000
7199996.467822 7199996.467822 1.000000
7200048.924407 7200048.924407 1.000000
7200188.197264 7200188.197264 1.000000
7200153.308316 7200153.308316 1.000000
7200123.601032 7200123.601032 1.000000
7200088.082238 7200088.082238 1.000000
7200066.281969 7200066.281969 1.000000
7200114.144388 7200114.144388 1.000000
7200059.353918 7200059.353918 1.000000
7199993.933489 7199993.933489 1.000000
7200052.320784 7200052.320784 1.000000
7200202.032461 7200202.032461 1.000000
7200230.644768 7200230.644768 1.000000
7200278.171789 7200278.171789 1.000000
7200336.946585 7200336.946585 1.000000
7200310.745214 7200310.745214 1.000000
7200289.886407 7200289.886407 1.000000
7200120.256965 7200120.256965 1.000000
7199933.396655 7199933.396655 1.000000
7199878.521374 7199878.521374 1.000000
7199903.998486 7199903.998486 1.000000
7200054.871103 7200054.871103 1.000000
7200029.917964 7200029.917964 1.000000
7200497.079594 7200497.079594 1.000000
7200641.197351 7200641.197351 1.000000
7201369.076892 7201369.076892 1.000000
7201315.910705 7201315.910705 1.000000
7201439.664698 7201439.664698 1.000000
7201621.436417 7201621.436417 1.000000
7201643.761596 7201643.761596 1.000000
7201810.387263 7201810.387263 1.000000
7201834.728612 7201834.728612 1.000000
7201103.695213 7201103.695213 1.000000
7201248.818927 7201248.818927 1.000000
7201425.437245 7201425.437245 1.000000
7201603.290670 7201603.290670 1.000000
7201728.508264 7201728.508264 1.000000
7201616.739554 7201616.739554 1.000000
7201497.873540 7201497.873540 1.000000
7201525.135470 7201525.135470 1.000000
7201548.538401 7201548.538401 1.000000
7201400.081106 7201400.081106 1.000000
7201355.846988 7201355.846988 1.000000
7201397.802100 7201397.802100 1.000000
7201332.016159 7201332.016159 1.000000
7201364.975417 7201364.975417 1.000000
7201211.326504 7201211.326504 1.000000
7201188.996146 7201188.996146 1.000000
7201217.169603 7201217.169603 1.000000
7201281.404211 7201281.404211 1.000000
7201309.512107 7201309.512107 1.000000
7201198.278738 7201198.278738 1.000000
7201346.865431 7201346.865431 1.000000
7201191.911703 7201191.911703 1.000000
7201026.377716 7201026.377716 1.000000
7201047.148741 7201047.148741 1.000000
7201228.813049 7201228.813049 1.000000
7201277.397342 7201277.397342 1.000000
7201308.831018 7201308.831018 1.000000
7201331.993028 7201331.993028 1.000000
7201194.605120 7201194.605120 1.000000
7201091.815135 7201091.815135 1.000000
7201126.668363 7201126.668363 1.000000
7201173.981411 7201173.981411 1.000000
7201302.151080 7201302.151080 1.000000
7201161.786960 7201161.786960 1.000000
7201182.739808 7201182.739808 1.000000
7201040.259631 7201040.259631 1.000000
7201160.383679 7201160.383679 1.000000
7201185.741328 7201185.741328 1.000000
7201224.665970 7201224.665970 1.000000
7201078.872400 7201078.872400 1.000000
7200950.762992 7200950.762992 1.000000
7201085.440109 7201085.440109 1.000000
7201254.171722 7201254.171722 1.000000
7201283.632311 7201283.632311 1.000000
7201207.887648 7201207.887648 1.000000
7201311.968293 7201311.968293 1.000000
7201485.126928 7201485.126928 1.000000
7201354.617928 7201354.617928 1.000000
7201487.639128 7201487.639128 1.000000
7201453.045233 7201453.045233 1.000000
7201927.539380 7201927.539380 1.000000
7202073.071210 7202073.071210 1.000000
7202236.865661 7202236.865661 1.000000
7202076.164912 7202076.164912 1.000000
7202148.466101 7202148.466101 1.000000
7202194.707584 7202194.707584 1.000000
7202049.091533 7202049.091533 1.000000
7201873.785369 7201873.785369 1.000000
7201980.928945 7201980.928945 1.000000
7201904.539404 7201904.539404 1.000000
7201850.833407 7201850.833407 1.000000
7201829.302847 7201829.302847 1.000000
7201972.578666 7201972.578666 1.000000
7202005.881043 7202005.881043 1.000000
7202037.370775 7202037.370775 1.000000
7202078.900633 7202078.900633 1.000000
7202099.088793 7202099.088793 1.000000
7201928.219810 7201928.219810 1.000000
7201767.115855 7201767.115855 1.000000
7201918.324052 7201918.324052 1.000000
7202052.477281 7202052.477281 1.000000
7202249.999742 7202249.999742 1.000000
7202224.382789 7202224.382789 1.000000
7202261.850954 7202261.850954 1.000000
7202078.032267 7202078.032267 1.000000
7202108.486104 7202108.486104 1.000000
7202253.428036 7202253.428036 1.000000
7202339.284659 7202339.284659 1.000000
7202291.970395 7202291.970395 1.000000
7202318.068098 7202318.068098 1.000000
7202281.818065 7202281.818065 1.000000
7202311.999440 7202311.999440 1.000000
7202340.812271 7202340.812271 1.000000
7202362.393240 7202362.393240 1.000000
7202503.178257 7202503.178257 1.000000
7202526.076641 7202526.076641 1.000000
7202568.642420 7202568.642420 1.000000
7202605.555640 7202605.555640 1.000000
7202641.569729 7202641.569729 1.000000
7202672.996073 7202672.996073 1.000000
7203003.643100 7203003.643100 1.000000
7203088.104177 7203088.104177 1.000000
7202914.630558 7202914.630558 1.000000
7202940.111235 7202940.111235 1.000000
7202970.820257 7202970.820257 1.000000
7202840.378683 7202840.378683 1.000000
7202669.794385 7202669.794385 1.000000
7202806.361023 7202806.361023 1.000000
7202848.576370 7202848.576370 1.000000
7202877.903748 7202877.903748 1.000000
7202919.763308 7202919.763308 1.000000
7202885.795976 7202885.795976 1.000000
7203021.304471 7203021.304471 1.000000
7203042.049510 7203042.049510 1.000000
7203211.504817 7203211.504817 1.000000
7203037.678381 7203037.678381 1.000000
7202934.591983 7202934.591983 1.000000
7202954.725916 7202954.725916 1.000000
7203048.047044 7203048.047044 1.000000
7203242.459984 7203242.459984 1.000000
7203267.281825 7203267.281825 1.000000
7203299.511821 7203299.511821 1.000000
7203331.277733 7203331.277733 1.000000
7203367.413223 7203367.413223 1.000000
7203395.676381 7203395.676381 1.000000
7203365.842339 7203365.842339 1.000000
7203338.949361 7203338.949361 1.000000
7203446.393573 7203446.393573 1.000000
7203600.451042 7203600.451042 1.000000
7203424.552190 7203424.552190 1.000000
7203468.372704 7203468.372704 1.000000
7203489.918322 7203489.918322 1.000000
7203354.201824 7203354.201824 1.000000
7203506.313922 7203506.313922 1.000000
7202601.512372 7202601.512372 1.000000
7203157.375536 7203157.375536 1.000000
7203192.552203 7203192.552203 1.000000
7203168.827022 7203168.827022 1.000000
7203138.345810 7203138.345810 1.000000
7202999.238865 7202999.238865 1.000000
7203037.622118 7203037.622118 1.000000
7202844.611305 7202844.611305 1.000000
7202808.425396 7202808.425396 1.000000
7202706.883222 7202706.883222 1.000000
7202517.792254 7202517.792254 1.000000
7202431.206167 7202431.206167 1.000000
7202543.001034 7202543.001034 1.000000
7202396.705554 7202396.705554 1.000000
7202454.879497 7202454.879497 1.000000
7202555.663791 7202555.663791 1.000000
7202578.155670 7202578.155670 1.000000
7202752.089155 7202752.089155 1.000000
7202905.386453 7202905.386453 1.000000
7202931.171365 7202931.171365 1.000000
7202960.512165 7202960.512165 1.000000
7203141.266110 7203141.266110 1.000000
7203104.281770 7203104.281770 1.000000
7203259.951394 7203259.951394 1.000000
7203393.023047 7203393.023047 1.000000
7203488.728520 7203488.728520 1.000000
7203663.428586 7203663.428586 1.000000
7203795.694781 7203795.694781 1.000000
7203773.506089 7203773.506089 1.000000
7203307.347843 7203307.347843 1.000000
7203486.708855 7203486.708855 1.000000
7202868.385262 7202868.385262 1.000000
7202894.371202 7202894.371202 1.000000
7202766.133860 7202766.133860 1.000000
7202787.150475 7202787.150475 1.000000
7202898.759934 7202898.759934 1.000000
7203025.843770 7203025.843770 1.000000
7203047.362842 7203047.362842 1.000000
7203147.563122 7203147.563122 1.000000
7203178.263213 7203178.263213 1.000000
7203152.191732 7203152.191732 1.000000
7202966.292211 7202966.292211 1.000000
7202989.289952 7202989.289952 1.000000
7203024.884972 7203024.884972 1.000000
7203047.550840 7203047.550840 1.000000
7202995.451183 7202995.451183 1.000000
7203019.030954 7203019.030954 1.000000
7202998.939095 7202998.939095 1.000000
7203180.911126 7203180.911126 1.000000
7203215.621428 7203215.621428 1.000000
7203252.929211 7203252.929211 1.000000
7203439.278309 7203439.278309 1.000000
7203579.470231 7203579.470231 1.000000
7203600.912809 7203600.912809 1.000000
7203579.876856 7203579.876856 1.000000
7203476.288107 7203476.288107 1.000000
7203605.847671 7203605.847671 1.000000
7203026.399279 7203026.399279 1.000000
7203192.068353 7203192.068353 1.000000
7203152.350375 7203152.350375 1.000000
7203300.054313 7203300.054313 1.000000
7203324.323521 7203324.323521 1.000000
7203511.624696 7203511.624696 1.000000
7203535.546917 7203535.546917 1.000000
7203575.407099 7203575.407099 1.000000
7203683.705651 7203683.705651 1.000000
7203710.715965 7203710.715965 1.000000
7203734.800919 7203734.800919 1.000000
7203754.935007 7203754.935007 1.000000
7203721.752979 7203721.752979 1.000000
7203592.021186 7203592.021186 1.000000
7203615.320548 7203615.320548 1.000000
7203519.801080 7203519.801080 1.000000
7203630.233880 7203630.233880 1.000000
7203753.391590 7203753.391590 1.000000
7203642.167531 7203642.167531 1.000000
7203770.244470 7203770.244470 1.000000
7203798.574534 7203798.574534 1.000000
7203947.175243 7203947.175243 1.000000
7204128.485412 7204128.485412 1.000000
7204261.767939 7204261.767939 1.000000
7204417.367958 7204417.367958 1.000000
7204564.085144 7204564.085144 1.000000
7204743.595560 7204743.595560 1.000000
7204607.202482 7204607.202482 1.000000
7205049.915295 7205049.915295 1.000000
7205218.792212 7205218.792212 1.000000
7205384.061447 7205384.061447 1.000000
7205560.080435 7205560.080435 1.000000
7205486.209569 7205486.209569 1.000000
7205683.234342 7205683.234342 1.000000
7205723.016252 7205723.016252 1.000000
7205583.976322 7205583.976322 1.000000
7205689.053429 7205689.053429 1.000000
7205871.332878 7205871.332878 1.000000
7205911.184542 7205911.184542 1.000000
7205939.116945 7205939.116945 1.000000
7205965.126418 7205965.126418 1.000000
7206102.155318 7206102.155318 1.000000
7206250.888064 7206250.888064 1.000000
7206275.448643 7206275.448643 1.000000
7206302.450406 7206302.450406 1.000000
7206335.814159 7206335.814159 1.000000
7206206.737165 7206206.737165 1.000000
7206238.507572 7206238.507572 1.000000
7206261.556008 7206261.556008 1.000000
7206284.571562 7206284.571562 1.000000
7206307.259507 7206307.259507 1.000000
7206340.389992 7206340.389992 1.000000
7206943.229008 7206943.229008 1.000000
7206911.457395 7206911.457395 1.000000
7207040.690870 7207040.690870 1.000000
7207015.460646 7207015.460646 1.000000
7207137.723966 7207137.723966 1.000000
7207171.891254 7207171.891254 1.000000
7207201.724401 7207201.724401 1.000000
7207367.354599 7207367.354599 1.000000
7207392.303304 7207392.303304 1.000000
7207547.384933 7207547.384933 1.000000
7207731.616006 7207731.616006 1.000000
7207858.877332 7207858.877332 1.000000
7207978.757977 7207978.757977 1.000000
7207899.776015 7207899.776015 1.000000
7207921.668701 7207921.668701 1.000000
7208023.772075 7208023.772075 1.000000
7207917.745917 7207917.745917 1.000000
7207954.141986 7207954.141986 1.000000
7207981.594164 7207981.594164 1.000000
7207929.626455 7207929.626455 1.000000
7208040.592194 7208040.592194 1.000000
7208090.774657 7208090.774657 1.000000
7208068.681853 7208068.681853 1.000000
7208093.294945 7208093.294945 1.000000
7208230.802117 7208230.802117 1.000000
7208343.018566 7208343.018566 1.000000
7208365.583593 7208365.583593 1.000000
7208339.330172 7208339.330172 1.000000
7208513.701681 7208513.701681 1.000000
7208663.619676 7208663.619676 1.000000
7208640.966164 7208640.966164 1.000000
7208514.816767 7208514.816767 1.000000
7208710.424882 7208710.424882 1.000000
7208615.221271 7208615.221271 1.000000
7208474.423805 7208474.423805 1.000000
7208312.778436 7208312.778436 1.000000
7208119.020307 7208119.020307 1.000000
7207975.966109 7207975.966109 1.000000
7208110.340669 7208110.340669 1.000000
7207962.634663 7207962.634663 1.000000
7207907.497374 7207907.497374 1.000000
7207819.477464 7207819.477464 1.000000
7207942.838883 7207942.838883 1.000000
7207900.775613 7207900.775613 1.000000
7207718.061366 7207718.061366 1.000000
7207680.349469 7207680.349469 1.000000
7207864.611337 7207864.611337 1.000000
7207954.716163 7207954.716163 1.000000
7207931.512541 7207931.512541 1.000000
7208093.796057 7208093.796057 1.000000
7208278.475314 7208278.475314 1.000000
7208159.525045 7208159.525045 1.000000
7208300.045441 7208300.045441 1.000000
7208363.544458 7208363.544458 1.000000
7208330.923584 7208330.923584 1.000000
7208351.326651 7208351.326651 1.000000
7200106.379888 7200106.379888 1.000000
7200212.140140 7200212.140140 1.000000
7200175.994235 7200175.994235 1.000000
7200287.114453 7200287.114453 1.000000
7200417.663048 7200417.663048 1.000000
7200527.577327 7200527.577327 1.000000
7200571.993049 7200571.993049 1.000000
7200770.835439 7200770.835439 1.000000
7201055.253943 7201055.253943 1.000000
7201174.852648 7201174.852648 1.000000
7200164.814040 7200164.814040 1.000000
7200321.057130 7200321.057130 1.000000
7200514.730312 7200514.730312 1.000000
7200535.891203 7200535.891203 1.000000
7200498.545959 7200498.545959 1.000000
7200525.705363 7200525.705363 1.000000
7200710.597906 7200710.597906 1.000000
7199931.601496 7199931.601496 1.000000
7199957.403664 7199957.403664 1.000000
7199978.379657 7199978.379657 1.000000
7200053.721534 7200053.721534 1.000000
7200233.858026 7200233.858026 1.000000
7200340.423722 7200340.423722 1.000000
7200428.963101 7200428.963101 1.000000
7200528.682047 7200528.682047 1.000000
7200602.525568 7200602.525568 1.000000
7200641.025535 7200641.025535 1.000000
7200742.846772 7200742.846772 1.000000
7200921.335853 7200921.335853 1.000000
7201066.936938 7201066.936938 1.000000
7200990.290422 7200990.290422 1.000000
7201299.303441 7201299.303441 1.000000
7201165.972875 7201165.972875 1.000000
7201010.752050 7201010.752050 1.000000
7200893.521489 7200893.521489 1.000000
7200921.748519 7200921.748519 1.000000
7200945.631820 7200945.631820 1.000000
7200835.797999 7200835.797999 1.000000
7201022.532879 7201022.532879 1.000000
7200633.175515 7200633.175515 1.000000
7200758.034982 7200758.034982 1.000000
7200783.215463 7200783.215463 1.000000
7200978.748452 7200978.748452 1.000000
7200919.896034 7200919.896034 1.000000
7200949.162838 7200949.162838 1.000000
7200838.269884 7200838.269884 1.000000
7200867.249559 7200867.249559 1.000000
7200904.801231 7200904.801231 1.000000
7200932.272661 7200932.272661 1.000000
7199981.339614 7199981.339614 1.000000
7200004.453821 7200004.453821 1.000000
7200040.239097 7200040.239097 1.000000
7200067.854932 7200067.854932 1.000000
7200216.963007 7200216.963007 1.000000
7200398.161650 7200398.161650 1.000000
7200433.368341 7200433.368341 1.000000
7200619.898463 7200619.898463 1.000000
7200641.671857 7200641.671857 1.000000
7200673.256263 7200673.256263 1.000000
7200790.318981 7200790.318981 1.000000
7200818.535125 7200818.535125 1.000000
7200855.793988 7200855.793988 1.000000
7201476.437104 7201476.437104 1.000000
7201605.531626 7201605.531626 1.000000
7201211.740337 7201211.740337 1.000000
7201342.633030 7201342.633030 1.000000
7201466.472875 7201466.472875 1.000000
7201325.574016 7201325.574016 1.000000
7201442.702543 7201442.702543 1.000000
7201343.622281 7201343.622281 1.000000
7201443.823588 7201443.823588 1.000000
7201596.705838 7201596.705838 1.000000
7201728.819615 7201728.819615 1.000000
7201909.214916 7201909.214916 1.000000
7202053.340554 7202053.340554 1.000000
7202172.036702 7202172.036702 1.000000
7202302.664323 7202302.664323 1.000000
7201670.827560 7201670.827560 1.000000
7201778.646691 7201778.646691 1.000000
7201937.800869 7201937.800869 1.000000
7202055.273982 7202055.273982 1.000000
7201962.682241 7201962.682241 1.000000
7202066.625777 7202066.625777 1.000000
7202193.536827 7202193.536827 1.000000
7202304.675956 7202304.675956 1.000000
7202406.143031 7202406.143031 1.000000
7202295.585201 7202295.585201 1.000000
7202149.110948 7202149.110948 1.000000
7202281.556245 7202281.556245 1.000000
7203229.957404 7203229.957404 1.000000
7203395.625643 7203395.625643 1.000000
7203340.810676 7203340.810676 1.000000
7203461.049867 7203461.049867 1.000000
7203324.071845 7203324.071845 1.000000
7203367.215752 7203367.215752 1.000000
7203451.664956 7203451.664956 1.000000
7203407.451483 7203407.451483 1.000000
7203567.788178 7203567.788178 1.000000
7203708.441215 7203708.441215 1.000000
7203586.702170 7203586.702170 1.000000
7203702.490230 7203702.490230 1.000000
7202980.528690 7202980.528690 1.000000
7202923.317929 7202923.317929 1.000000
7202868.719428 7202868.719428 1.000000
7202966.616858 7202966.616858 1.000000
7203090.640845 7203090.640845 1.000000
7203207.041471 7203207.041471 1.000000
7203276.914452 7203276.914452 1.000000
7204071.088706 7204071.088706 1.000000
7204232.889140 7204232.889140 1.000000
7204268.152449 7204268.152449 1.000000
7204388.305781 7204388.305781 1.000000
7204339.021851 7204339.021851 1.000000
7205316.651503 7205316.651503 1.000000
7205440.805051 7205440.805051 1.000000
7205584.865038 7205584.865038 1.000000
7205758.632225 7205758.632225 1.000000
7205841.257913 7205841.257913 1.000000
7205883.542530 7205883.542530 1.000000
7206030.314753 7206030.314753 1.000000
7206140.825614 7206140.825614 1.000000
7206282.047751 7206282.047751 1.000000
7206634.220677 7206634.220677 1.000000
7206739.462575 7206739.462575 1.000000
7206804.256179 7206804.256179 1.000000
7206933.690248 7206933.690248 1.000000
7207053.655172 7207053.655172 1.000000
7206110.423439 7206110.423439 1.000000
7206229.054736 7206229.054736 1.000000
7205867.774286 7205867.774286 1.000000
7205992.829410 7205992.829410 1.000000
7206135.635266 7206135.635266 1.000000
7206269.810374 7206269.810374 1.000000
7206203.494449 7206203.494449 1.000000
7206298.233189 7206298.233189 1.000000
7206318.430537 7206318.430537 1.000000
7206388.558800 7206388.558800 1.000000
7206523.654153 7206523.654153 1.000000
7206661.777568 7206661.777568 1.000000
7206567.033582 7206567.033582 1.000000
7206660.055145 7206660.055145 1.000000
7206726.202599 7206726.202599 1.000000
7206832.303642 7206832.303642 1.000000
7206985.129645 7206985.129645 1.000000
7207750.123656 7207750.123656 1.000000
7207883.227241 7207883.227241 1.000000
7207936.065527 7207936.065527 1.000000
7207865.479811 7207865.479811 1.000000
7208191.482720 7208191.482720 1.000000
7208331.774224 7208331.774224 1.000000
7208465.362171 7208465.362171 1.000000
7208607.786121 7208607.786121 1.000000
7209201.009975 7209201.009975 1.000000
7209238.065326 7209238.065326 1.000000
7209358.391952 7209358.391952 1.000000
7208896.026293 7208896.026293 1.000000
7209004.534986 7209004.534986 1.000000
7208292.480391 7208292.480391 1.000000
7208210.764779 7208210.764779 1.000000
7208272.234704 7208272.234704 1.000000
7208223.525092 7208223.525092 1.000000
7208510.567089 7208510.567089 1.000000
7208416.428795 7208416.428795 1.000000
7208352.874018 7208352.874018 1.000000
7208458.645311 7208458.645311 1.000000
7209142.567164 7209142.567164 1.000000
7208681.173208 7208681.173208 1.000000
7208750.504733 7208750.504733 1.000000
7208681.232655 7208681.232655 1.000000
7207746.373964 7207746.373964 1.000000
7208432.294143 7208432.294143 1.000000
7208577.627897 7208577.627897 1.000000
7208524.057627 7208524.057627 1.000000
7208175.538198 7208175.538198 1.000000
7208210.163066 7208210.163066 1.000000
7208288.820805 7208288.820805 1.000000
7208416.404387 7208416.404387 1.000000
7208318.649291 7208318.649291 1.000000
7208421.607372 7208421.607372 1.000000
7208529.593825 7208529.593825 1.000000
7208482.845914 7208482.845914 1.000000
7208649.690628 7208649.690628 1.000000
7208840.685735 7208840.685735 1.000000
7208772.258592 7208772.258592 1.000000
7209509.895515 7209509.895515 1.000000
7209359.495441 7209359.495441 1.000000
7209488.724797 7209488.724797 1.000000
7209599.840725 7209599.840725 1.000000
7209541.127839 7209541.127839 1.000000
7209503.266166 7209503.266166 1.000000
7209648.785641 7209648.785641 1.000000
7209782.022977 7209782.022977 1.000000
7209878.981359 7209878.981359 1.000000
7209996.922918 7209996.922918 1.000000
7210032.811528 7210032.811528 1.000000
7210060.735225 7210060.735225 1.000000
7210222.683228 7210222.683228 1.000000
7210093.202552 7210093.202552 1.000000
7209977.342972 7209977.342972 1.000000
7210124.103419 7210124.103419 1.000000
7210065.691158 7210065.691158 1.000000
7210175.804141 7210175.804141 1.000000
7210372.487804 7210372.487804 1.000000
7210452.508920 7210452.508920 1.000000
7210541.592078 7210541.592078 1.000000
7210358.324158 7210358.324158 1.000000
7210417.058566 7210417.058566 1.000000
7210573.889569 7210573.889569 1.000000
7210979.785837 7210979.785837 1.000000
7211119.536396 7211119.536396 1.000000
7211173.080389 7211173.080389 1.000000
7211228.264573 7211228.264573 1.000000
7211380.322607 7211380.322607 1.000000
7211263.426625 7211263.426625 1.000000
7211159.325695 7211159.325695 1.000000
7211277.598767 7211277.598767 1.000000
7211137.241214 7211137.241214 1.000000
7211175.954463 7211175.954463 1.000000
7211241.825196 7211241.825196 1.000000
7212140.868705 7212140.868705 1.000000
7212256.371504 7212256.371504 1.000000
7212336.870700 7212336.870700 1.000000
7212387.842719 7212387.842719 1.000000
7211799.786357 7211799.786357 1.000000
7211686.468684 7211686.468684 1.000000
7211506.222114 7211506.222114 1.000000
7211647.998112 7211647.998112 1.000000
7211489.178916 7211489.178916 1.000000
7211573.008744 7211573.008744 1.000000
7211707.064300 7211707.064300 1.000000
7211576.477086 7211576.477086 1.000000
7211632.824560 7211632.824560 1.000000
7211500.931636 7211500.931636 1.000000
7211634.639849 7211634.639849 1.000000
7211764.868651 7211764.868651 1.000000
7211819.184027 7211819.184027 1.000000
7211910.838750 7211910.838750 1.000000
7211995.959012 7211995.959012 1.000000
7212092.577251 7212092.577251 1.000000
7212879.525658 7212879.525658 1.000000
7211952.287074 7211952.287074 1.000000
7224954.837413 7224954.837413 1.000000
7225023.333882 7225023.333882 1.000000
7224935.501701 7224935.501701 1.000000
7224077.521346 7224077.521346 1.000000
7223964.161865 7223964.161865 1.000000
7223805.649052 7223805.649052 1.000000
7223854.395447 7223854.395447 1.000000
7223908.700707 7223908.700707 1.000000
7223807.806543 7223807.806543 1.000000
7223722.505657 7223722.505657 1.000000
7223874.896169 7223874.896169 1.000000
7224171.274667 7224171.274667 1.000000
7223346.031883 7223346.031883 1.000000
7223239.790340 7223239.790340 1.000000
7223392.776555 7223392.776555 1.000000
7223484.397450 7223484.397450 1.000000
7223592.735387 7223592.735387 1.000000
7223484.003782 7223484.003782 1.000000
7223546.520654 7223546.520654 1.000000
7222777.686077 7222777.686077 1.000000
7223646.756512 7223646.756512 1.000000
7223692.987016 7223692.987016 1.000000
7222704.166664 7222704.166664 1.000000
7222796.561646 7222796.561646 1.000000
7222757.370577 7222757.370577 1.000000
7222228.340235 7222228.340235 1.000000
7222132.675192 7222132.675192 1.000000
7222171.420255 7222171.420255 1.000000
7221362.128935 7221362.128935 1.000000
7221397.342194 7221397.342194 1.000000
7221524.029688 7221524.029688 1.000000
7221605.993090 7221605.993090 1.000000
7221474.799789 7221474.799789 1.000000
7221351.054501 7221351.054501 1.000000
7221415.921222 7221415.921222 1.000000
7221306.593554 7221306.593554 1.000000
7221216.165274 7221216.165274 1.000000
7221096.552505 7221096.552505 1.000000
7221020.175269 7221020.175269 1.000000
7221218.305587 7221218.305587 1.000000
7220896.657256 7220896.657256 1.000000
7221040.937289 7221040.937289 1.000000
7220922.692841 7220922.692841 1.000000
7220963.084628 7220963.084628 1.000000
7220772.381059 7220772.381059 1.000000
7220607.563126 7220607.563126 1.000000
7220528.809921 7220528.809921 1.000000
7220119.172114 7220119.172114 1.000000
7220250.127173 7220250.127173 1.000000
7220131.704883 7220131.704883 1.000000
7220081.056519 7220081.056519 1.000000
7219424.859635 7219424.859635 1.000000
7219370.968056 7219370.968056 1.000000
7219429.694304 7219429.694304 1.000000
7219278.920482 7219278.920482 1.000000
7219379.314545 7219379.314545 1.000000
7219520.619959 7219520.619959 1.000000
7219411.534070 7219411.534070 1.000000
7219552.904790 7219552.904790 1.000000
7219654.986303 7219654.986303 1.000000
7219694.870054 7219694.870054 1.000000
7220204.818292 7220204.818292 1.000000
7220257.640552 7220257.640552 1.000000
7220166.110784 7220166.110784 1.000000
7220218.959929 7220218.959929 1.000000
7220380.023275 7220380.023275 1.000000
7219688.403134 7219688.403134 1.000000
7219849.685781 7219849.685781 1.000000
7219745.988072 7219745.988072 1.000000
7219856.770443 7219856.770443 1.000000
7220466.607163 7220466.607163 1.000000
