7404313.373366 7404313.373366 1.000000
7404130.245054 7404130.245054 1.000000
7404333.808965 7404333.808965 1.000000
7404007.472721 7404007.472721 1.000000
7404152.994719 7404152.994719 1.000000
7403956.181979 7403956.181979 1.000000
7403063.160767 7403063.160767 1.000000
7402802.371199 7402802.371199 1.000000
7402514.754984 7402514.754984 1.000000
7402494.787831 7402494.787831 1.000000
7402524.293256 7402524.293256 1.000000
7402446.576097 7402446.576097 1.000000
7402948.927108 7402948.927108 1.000000
7403109.273920 7403109.273920 1.000000
7402952.837763 7402952.837763 1.000000
7403326.532370 7403326.532370 1.000000
7403330.409717 7403330.409717 1.000000
7402993.236366 7402993.236366 1.000000
7403184.361060 7403184.361060 1.000000
7403299.584934 7403299.584934 1.000000
7403023.633501 7403023.633501 1.000000
7402582.679753 7402582.679753 1.000000
7402937.422906 7402937.422906 1.000000
7402399.610504 7402399.610504 1.000000
7401979.285838 7401979.285838 1.000000
7402017.094519 7402017.094519 1.000000
7402017.464175 7402017.464175 1.000000
7402240.968058 7402240.968058 1.000000
7402581.252450 7402581.252450 1.000000
7402691.992149 7402691.992149 1.000000
7401249.188337 7401249.188337 1.000000
7401340.533287 7401340.533287 1.000000
7399865.802226 7399865.802226 1.000000
7400085.517495 7400085.517495 1.000000
7400696.432034 7400696.432034 1.000000
7400595.223948 7400595.223948 1.000000
7399961.517488 7399961.517488 1.000000
7400431.278845 7400431.278845 1.000000
7401025.566616 7401025.566616 1.000000
7401378.397483 7401378.397483 1.000000
7401236.594421 7401236.594421 1.000000
7401559.141219 7401559.141219 1.000000
7401431.020836 7401431.020836 1.000000
7401872.521696 7401872.521696 1.000000
7402167.619816 7402167.619816 1.000000
7401955.232409 7401955.232409 1.000000
7402075.232915 7402075.232915 1.000000
7402671.623570 7402671.623570 1.000000
7402533.235998 7402533.235998 1.000000
7402826.408811 7402826.408811 1.000000
7402863.967536 7402863.967536 1.000000
7402763.922295 7402763.922295 1.000000
7403114.137333 7403114.137333 1.000000
7403213.318609 7403213.318609 1.000000
7403813.859712 7403813.859712 1.000000
7404085.555042 7404085.555042 1.000000
7404211.926681 7404211.926681 1.000000
7404294.383898 7404294.383898 1.000000
7404735.100075 7404735.100075 1.000000
7404789.790130 7404789.790130 1.000000
7404956.203002 7404956.203002 1.000000
7405093.172827 7405093.172827 1.000000
7405163.975790 7405163.975790 1.000000
7405314.167150 7405314.167150 1.000000
7404807.160866 7404807.160866 1.000000
7404826.305319 7404826.305319 1.000000
7405013.279612 7405013.279612 1.000000
7404940.463920 7404940.463920 1.000000
7405165.669444 7405165.669444 1.000000
7404781.287381 7404781.287381 1.000000
7405282.879875 7405282.879875 1.000000
7405627.090191 7405627.090191 1.000000
7405279.907811 7405279.907811 1.000000
7404718.527318 7404718.527318 1.000000
7404709.681796 7404709.681796 1.000000
7404710.767751 7404710.767751 1.000000
7404362.355851 7404362.355851 1.000000
7404294.344860 7404294.344860 1.000000
7404366.004650 7404366.004650 1.000000
7403930.136757 7403930.136757 1.000000
7404185.557228 7404185.557228 1.000000
7404286.389268 7404286.389268 1.000000
7404477.397521 7404477.397521 1.000000
7404121.456473 7404121.456473 1.000000
7404240.498139 7404240.498139 1.000000
7404099.258766 7404099.258766 1.000000
7404278.821211 7404278.821211 1.000000
7403848.205075 7403848.205075 1.000000
7403493.876352 7403493.876352 1.000000
7403434.559440 7403434.559440 1.000000
7402225.399266 7402225.399266 1.000000
7402201.637103 7402201.637103 1.000000
7402262.407177 7402262.407177 1.000000
7401411.346705 7401411.346705 1.000000
7401483.193083 7401483.193083 1.000000
7401175.794980 7401175.794980 1.000000
7401400.095907 7401400.095907 1.000000
7400842.716916 7400842.716916 1.000000
7401010.571906 7401010.571906 1.000000
7401669.375884 7401669.375884 1.000000
7401846.553160 7401846.553160 1.000000
7402269.045165 7402269.045165 1.000000
7402334.015376 7402334.015376 1.000000
7402428.340081 7402428.340081 1.000000
7402898.487731 7402898.487731 1.000000
7402768.463303 7402768.463303 1.000000
7402782.056915 7402782.056915 1.000000
7402599.303843 7402599.303843 1.000000
7402627.419959 7402627.419959 1.000000
7402688.301252 7402688.301252 1.000000
7402978.165331 7402978.165331 1.000000
7402688.376360 7402688.376360 1.000000
7402460.686159 7402460.686159 1.000000
7402597.515661 7402597.515661 1.000000
7402727.967312 7402727.967312 1.000000
7402215.005935 7402215.005935 1.000000
7402290.958153 7402290.958153 1.000000
7402169.795082 7402169.795082 1.000000
7401989.146834 7401989.146834 1.000000
7401012.030377 7401012.030377 1.000000
7401345.125600 7401345.125600 1.000000
7401236.166904 7401236.166904 1.000000
7401286.212545 7401286.212545 1.000000
7401630.134625 7401630.134625 1.000000
7401375.178486 7401375.178486 1.000000
7400987.182085 7400987.182085 1.000000
7400914.309114 7400914.309114 1.000000
7401219.838288 7401219.838288 1.000000
7400738.084349 7400738.084349 1.000000
7400903.423075 7400903.423075 1.000000
7401197.505888 7401197.505888 1.000000
7401377.605579 7401377.605579 1.000000
7401508.053700 7401508.053700 1.000000
7401708.737942 7401708.737942 1.000000
7401771.975264 7401771.975264 1.000000
7401863.872026 7401863.872026 1.000000
7402273.358192 7402273.358192 1.000000
7402432.481050 7402432.481050 1.000000
7402670.259127 7402670.259127 1.000000
7402766.238417 7402766.238417 1.000000
7402820.739001 7402820.739001 1.000000
7402965.901192 7402965.901192 1.000000
7403017.941808 7403017.941808 1.000000
7403315.224397 7403315.224397 1.000000
7403381.617642 7403381.617642 1.000000
7403547.188707 7403547.188707 1.000000
7403903.592039 7403903.592039 1.000000
7403874.486598 7403874.486598 1.000000
7404065.739726 7404065.739726 1.000000
7404229.752246 7404229.752246 1.000000
7404194.427136 7404194.427136 1.000000
7403721.719408 7403721.719408 1.000000
7402905.872590 7402905.872590 1.000000
7402332.581094 7402332.581094 1.000000
7401761.848141 7401761.848141 1.000000
7401208.634957 7401208.634957 1.000000
7401206.806317 7401206.806317 1.000000
7401144.139382 7401144.139382 1.000000
7399660.618349 7399660.618349 1.000000
7399678.406386 7399678.406386 1.000000
7399682.072131 7399682.072131 1.000000
7399793.865963 7399793.865963 1.000000
7399897.454821 7399897.454821 1.000000
7399644.670225 7399644.670225 1.000000
7399817.706931 7399817.706931 1.000000
7399947.982229 7399947.982229 1.000000
7399799.447812 7399799.447812 1.000000
7400003.558884 7400003.558884 1.000000
7399984.829093 7399984.829093 1.000000
7399978.245083 7399978.245083 1.000000
7400184.545549 7400184.545549 1.000000
7398696.944839 7398696.944839 1.000000
7398463.899010 7398463.899010 1.000000
7398986.664476 7398986.664476 1.000000
7399443.916567 7399443.916567 1.000000
7400052.678401 7400052.678401 1.000000
7400271.472624 7400271.472624 1.000000
7400267.436739 7400267.436739 1.000000
7400647.799204 7400647.799204 1.000000
7400695.025006 7400695.025006 1.000000
7400745.568564 7400745.568564 1.000000
7400828.072197 7400828.072197 1.000000
7401035.381006 7401035.381006 1.000000
7401104.710246 7401104.710246 1.000000
7401226.026583 7401226.026583 1.000000
7401117.063013 7401117.063013 1.000000
7401286.318632 7401286.318632 1.000000
7401497.478111 7401497.478111 1.000000
7401452.116670 7401452.116670 1.000000
7401100.501263 7401100.501263 1.000000
7400729.476441 7400729.476441 1.000000
7400771.624954 7400771.624954 1.000000
7400618.847971 7400618.847971 1.000000
7400924.410009 7400924.410009 1.000000
7400927.968886 7400927.968886 1.000000
7401265.594928 7401265.594928 1.000000
7401414.790099 7401414.790099 1.000000
7401586.422246 7401586.422246 1.000000
7402051.534008 7402051.534008 1.000000
7401903.428417 7401903.428417 1.000000
7402018.640934 7402018.640934 1.000000
7402029.297073 7402029.297073 1.000000
7402072.660751 7402072.660751 1.000000
7402313.104323 7402313.104323 1.000000
7402468.309751 7402468.309751 1.000000
7402591.218822 7402591.218822 1.000000
7403019.810244 7403019.810244 1.000000
7403034.548307 7403034.548307 1.000000
7403037.862666 7403037.862666 1.000000
7403191.492281 7403191.492281 1.000000
7403229.176136 7403229.176136 1.000000
