7400462.826055 7400462.826055 1.000000
7400834.367553 7400834.367553 1.000000
7400767.680905 7400767.680905 1.000000
7400865.718757 7400865.718757 1.000000
7400820.562651 7400820.562651 1.000000
7400927.934104 7400927.934104 1.000000
7401143.191080 7401143.191080 1.000000
7402626.859140 7402626.859140 1.000000
7402345.115612 7402345.115612 1.000000
7402355.272926 7402355.272926 1.000000
7402453.947012 7402453.947012 1.000000
7403156.930770 7403156.930770 1.000000
7403151.728382 7403151.728382 1.000000
7402965.769504 7402965.769504 1.000000
7403402.502365 7403402.502365 1.000000
7403698.626275 7403698.626275 1.000000
7403678.010619 7403678.010619 1.000000
7403758.915561 7403758.915561 1.000000
7403823.021214 7403823.021214 1.000000
7403941.773966 7403941.773966 1.000000
7404778.779776 7404778.779776 1.000000
7404855.433223 7404855.433223 1.000000
7404262.113005 7404262.113005 1.000000
7404392.291061 7404392.291061 1.000000
7404516.968745 7404516.968745 1.000000
7404550.520078 7404550.520078 1.000000
7404572.760030 7404572.760030 1.000000
7404821.023355 7404821.023355 1.000000
7404701.343471 7404701.343471 1.000000
7404671.206050 7404671.206050 1.000000
7404706.530860 7404706.530860 1.000000
7404262.444551 7404262.444551 1.000000
7404212.306349 7404212.306349 1.000000
7404434.511620 7404434.511620 1.000000
7404477.062608 7404477.062608 1.000000
7404859.585243 7404859.585243 1.000000
7405153.317667 7405153.317667 1.000000
7405212.088607 7405212.088607 1.000000
7405037.734554 7405037.734554 1.000000
7404687.217421 7404687.217421 1.000000
7404589.074991 7404589.074991 1.000000
7405961.214682 7405961.214682 1.000000
7405975.146788 7405975.146788 1.000000
7405838.913713 7405838.913713 1.000000
7405750.937648 7405750.937648 1.000000
7405698.858785 7405698.858785 1.000000
7405887.352921 7405887.352921 1.000000
7405634.108970 7405634.108970 1.000000
7405487.891638 7405487.891638 1.000000
7405712.945045 7405712.945045 1.000000
7404810.088926 7404810.088926 1.000000
7404510.823663 7404510.823663 1.000000
7404084.416966 7404084.416966 1.000000
7403461.989569 7403461.989569 1.000000
7401347.823619 7401347.823619 1.000000
7401161.472341 7401161.472341 1.000000
7400358.444237 7400358.444237 1.000000
7400181.737011 7400181.737011 1.000000
7400447.466518 7400447.466518 1.000000
7399994.744570 7399994.744570 1.000000
7399781.949154 7399781.949154 1.000000
7399794.479358 7399794.479358 1.000000
7399602.326647 7399602.326647 1.000000
7399013.092547 7399013.092547 1.000000
7399031.073419 7399031.073419 1.000000
7399753.586032 7399753.586032 1.000000
7399480.342331 7399480.342331 1.000000
7401152.037214 7401152.037214 1.000000
7401182.516358 7401182.516358 1.000000
7401945.832560 7401945.832560 1.000000
7401894.564576 7401894.564576 1.000000
7401995.051636 7401995.051636 1.000000
7401927.289103 7401927.289103 1.000000
7401992.822861 7401992.822861 1.000000
7402406.180172 7402406.180172 1.000000
7403252.651967 7403252.651967 1.000000
7403222.588505 7403222.588505 1.000000
7404035.609815 7404035.609815 1.000000
7404597.290318 7404597.290318 1.000000
7404593.469904 7404593.469904 1.000000
7404789.122574 7404789.122574 1.000000
7404732.561243 7404732.561243 1.000000
7405042.755104 7405042.755104 1.000000
7404794.474147 7404794.474147 1.000000
7404536.191090 7404536.191090 1.000000
7404564.138185 7404564.138185 1.000000
7404353.836871 7404353.836871 1.000000
7404842.471920 7404842.471920 1.000000
7404673.862745 7404673.862745 1.000000
7404803.389116 7404803.389116 1.000000
7405375.926882 7405375.926882 1.000000
7405225.784718 7405225.784718 1.000000
7405212.915205 7405212.915205 1.000000
7405131.148746 7405131.148746 1.000000
7405120.098289 7405120.098289 1.000000
7404677.508587 7404677.508587 1.000000
7404355.747718 7404355.747718 1.000000
7404333.438807 7404333.438807 1.000000
7404345.205424 7404345.205424 1.000000
7404658.814025 7404658.814025 1.000000
7404796.115364 7404796.115364 1.000000
7404782.091248 7404782.091248 1.000000
7405454.967202 7405454.967202 1.000000
7405559.641231 7405559.641231 1.000000
7405509.983471 7405509.983471 1.000000
7405320.499907 7405320.499907 1.000000
