7418948.125894 7418948.125894 1.000000
7418985.289972 7418985.289972 1.000000
7419952.646023 7419952.646023 1.000000
7420214.779143 7420214.779143 1.000000
7419991.641605 7419991.641605 1.000000
7420205.668002 7420205.668002 1.000000
7420363.722980 7420363.722980 1.000000
7420978.518358 7420978.518358 1.000000
7421335.630789 7421335.630789 1.000000
7421430.044053 7421430.044053 1.000000
7422425.211124 7422425.211124 1.000000
7423814.620312 7423814.620312 1.000000
7424885.626962 7424885.626962 1.000000
7426022.246686 7426022.246686 1.000000
7427052.236427 7427052.236427 1.000000
7427426.200519 7427426.200519 1.000000
7428339.803932 7428339.803932 1.000000
7429386.287240 7429386.287240 1.000000
7430338.661036 7430338.661036 1.000000
7431695.304406 7431695.304406 1.000000
7428889.788445 7428889.788445 1.000000
7429021.298831 7429021.298831 1.000000
7430313.074515 7430313.074515 1.000000
7430862.345349 7430862.345349 1.000000
7431549.111654 7431549.111654 1.000000
7431968.887395 7431968.887395 1.000000
7430391.594412 7430391.594412 1.000000
7427502.149313 7427502.149313 1.000000
7424848.425651 7424848.425651 1.000000
7423552.245094 7423552.245094 1.000000
7423709.884934 7423709.884934 1.000000
7424105.788011 7424105.788011 1.000000
7424526.745331 7424526.745331 1.000000
7424086.471821 7424086.471821 1.000000
7424296.697893 7424296.697893 1.000000
7424165.760357 7424165.760357 1.000000
7422907.705821 7422907.705821 1.000000
7423074.819625 7423074.819625 1.000000
7423376.591457 7423376.591457 1.000000
7423665.548939 7423665.548939 1.000000
7424073.566369 7424073.566369 1.000000
7422361.705571 7422361.705571 1.000000
7422053.380041 7422053.380041 1.000000
7419822.296953 7419822.296953 1.000000
7419412.036632 7419412.036632 1.000000
7420964.196454 7420964.196454 1.000000
7419134.653688 7419134.653688 1.000000
7418201.053937 7418201.053937 1.000000
7418599.415709 7418599.415709 1.000000
7417259.779453 7417259.779453 1.000000
7417076.651013 7417076.651013 1.000000
7417363.438697 7417363.438697 1.000000
7417757.414389 7417757.414389 1.000000
7420194.099171 7420194.099171 1.000000
7418519.891310 7418519.891310 1.000000
7418517.954524 7418517.954524 1.000000
7416436.267902 7416436.267902 1.000000
7416760.125398 7416760.125398 1.000000
7414591.904779 7414591.904779 1.000000
7415853.308336 7415853.308336 1.000000
7417456.076744 7417456.076744 1.000000
7418332.898492 7418332.898492 1.000000
7418827.575150 7418827.575150 1.000000
7419348.066942 7419348.066942 1.000000
7420624.454500 7420624.454500 1.000000
7421248.333318 7421248.333318 1.000000
7421957.382010 7421957.382010 1.000000
7422949.816287 7422949.816287 1.000000
7423008.065943 7423008.065943 1.000000
7421795.749327 7421795.749327 1.000000
7421488.656364 7421488.656364 1.000000
7421540.541180 7421540.541180 1.000000
7422802.068743 7422802.068743 1.000000
7424380.251833 7424380.251833 1.000000
7425124.201804 7425124.201804 1.000000
7425979.507647 7425979.507647 1.000000
7426389.701307 7426389.701307 1.000000
7426522.933434 7426522.933434 1.000000
7427853.276592 7427853.276592 1.000000
7428559.771597 7428559.771597 1.000000
7429343.067945 7429343.067945 1.000000
7429040.569134 7429040.569134 1.000000
7429237.832289 7429237.832289 1.000000
7429522.081580 7429522.081580 1.000000
7427350.079467 7427350.079467 1.000000
7426577.325248 7426577.325248 1.000000
7427855.663731 7427855.663731 1.000000
7428353.815379 7428353.815379 1.000000
7428434.578343 7428434.578343 1.000000
7429534.652565 7429534.652565 1.000000
7429512.504111 7429512.504111 1.000000
7426218.520549 7426218.520549 1.000000
7424451.200647 7424451.200647 1.000000
7422450.919543 7422450.919543 1.000000
7423255.291094 7423255.291094 1.000000
7423892.974953 7423892.974953 1.000000
7422843.844988 7422843.844988 1.000000
7421991.896981 7421991.896981 1.000000
7419615.952188 7419615.952188 1.000000
7420210.636033 7420210.636033 1.000000
7421152.387696 7421152.387696 1.000000
7421076.736525 7421076.736525 1.000000
7420885.300804 7420885.300804 1.000000
7420343.970054 7420343.970054 1.000000
7419504.402667 7419504.402667 1.000000
7419874.538957 7419874.538957 1.000000
7418920.021256 7418920.021256 1.000000
7419476.874958 7419476.874958 1.000000
7419922.519586 7419922.519586 1.000000
7420665.424683 7420665.424683 1.000000
7420675.161469 7420675.161469 1.000000
7421114.925251 7421114.925251 1.000000
7421855.723807 7421855.723807 1.000000
7420425.645949 7420425.645949 1.000000
7421093.773552 7421093.773552 1.000000
7421125.035557 7421125.035557 1.000000
7422218.297312 7422218.297312 1.000000
7422211.254172 7422211.254172 1.000000
7420691.110103 7420691.110103 1.000000
7421867.386680 7421867.386680 1.000000
7423101.932939 7423101.932939 1.000000
7424025.146493 7424025.146493 1.000000
7424241.016380 7424241.016380 1.000000
7424556.293843 7424556.293843 1.000000
7424741.571514 7424741.571514 1.000000
7422963.541135 7422963.541135 1.000000
7421946.928007 7421946.928007 1.000000
7421447.247589 7421447.247589 1.000000
7422672.877420 7422672.877420 1.000000
7421585.782797 7421585.782797 1.000000
7421375.518214 7421375.518214 1.000000
7420901.905186 7420901.905186 1.000000
7420958.933903 7420958.933903 1.000000
7421927.143838 7421927.143838 1.000000
7422180.976917 7422180.976917 1.000000
7421191.294031 7421191.294031 1.000000
7421711.178413 7421711.178413 1.000000
7420422.650322 7420422.650322 1.000000
7419731.435747 7419731.435747 1.000000
7420345.807254 7420345.807254 1.000000
7419169.784537 7419169.784537 1.000000
7419179.119730 7419179.119730 1.000000
7420304.600168 7420304.600168 1.000000
7421340.525171 7421340.525171 1.000000
7421154.829274 7421154.829274 1.000000
7422250.194213 7422250.194213 1.000000
7422614.493260 7422614.493260 1.000000
7421682.660899 7421682.660899 1.000000
7421655.952318 7421655.952318 1.000000
7421158.158666 7421158.158666 1.000000
7421353.669731 7421353.669731 1.000000
7417175.539209 7417175.539209 1.000000
7415707.019167 7415707.019167 1.000000
7415303.843431 7415303.843431 1.000000
7414461.140495 7414461.140495 1.000000
7415388.377802 7415388.377802 1.000000
7415863.546418 7415863.546418 1.000000
7416860.194101 7416860.194101 1.000000
7416946.256066 7416946.256066 1.000000
7415611.187605 7415611.187605 1.000000
7414982.940757 7414982.940757 1.000000
7415485.215827 7415485.215827 1.000000
7415812.146971 7415812.146971 1.000000
7415813.845417 7415813.845417 1.000000
7415670.702140 7415670.702140 1.000000
7416184.807721 7416184.807721 1.000000
7417410.017730 7417410.017730 1.000000
7418141.688035 7418141.688035 1.000000
7419388.318634 7419388.318634 1.000000
7420330.508653 7420330.508653 1.000000
7421232.636653 7421232.636653 1.000000
7421974.671554 7421974.671554 1.000000
7422720.488819 7422720.488819 1.000000
7422982.313196 7422982.313196 1.000000
7422619.378954 7422619.378954 1.000000
7421504.393610 7421504.393610 1.000000
7421910.609388 7421910.609388 1.000000
7423124.678199 7423124.678199 1.000000
7423476.725753 7423476.725753 1.000000
7421934.939347 7421934.939347 1.000000
7422412.111138 7422412.111138 1.000000
7420659.812379 7420659.812379 1.000000
7420593.604225 7420593.604225 1.000000
7420793.049420 7420793.049420 1.000000
7420746.775716 7420746.775716 1.000000
7420922.115229 7420922.115229 1.000000
7421227.302041 7421227.302041 1.000000
7421260.787462 7421260.787462 1.000000
7421638.089140 7421638.089140 1.000000
7421772.940313 7421772.940313 1.000000
7421147.412593 7421147.412593 1.000000
7422611.069894 7422611.069894 1.000000
7422895.617967 7422895.617967 1.000000
7422712.317626 7422712.317626 1.000000
7422943.551719 7422943.551719 1.000000
7422147.850664 7422147.850664 1.000000
7421030.081276 7421030.081276 1.000000
7419673.135420 7419673.135420 1.000000
7421486.918708 7421486.918708 1.000000
7422384.717152 7422384.717152 1.000000
7421472.264204 7421472.264204 1.000000
