7268197.656597 7268197.656597 1.000000
7268364.598879 7268364.598879 1.000000
7268576.600522 7268576.600522 1.000000
7268766.826679 7268766.826679 1.000000
7268944.710859 7268944.710859 1.000000
7269118.255619 7269118.255619 1.000000
7269323.783450 7269323.783450 1.000000
7269490.015042 7269490.015042 1.000000
7269666.848344 7269666.848344 1.000000
7269881.368702 7269881.368702 1.000000
7270084.323196 7270084.323196 1.000000
7270258.562380 7270258.562380 1.000000
7270451.508562 7270451.508562 1.000000
7270680.967301 7270680.967301 1.000000
7270857.498488 7270857.498488 1.000000
7271058.427411 7271058.427411 1.000000
7271286.301169 7271286.301169 1.000000
7271444.777062 7271444.777062 1.000000
7271620.310076 7271620.310076 1.000000
7271796.091794 7271796.091794 1.000000
7271986.992022 7271986.992022 1.000000
7272150.503034 7272150.503034 1.000000
7272320.217076 7272320.217076 1.000000
7272484.939068 7272484.939068 1.000000
7272670.091647 7272670.091647 1.000000
7272843.188342 7272843.188342 1.000000
7273031.713234 7273031.713234 1.000000
7273281.968363 7273281.968363 1.000000
7273398.968784 7273398.968784 1.000000
7273561.202503 7273561.202503 1.000000
7273827.515832 7273827.515832 1.000000
7273971.270902 7273971.270902 1.000000
7274148.323345 7274148.323345 1.000000
7274291.210916 7274291.210916 1.000000
7274433.187706 7274433.187706 1.000000
7274658.033123 7274658.033123 1.000000
7274848.332308 7274848.332308 1.000000
7275033.669498 7275033.669498 1.000000
7275200.723511 7275200.723511 1.000000
7275375.090351 7275375.090351 1.000000
7275563.609823 7275563.609823 1.000000
7275679.349425 7275679.349425 1.000000
7275804.875164 7275804.875164 1.000000
7275943.031006 7275943.031006 1.000000
7276273.439216 7276273.439216 1.000000
7276456.901021 7276456.901021 1.000000
7276606.365200 7276606.365200 1.000000
7276759.682731 7276759.682731 1.000000
7277434.266089 7277434.266089 1.000000
7277649.067017 7277649.067017 1.000000
7277809.380714 7277809.380714 1.000000
7278007.981161 7278007.981161 1.000000
7278167.084535 7278167.084535 1.000000
7278353.869166 7278353.869166 1.000000
7278546.054038 7278546.054038 1.000000
7278709.081852 7278709.081852 1.000000
7278839.358183 7278839.358183 1.000000
7279000.442425 7279000.442425 1.000000
7279188.383198 7279188.383198 1.000000
7279378.926554 7279378.926554 1.000000
7279565.942968 7279565.942968 1.000000
7279770.460606 7279770.460606 1.000000
7279941.739858 7279941.739858 1.000000
7280116.065624 7280116.065624 1.000000
7280323.571938 7280323.571938 1.000000
7280491.950764 7280491.950764 1.000000
7280623.559078 7280623.559078 1.000000
7280821.192729 7280821.192729 1.000000
7280988.121380 7280988.121380 1.000000
7281171.957459 7281171.957459 1.000000
7281310.779511 7281310.779511 1.000000
7282075.903176 7282075.903176 1.000000
7282209.560205 7282209.560205 1.000000
7282355.330711 7282355.330711 1.000000
7282541.477509 7282541.477509 1.000000
7282714.307247 7282714.307247 1.000000
7282864.425486 7282864.425486 1.000000
7282995.901233 7282995.901233 1.000000
7283130.946846 7283130.946846 1.000000
7283235.160861 7283235.160861 1.000000
7283402.013757 7283402.013757 1.000000
7283636.277301 7283636.277301 1.000000
7283758.034034 7283758.034034 1.000000
7283924.645251 7283924.645251 1.000000
7284082.109726 7284082.109726 1.000000
7284385.307450 7284385.307450 1.000000
7284687.133948 7284687.133948 1.000000
7283751.297412 7283751.297412 1.000000
7284081.746464 7284081.746464 1.000000
7284223.622764 7284223.622764 1.000000
7284392.528433 7284392.528433 1.000000
7284509.761074 7284509.761074 1.000000
7284649.918694 7284649.918694 1.000000
7284763.437818 7284763.437818 1.000000
7284961.839901 7284961.839901 1.000000
7285072.937598 7285072.937598 1.000000
7285210.435414 7285210.435414 1.000000
7285404.161473 7285404.161473 1.000000
7285585.152108 7285585.152108 1.000000
7285696.216906 7285696.216906 1.000000
7285837.039272 7285837.039272 1.000000
7286563.593692 7286563.593692 1.000000
7286692.741313 7286692.741313 1.000000
7286885.480400 7286885.480400 1.000000
7287001.562016 7287001.562016 1.000000
7287543.440152 7287543.440152 1.000000
7287784.989375 7287784.989375 1.000000
7288663.847479 7288663.847479 1.000000
7288801.230394 7288801.230394 1.000000
7288988.893922 7288988.893922 1.000000
7289953.993418 7289953.993418 1.000000
7290070.636919 7290070.636919 1.000000
7290184.447787 7290184.447787 1.000000
7290286.283191 7290286.283191 1.000000
7290456.980626 7290456.980626 1.000000
7290643.842266 7290643.842266 1.000000
7290980.792403 7290980.792403 1.000000
7291185.725804 7291185.725804 1.000000
7291985.490526 7291985.490526 1.000000
7292435.787100 7292435.787100 1.000000
7293033.928471 7293033.928471 1.000000
7293141.330288 7293141.330288 1.000000
7293310.819284 7293310.819284 1.000000
7293490.295440 7293490.295440 1.000000
7293633.338948 7293633.338948 1.000000
7293791.941546 7293791.941546 1.000000
7293951.125619 7293951.125619 1.000000
7294657.617877 7294657.617877 1.000000
7295423.633262 7295423.633262 1.000000
7296014.730918 7296014.730918 1.000000
7296723.845423 7296723.845423 1.000000
7296837.780428 7296837.780428 1.000000
7296975.654230 7296975.654230 1.000000
7297078.848030 7297078.848030 1.000000
7297962.696277 7297962.696277 1.000000
7298707.489812 7298707.489812 1.000000
7299536.983822 7299536.983822 1.000000
7300184.776414 7300184.776414 1.000000
7300682.519047 7300682.519047 1.000000
7301521.808357 7301521.808357 1.000000
7302480.374102 7302480.374102 1.000000
7302607.959628 7302607.959628 1.000000
7302752.862115 7302752.862115 1.000000
7302877.206888 7302877.206888 1.000000
7303042.420869 7303042.420869 1.000000
7303059.656036 7303059.656036 1.000000
7303272.068624 7303272.068624 1.000000
7303933.265535 7303933.265535 1.000000
7304632.399642 7304632.399642 1.000000
7305418.733158 7305418.733158 1.000000
7306173.831284 7306173.831284 1.000000
7306277.699237 7306277.699237 1.000000
7307148.114306 7307148.114306 1.000000
7307535.565534 7307535.565534 1.000000
7308370.725757 7308370.725757 1.000000
7309248.320361 7309248.320361 1.000000
7309872.885536 7309872.885536 1.000000
7310324.558974 7310324.558974 1.000000
7310486.830727 7310486.830727 1.000000
7310936.978929 7310936.978929 1.000000
7311353.882317 7311353.882317 1.000000
7311538.548722 7311538.548722 1.000000
7311233.416585 7311233.416585 1.000000
7311608.741736 7311608.741736 1.000000
7311461.573233 7311461.573233 1.000000
7311755.208456 7311755.208456 1.000000
7312270.013042 7312270.013042 1.000000
7312368.699827 7312368.699827 1.000000
7312285.498965 7312285.498965 1.000000
7312490.456190 7312490.456190 1.000000
7312235.212745 7312235.212745 1.000000
7312604.081939 7312604.081939 1.000000
7313095.061456 7313095.061456 1.000000
7312921.828316 7312921.828316 1.000000
7312574.276169 7312574.276169 1.000000
7312094.596017 7312094.596017 1.000000
7311906.228599 7311906.228599 1.000000
7311633.054131 7311633.054131 1.000000
7311827.394401 7311827.394401 1.000000
7311704.672020 7311704.672020 1.000000
7311374.013130 7311374.013130 1.000000
7311794.871585 7311794.871585 1.000000
7311833.419504 7311833.419504 1.000000
7311700.912338 7311700.912338 1.000000
7311708.087741 7311708.087741 1.000000
7311748.445209 7311748.445209 1.000000
7311960.776096 7311960.776096 1.000000
7312866.622127 7312866.622127 1.000000
7313161.533111 7313161.533111 1.000000
7313338.411085 7313338.411085 1.000000
7313245.157530 7313245.157530 1.000000
7313247.457702 7313247.457702 1.000000
7313351.668981 7313351.668981 1.000000
7313459.511228 7313459.511228 1.000000
7313489.871159 7313489.871159 1.000000
7313192.645478 7313192.645478 1.000000
7312701.950619 7312701.950619 1.000000
7313269.498088 7313269.498088 1.000000
7313095.826547 7313095.826547 1.000000
7312895.348015 7312895.348015 1.000000
7313269.520332 7313269.520332 1.000000
7313495.461555 7313495.461555 1.000000
7312906.909084 7312906.909084 1.000000
7312510.262099 7312510.262099 1.000000
7312384.155363 7312384.155363 1.000000
7311827.875820 7311827.875820 1.000000
7312219.535868 7312219.535868 1.000000
7312284.761443 7312284.761443 1.000000
7311622.553695 7311622.553695 1.000000
7311027.250501 7311027.250501 1.000000
7310787.468983 7310787.468983 1.000000
7310328.370382 7310328.370382 1.000000
7310456.647544 7310456.647544 1.000000
7310345.782554 7310345.782554 1.000000
7309967.662609 7309967.662609 1.000000
7309704.917628 7309704.917628 1.000000
7310119.226632 7310119.226632 1.000000
7310426.262924 7310426.262924 1.000000
7310448.981576 7310448.981576 1.000000
7310819.811440 7310819.811440 1.000000
7310532.009158 7310532.009158 1.000000
7310749.851879 7310749.851879 1.000000
7311140.695721 7311140.695721 1.000000
7311224.465332 7311224.465332 1.000000
7311295.652577 7311295.652577 1.000000
7311582.377864 7311582.377864 1.000000
7311482.496195 7311482.496195 1.000000
7311510.121920 7311510.121920 1.000000
7311369.595858 7311369.595858 1.000000
7311508.233971 7311508.233971 1.000000
7311517.367962 7311517.367962 1.000000
7311615.152705 7311615.152705 1.000000
7311732.026891 7311732.026891 1.000000
7311727.030663 7311727.030663 1.000000
7311818.371911 7311818.371911 1.000000
7312447.369577 7312447.369577 1.000000
7312928.634627 7312928.634627 1.000000
7312900.743974 7312900.743974 1.000000
7312397.940923 7312397.940923 1.000000
7312146.224713 7312146.224713 1.000000
7312531.194772 7312531.194772 1.000000
7312608.828711 7312608.828711 1.000000
7312848.175244 7312848.175244 1.000000
7313045.412303 7313045.412303 1.000000
7313239.082445 7313239.082445 1.000000
7313158.670121 7313158.670121 1.000000
7312881.052147 7312881.052147 1.000000
7313032.037236 7313032.037236 1.000000
7313143.309371 7313143.309371 1.000000
7313148.447756 7313148.447756 1.000000
7313347.038750 7313347.038750 1.000000
7312968.875106 7312968.875106 1.000000
7312726.036581 7312726.036581 1.000000
7312378.693981 7312378.693981 1.000000
7312193.129686 7312193.129686 1.000000
7311487.463717 7311487.463717 1.000000
7310506.458768 7310506.458768 1.000000
7309734.333928 7309734.333928 1.000000
7309633.431432 7309633.431432 1.000000
7309497.516275 7309497.516275 1.000000
7309217.718446 7309217.718446 1.000000
7309102.258630 7309102.258630 1.000000
7310046.521706 7310046.521706 1.000000
7309428.000416 7309428.000416 1.000000
7309242.477702 7309242.477702 1.000000
7309219.538514 7309219.538514 1.000000
7308880.300355 7308880.300355 1.000000
7309240.171402 7309240.171402 1.000000
7309421.793782 7309421.793782 1.000000
7308758.840926 7308758.840926 1.000000
7308320.955072 7308320.955072 1.000000
7308362.625693 7308362.625693 1.000000
7308800.392863 7308800.392863 1.000000
7309143.811363 7309143.811363 1.000000
7309452.098994 7309452.098994 1.000000
7309990.956285 7309990.956285 1.000000
7309274.579636 7309274.579636 1.000000
7308898.964738 7308898.964738 1.000000
7309263.759882 7309263.759882 1.000000
7309497.957056 7309497.957056 1.000000
7310433.109374 7310433.109374 1.000000
7310445.749975 7310445.749975 1.000000
7309990.856478 7309990.856478 1.000000
7309644.627678 7309644.627678 1.000000
7309169.553984 7309169.553984 1.000000
7309500.770870 7309500.770870 1.000000
7310368.224634 7310368.224634 1.000000
7310157.912453 7310157.912453 1.000000
7309246.563470 7309246.563470 1.000000
7308879.871810 7308879.871810 1.000000
7308627.853870 7308627.853870 1.000000
7308873.079074 7308873.079074 1.000000
7308436.252429 7308436.252429 1.000000
7308964.905090 7308964.905090 1.000000
7309515.005229 7309515.005229 1.000000
7310148.248155 7310148.248155 1.000000
7309560.668600 7309560.668600 1.000000
7309603.105813 7309603.105813 1.000000
7310095.607202 7310095.607202 1.000000
7310606.497386 7310606.497386 1.000000
7311020.020334 7311020.020334 1.000000
7310415.563666 7310415.563666 1.000000
7309511.390369 7309511.390369 1.000000
7309145.236088 7309145.236088 1.000000
7309026.342558 7309026.342558 1.000000
7308633.259946 7308633.259946 1.000000
7307902.784218 7307902.784218 1.000000
7307723.966653 7307723.966653 1.000000
7307956.959864 7307956.959864 1.000000
7307519.437462 7307519.437462 1.000000
7308135.209826 7308135.209826 1.000000
7307882.230619 7307882.230619 1.000000
7307486.045664 7307486.045664 1.000000
7306574.201902 7306574.201902 1.000000
7306729.590922 7306729.590922 1.000000
7307047.299455 7307047.299455 1.000000
7307276.178164 7307276.178164 1.000000
7306933.906897 7306933.906897 1.000000
7306820.197038 7306820.197038 1.000000
7306157.333327 7306157.333327 1.000000
7305771.239623 7305771.239623 1.000000
7305604.154937 7305604.154937 1.000000
7305848.476691 7305848.476691 1.000000
7305590.728099 7305590.728099 1.000000
7305588.809462 7305588.809462 1.000000
7306403.000060 7306403.000060 1.000000
7306726.314251 7306726.314251 1.000000
7306561.778791 7306561.778791 1.000000
7305868.586551 7305868.586551 1.000000
7305762.806548 7305762.806548 1.000000
7306030.426770 7306030.426770 1.000000
7306145.943907 7306145.943907 1.000000
7305591.778918 7305591.778918 1.000000
7305481.678025 7305481.678025 1.000000
7304589.599191 7304589.599191 1.000000
7304629.473905 7304629.473905 1.000000
7304710.026037 7304710.026037 1.000000
7304934.899052 7304934.899052 1.000000
7304150.652186 7304150.652186 1.000000
7304189.374253 7304189.374253 1.000000
7304570.205506 7304570.205506 1.000000
7304461.391693 7304461.391693 1.000000
7304449.131114 7304449.131114 1.000000
7303621.125870 7303621.125870 1.000000
7303512.225114 7303512.225114 1.000000
7303161.868345 7303161.868345 1.000000
7303190.209464 7303190.209464 1.000000
7303045.052405 7303045.052405 1.000000
7302935.575183 7302935.575183 1.000000
7302774.636567 7302774.636567 1.000000
7302053.124550 7302053.124550 1.000000
7301749.350223 7301749.350223 1.000000
7302535.255988 7302535.255988 1.000000
7302408.343859 7302408.343859 1.000000
7302508.469569 7302508.469569 1.000000
7303197.016317 7303197.016317 1.000000
7303731.604494 7303731.604494 1.000000
7304303.415067 7304303.415067 1.000000
7304200.909891 7304200.909891 1.000000
7304089.084252 7304089.084252 1.000000
7304289.143778 7304289.143778 1.000000
7304020.782987 7304020.782987 1.000000
7303332.287642 7303332.287642 1.000000
7303643.533332 7303643.533332 1.000000
7303370.245819 7303370.245819 1.000000
7302904.230092 7302904.230092 1.000000
7303088.836486 7303088.836486 1.000000
7302740.070767 7302740.070767 1.000000
7302839.406331 7302839.406331 1.000000
7301929.049862 7301929.049862 1.000000
7302683.970717 7302683.970717 1.000000
7302347.452355 7302347.452355 1.000000
7302837.345388 7302837.345388 1.000000
7302962.506829 7302962.506829 1.000000
7303297.372021 7303297.372021 1.000000
7302916.130420 7302916.130420 1.000000
7303256.180098 7303256.180098 1.000000
7303376.708814 7303376.708814 1.000000
7302916.208120 7302916.208120 1.000000
7302994.919518 7302994.919518 1.000000
7302869.278326 7302869.278326 1.000000
7302730.500167 7302730.500167 1.000000
7302479.889130 7302479.889130 1.000000
7302473.663221 7302473.663221 1.000000
7302604.491845 7302604.491845 1.000000
7302730.958647 7302730.958647 1.000000
7302807.698855 7302807.698855 1.000000
7303035.765264 7303035.765264 1.000000
7302912.660485 7302912.660485 1.000000
7301954.492341 7301954.492341 1.000000
7302513.165492 7302513.165492 1.000000
7303082.515565 7303082.515565 1.000000
7303413.405326 7303413.405326 1.000000
7302891.056825 7302891.056825 1.000000
7302767.895893 7302767.895893 1.000000
7302665.818985 7302665.818985 1.000000
7302304.587963 7302304.587963 1.000000
7302160.503465 7302160.503465 1.000000
7301896.436685 7301896.436685 1.000000
7301361.283101 7301361.283101 1.000000
7300749.167590 7300749.167590 1.000000
7301570.308815 7301570.308815 1.000000
7300814.465896 7300814.465896 1.000000
7300102.203699 7300102.203699 1.000000
7300172.861781 7300172.861781 1.000000
7300094.948920 7300094.948920 1.000000
7299816.459597 7299816.459597 1.000000
7299652.920943 7299652.920943 1.000000
7298903.515418 7298903.515418 1.000000
7298391.456570 7298391.456570 1.000000
7299003.549320 7299003.549320 1.000000
7298699.038167 7298699.038167 1.000000
7297999.245381 7297999.245381 1.000000
7298569.706057 7298569.706057 1.000000
7298673.878388 7298673.878388 1.000000
7298577.120388 7298577.120388 1.000000
7298473.914219 7298473.914219 1.000000
7297814.328363 7297814.328363 1.000000
7297832.595738 7297832.595738 1.000000
7298034.808746 7298034.808746 1.000000
7298136.459934 7298136.459934 1.000000
7298662.654796 7298662.654796 1.000000
7299111.194736 7299111.194736 1.000000
7299727.456509 7299727.456509 1.000000
7298991.313403 7298991.313403 1.000000
7298316.559563 7298316.559563 1.000000
7298161.705179 7298161.705179 1.000000
7298279.279461 7298279.279461 1.000000
7298446.312919 7298446.312919 1.000000
7298431.836959 7298431.836959 1.000000
7297952.290882 7297952.290882 1.000000
7297657.506425 7297657.506425 1.000000
7297522.154683 7297522.154683 1.000000
7297916.003217 7297916.003217 1.000000
7298127.305081 7298127.305081 1.000000
7298400.495193 7298400.495193 1.000000
7298090.988261 7298090.988261 1.000000
7297964.886578 7297964.886578 1.000000
7298141.392709 7298141.392709 1.000000
7298346.169432 7298346.169432 1.000000
7298169.767679 7298169.767679 1.000000
7297945.512825 7297945.512825 1.000000
7298222.342137 7298222.342137 1.000000
7298089.915445 7298089.915445 1.000000
7297242.591983 7297242.591983 1.000000
7297411.111844 7297411.111844 1.000000
7297575.961168 7297575.961168 1.000000
7297747.281047 7297747.281047 1.000000
7297646.279611 7297646.279611 1.000000
7297482.681027 7297482.681027 1.000000
7296743.398193 7296743.398193 1.000000
7296718.831857 7296718.831857 1.000000
7296229.126198 7296229.126198 1.000000
7296356.757484 7296356.757484 1.000000
7297010.131183 7297010.131183 1.000000
7296520.773426 7296520.773426 1.000000
7296676.945583 7296676.945583 1.000000
7295975.228423 7295975.228423 1.000000
7296086.454874 7296086.454874 1.000000
7296465.753112 7296465.753112 1.000000
7297309.894905 7297309.894905 1.000000
7297758.820174 7297758.820174 1.000000
7297278.973617 7297278.973617 1.000000
7296807.903285 7296807.903285 1.000000
7297344.650307 7297344.650307 1.000000
7297242.507981 7297242.507981 1.000000
7296709.547822 7296709.547822 1.000000
7296511.923864 7296511.923864 1.000000
7295907.145818 7295907.145818 1.000000
7295597.277669 7295597.277669 1.000000
7295415.560808 7295415.560808 1.000000
7295742.976362 7295742.976362 1.000000
7296675.725630 7296675.725630 1.000000
7297315.639140 7297315.639140 1.000000
7296677.322930 7296677.322930 1.000000
7297378.540779 7297378.540779 1.000000
7297267.364757 7297267.364757 1.000000
7297709.234240 7297709.234240 1.000000
7297048.697334 7297048.697334 1.000000
7297363.064799 7297363.064799 1.000000
7296376.547358 7296376.547358 1.000000
7296256.249073 7296256.249073 1.000000
7296504.014953 7296504.014953 1.000000
7296348.005612 7296348.005612 1.000000
7296209.243365 7296209.243365 1.000000
7296030.601038 7296030.601038 1.000000
7295999.325496 7295999.325496 1.000000
7296129.927807 7296129.927807 1.000000
7296594.196717 7296594.196717 1.000000
7296720.046173 7296720.046173 1.000000
7296304.548952 7296304.548952 1.000000
7296294.247899 7296294.247899 1.000000
7296754.736755 7296754.736755 1.000000
7296629.332477 7296629.332477 1.000000
7296519.884628 7296519.884628 1.000000
7296028.549796 7296028.549796 1.000000
7295481.769121 7295481.769121 1.000000
7294911.123860 7294911.123860 1.000000
7295541.973602 7295541.973602 1.000000
7295678.697262 7295678.697262 1.000000
7296522.701884 7296522.701884 1.000000
7296627.462038 7296627.462038 1.000000
7297161.242244 7297161.242244 1.000000
7298146.365580 7298146.365580 1.000000
7298735.229139 7298735.229139 1.000000
7298625.889944 7298625.889944 1.000000
7298471.969210 7298471.969210 1.000000
7297513.536893 7297513.536893 1.000000
7297011.163865 7297011.163865 1.000000
7296703.459134 7296703.459134 1.000000
7296321.325590 7296321.325590 1.000000
7295630.127840 7295630.127840 1.000000
7295763.833023 7295763.833023 1.000000
7295258.854068 7295258.854068 1.000000
7294844.924122 7294844.924122 1.000000
7294869.383246 7294869.383246 1.000000
7294510.835096 7294510.835096 1.000000
7294195.033168 7294195.033168 1.000000
7293461.471353 7293461.471353 1.000000
7293614.578344 7293614.578344 1.000000
7293406.791441 7293406.791441 1.000000
7292928.713559 7292928.713559 1.000000
7293055.389375 7293055.389375 1.000000
7293022.401421 7293022.401421 1.000000
7292089.098006 7292089.098006 1.000000
7291717.814141 7291717.814141 1.000000
7292300.141894 7292300.141894 1.000000
7292400.297138 7292400.297138 1.000000
7292144.931377 7292144.931377 1.000000
7291466.300853 7291466.300853 1.000000
7291579.424374 7291579.424374 1.000000
7291716.394831 7291716.394831 1.000000
7292087.808594 7292087.808594 1.000000
7292175.065656 7292175.065656 1.000000
7292332.273744 7292332.273744 1.000000
7291659.055050 7291659.055050 1.000000
7290914.392519 7290914.392519 1.000000
7291026.802522 7291026.802522 1.000000
7290048.690797 7290048.690797 1.000000
7289898.294318 7289898.294318 1.000000
7290321.505906 7290321.505906 1.000000
7290163.736740 7290163.736740 1.000000
7289986.234401 7289986.234401 1.000000
7289954.637473 7289954.637473 1.000000
7289545.416461 7289545.416461 1.000000
7289342.143913 7289342.143913 1.000000
7290335.426613 7290335.426613 1.000000
7290831.910887 7290831.910887 1.000000
7290639.912056 7290639.912056 1.000000
7291047.631214 7291047.631214 1.000000
7291149.203689 7291149.203689 1.000000
7291391.084347 7291391.084347 1.000000
7291583.750990 7291583.750990 1.000000
7291683.812780 7291683.812780 1.000000
7291973.161650 7291973.161650 1.000000
7291985.757533 7291985.757533 1.000000
7291781.137891 7291781.137891 1.000000
7292651.579859 7292651.579859 1.000000
7292938.712522 7292938.712522 1.000000
7293327.852508 7293327.852508 1.000000
7293020.898756 7293020.898756 1.000000
7292317.971349 7292317.971349 1.000000
7292202.040628 7292202.040628 1.000000
7292246.880911 7292246.880911 1.000000
7292608.726653 7292608.726653 1.000000
7292355.489708 7292355.489708 1.000000
7291592.036235 7291592.036235 1.000000
7291094.806510 7291094.806510 1.000000
7290963.997320 7290963.997320 1.000000
7290484.808266 7290484.808266 1.000000
7290606.858614 7290606.858614 1.000000
7290813.720920 7290813.720920 1.000000
7290804.536040 7290804.536040 1.000000
7290651.746145 7290651.746145 1.000000
7291015.059884 7291015.059884 1.000000
7291089.026443 7291089.026443 1.000000
7290762.422275 7290762.422275 1.000000
7290700.645338 7290700.645338 1.000000
7291379.209868 7291379.209868 1.000000
7291438.177255 7291438.177255 1.000000
7291456.317805 7291456.317805 1.000000
7291776.234578 7291776.234578 1.000000
7291842.718033 7291842.718033 1.000000
7291719.610652 7291719.610652 1.000000
7291140.875598 7291140.875598 1.000000
7291054.925570 7291054.925570 1.000000
7291086.020306 7291086.020306 1.000000
7291201.944291 7291201.944291 1.000000
7291426.481721 7291426.481721 1.000000
7291467.533751 7291467.533751 1.000000
7291531.275781 7291531.275781 1.000000
7291402.865201 7291402.865201 1.000000
7291984.161117 7291984.161117 1.000000
7291796.258497 7291796.258497 1.000000
7291630.656045 7291630.656045 1.000000
7291878.699533 7291878.699533 1.000000
7292440.555308 7292440.555308 1.000000
7292631.330344 7292631.330344 1.000000
7292720.419761 7292720.419761 1.000000
7292979.468038 7292979.468038 1.000000
7293217.361884 7293217.361884 1.000000
7293771.939645 7293771.939645 1.000000
7293649.065282 7293649.065282 1.000000
7293362.943458 7293362.943458 1.000000
7294001.836548 7294001.836548 1.000000
7294119.493122 7294119.493122 1.000000
7294788.699897 7294788.699897 1.000000
7295163.977601 7295163.977601 1.000000
7294934.222985 7294934.222985 1.000000
7294567.414821 7294567.414821 1.000000
7294168.373587 7294168.373587 1.000000
7293712.368353 7293712.368353 1.000000
7293897.853542 7293897.853542 1.000000
7294333.263650 7294333.263650 1.000000
7294652.425503 7294652.425503 1.000000
7295008.882081 7295008.882081 1.000000
7294815.392804 7294815.392804 1.000000
7294058.364963 7294058.364963 1.000000
7293153.411373 7293153.411373 1.000000
7293464.118899 7293464.118899 1.000000
7293662.405424 7293662.405424 1.000000
7292922.723609 7292922.723609 1.000000
7292797.421934 7292797.421934 1.000000
7292664.897012 7292664.897012 1.000000
7291976.146246 7291976.146246 1.000000
7291559.428780 7291559.428780 1.000000
7291656.784976 7291656.784976 1.000000
7291767.193955 7291767.193955 1.000000
7291557.452854 7291557.452854 1.000000
7291480.088323 7291480.088323 1.000000
7291467.132509 7291467.132509 1.000000
7291075.808006 7291075.808006 1.000000
7290963.134385 7290963.134385 1.000000
7291747.963098 7291747.963098 1.000000
7292184.139789 7292184.139789 1.000000
7292622.908704 7292622.908704 1.000000
7293262.699923 7293262.699923 1.000000
7293034.321349 7293034.321349 1.000000
7292510.833795 7292510.833795 1.000000
7292475.069571 7292475.069571 1.000000
7292213.909375 7292213.909375 1.000000
