7359008.861065 7359008.861065 1.000000
7359703.814470 7359703.814470 1.000000
7360454.855730 7360454.855730 1.000000
7361448.208982 7361448.208982 1.000000
7363795.146099 7363795.146099 1.000000
7364721.824775 7364721.824775 1.000000
7365972.806249 7365972.806249 1.000000
7368017.719434 7368017.719434 1.000000
7369341.014586 7369341.014586 1.000000
7370699.645866 7370699.645866 1.000000
7371913.219895 7371913.219895 1.000000
7372186.774748 7372186.774748 1.000000
7373620.733294 7373620.733294 1.000000
7374441.245527 7374441.245527 1.000000
7375179.456049 7375179.456049 1.000000
7375728.598726 7375728.598726 1.000000
7376268.213828 7376268.213828 1.000000
7377106.132526 7377106.132526 1.000000
7377520.677457 7377520.677457 1.000000
7379018.469866 7379018.469866 1.000000
7379198.223286 7379198.223286 1.000000
7380130.439898 7380130.439898 1.000000
7381439.851660 7381439.851660 1.000000
7382115.621314 7382115.621314 1.000000
7382219.013398 7382219.013398 1.000000
7383168.596181 7383168.596181 1.000000
7383244.407738 7383244.407738 1.000000
7384530.329719 7384530.329719 1.000000
7385065.337307 7385065.337307 1.000000
7385256.010508 7385256.010508 1.000000
7385331.828340 7385331.828340 1.000000
7385559.798264 7385559.798264 1.000000
7385704.508265 7385704.508265 1.000000
7386071.044375 7386071.044375 1.000000
7386240.088590 7386240.088590 1.000000
7386708.218909 7386708.218909 1.000000
7387238.454372 7387238.454372 1.000000
7387774.227030 7387774.227030 1.000000
7388562.020046 7388562.020046 1.000000
7388579.299425 7388579.299425 1.000000
7389025.719955 7389025.719955 1.000000
7389440.636614 7389440.636614 1.000000
7390226.526820 7390226.526820 1.000000
7390432.227802 7390432.227802 1.000000
7390831.824507 7390831.824507 1.000000
7391021.197588 7391021.197588 1.000000
7391210.336572 7391210.336572 1.000000
7391290.626075 7391290.626075 1.000000
7392069.186471 7392069.186471 1.000000
7391936.987016 7391936.987016 1.000000
7392235.385844 7392235.385844 1.000000
7392724.375299 7392724.375299 1.000000
7393414.466712 7393414.466712 1.000000
7394030.613739 7394030.613739 1.000000
7394070.948462 7394070.948462 1.000000
7394178.441460 7394178.441460 1.000000
7394461.084420 7394461.084420 1.000000
7394762.668672 7394762.668672 1.000000
7394951.036816 7394951.036816 1.000000
7394986.133106 7394986.133106 1.000000
7395266.621313 7395266.621313 1.000000
7395522.233449 7395522.233449 1.000000
7395799.158778 7395799.158778 1.000000
7396250.143172 7396250.143172 1.000000
7396443.255890 7396443.255890 1.000000
7396463.762854 7396463.762854 1.000000
7396482.524926 7396482.524926 1.000000
7396504.450680 7396504.450680 1.000000
7396515.329285 7396515.329285 1.000000
7397012.051220 7397012.051220 1.000000
7397032.494540 7397032.494540 1.000000
7397049.205529 7397049.205529 1.000000
7397026.847876 7397026.847876 1.000000
7397586.026897 7397586.026897 1.000000
7398398.412179 7398398.412179 1.000000
7398728.169170 7398728.169170 1.000000
7398888.395821 7398888.395821 1.000000
7398957.004526 7398957.004526 1.000000
7399052.559030 7399052.559030 1.000000
7399210.610040 7399210.610040 1.000000
7399365.563212 7399365.563212 1.000000
7399409.988386 7399409.988386 1.000000
7399480.451176 7399480.451176 1.000000
7399670.255814 7399670.255814 1.000000
7399882.087479 7399882.087479 1.000000
7399916.015386 7399916.015386 1.000000
7400094.384631 7400094.384631 1.000000
7400907.794405 7400907.794405 1.000000
7401290.017995 7401290.017995 1.000000
7401571.689468 7401571.689468 1.000000
7401443.464882 7401443.464882 1.000000
7401443.145274 7401443.145274 1.000000
7401502.206581 7401502.206581 1.000000
7401614.291661 7401614.291661 1.000000
7401867.500882 7401867.500882 1.000000
7401924.392431 7401924.392431 1.000000
7401797.161327 7401797.161327 1.000000
7399528.389252 7399528.389252 1.000000
7399046.439129 7399046.439129 1.000000
7399643.453093 7399643.453093 1.000000
7400472.433467 7400472.433467 1.000000
7400816.599671 7400816.599671 1.000000
7401745.251470 7401745.251470 1.000000
7401803.185910 7401803.185910 1.000000
7401408.775867 7401408.775867 1.000000
7401423.908344 7401423.908344 1.000000
7401541.247913 7401541.247913 1.000000
7401816.339605 7401816.339605 1.000000
7401849.959173 7401849.959173 1.000000
7402106.808672 7402106.808672 1.000000
7402074.481463 7402074.481463 1.000000
7402307.167101 7402307.167101 1.000000
7402274.846037 7402274.846037 1.000000
7402251.465800 7402251.465800 1.000000
7402676.341005 7402676.341005 1.000000
7402755.943248 7402755.943248 1.000000
7402109.199403 7402109.199403 1.000000
7402128.225255 7402128.225255 1.000000
7402877.441414 7402877.441414 1.000000
7402909.098564 7402909.098564 1.000000
7403617.070903 7403617.070903 1.000000
7403357.778747 7403357.778747 1.000000
7403205.094574 7403205.094574 1.000000
7402679.447428 7402679.447428 1.000000
7402927.916526 7402927.916526 1.000000
7403479.799204 7403479.799204 1.000000
7403184.950304 7403184.950304 1.000000
7403215.088703 7403215.088703 1.000000
7402964.697926 7402964.697926 1.000000
7401548.984640 7401548.984640 1.000000
7401321.300768 7401321.300768 1.000000
7401268.938224 7401268.938224 1.000000
7401638.473732 7401638.473732 1.000000
7401794.868951 7401794.868951 1.000000
7402222.027179 7402222.027179 1.000000
7401873.508856 7401873.508856 1.000000
7401603.995057 7401603.995057 1.000000
7401467.858982 7401467.858982 1.000000
7402030.151042 7402030.151042 1.000000
7400593.375262 7400593.375262 1.000000
7400560.667533 7400560.667533 1.000000
7400211.026060 7400211.026060 1.000000
7400715.738269 7400715.738269 1.000000
7399946.801541 7399946.801541 1.000000
7402278.835625 7402278.835625 1.000000
7401469.763814 7401469.763814 1.000000
7401873.137506 7401873.137506 1.000000
7402723.484300 7402723.484300 1.000000
7403020.922136 7403020.922136 1.000000
7402744.571997 7402744.571997 1.000000
7402870.504494 7402870.504494 1.000000
7402895.494883 7402895.494883 1.000000
7402765.659538 7402765.659538 1.000000
7402390.293044 7402390.293044 1.000000
7402667.375748 7402667.375748 1.000000
