7348600.126749 7348600.126749 1.000000
7348601.160279 7348601.160279 1.000000
7348602.762540 7348602.762540 1.000000
7348604.103436 7348604.103436 1.000000
7348606.082763 7348606.082763 1.000000
7348604.781706 7348604.781706 1.000000
7348606.688976 7348606.688976 1.000000
7348609.074089 7348609.074089 1.000000
7348644.619175 7348644.619175 1.000000
7348656.025771 7348656.025771 1.000000
7348719.364725 7348719.364725 1.000000
7348569.215746 7348569.215746 1.000000
7348582.446205 7348582.446205 1.000000
7348636.403308 7348636.403308 1.000000
7348673.344886 7348673.344886 1.000000
7348676.000829 7348676.000829 1.000000
7348622.004871 7348622.004871 1.000000
7348634.895113 7348634.895113 1.000000
7348599.852753 7348599.852753 1.000000
7348648.164720 7348648.164720 1.000000
7348648.224154 7348648.224154 1.000000
7348648.103090 7348648.103090 1.000000
7348670.170577 7348670.170577 1.000000
7348704.588476 7348704.588476 1.000000
7348715.128719 7348715.128719 1.000000
7348718.090877 7348718.090877 1.000000
7348732.343870 7348732.343870 1.000000
7348776.468951 7348776.468951 1.000000
7348780.965352 7348780.965352 1.000000
7348785.923313 7348785.923313 1.000000
7348600.006581 7348600.006581 1.000000
7348617.431803 7348617.431803 1.000000
7348606.637111 7348606.637111 1.000000
7348597.346344 7348597.346344 1.000000
7348598.831562 7348598.831562 1.000000
7348599.137301 7348599.137301 1.000000
7348629.213167 7348629.213167 1.000000
7348620.570503 7348620.570503 1.000000
7348646.458726 7348646.458726 1.000000
7348649.718075 7348649.718075 1.000000
7348679.487416 7348679.487416 1.000000
7348679.501944 7348679.501944 1.000000
7348681.593173 7348681.593173 1.000000
7348678.617153 7348678.617153 1.000000
7348667.999288 7348667.999288 1.000000
7348667.995156 7348667.995156 1.000000
7348668.478055 7348668.478055 1.000000
7348672.098279 7348672.098279 1.000000
7348681.709274 7348681.709274 1.000000
7348709.969068 7348709.969068 1.000000
7348707.457821 7348707.457821 1.000000
7336712.812492 7336712.812492 1.000000
7336396.358254 7336396.358254 1.000000
7335184.616211 7335184.616211 1.000000
7318144.407578 7318144.407578 1.000000
7329196.494044 7329196.494044 1.000000
7325676.412693 7325676.412693 1.000000
7324500.071060 7324500.071060 1.000000
7324522.158113 7324522.158113 1.000000
7310705.335330 7310705.335330 1.000000
7324265.472981 7324265.472981 1.000000
7324832.338831 7324832.338831 1.000000
7338534.110942 7338534.110942 1.000000
7331420.431306 7331420.431306 1.000000
7331419.776397 7331419.776397 1.000000
7335859.559595 7335859.559595 1.000000
7310456.901196 7310456.901196 1.000000
7315027.753314 7315027.753314 1.000000
7307542.719039 7307542.719039 1.000000
7307769.849388 7307769.849388 1.000000
7309076.430089 7309076.430089 1.000000
7313053.436123 7313053.436123 1.000000
7299606.188814 7299606.188814 1.000000
7283815.505469 7283815.505469 1.000000
7348599.552464 7348599.552464 1.000000
7348597.052162 7348597.052162 1.000000
7348596.836325 7348596.836325 1.000000
7348597.745384 7348597.745384 1.000000
7348571.925396 7348571.925396 1.000000
7348580.664542 7348580.664542 1.000000
7348575.695926 7348575.695926 1.000000
7348577.905693 7348577.905693 1.000000
7348579.852240 7348579.852240 1.000000
7348587.971933 7348587.971933 1.000000
7348587.485524 7348587.485524 1.000000
7348543.820394 7348543.820394 1.000000
7348611.006268 7348611.006268 1.000000
7348611.350465 7348611.350465 1.000000
7348609.086076 7348609.086076 1.000000
7348618.368368 7348618.368368 1.000000
7348587.514822 7348587.514822 1.000000
7348592.653973 7348592.653973 1.000000
7348609.232198 7348609.232198 1.000000
7348604.308333 7348604.308333 1.000000
7348602.250276 7348602.250276 1.000000
7348594.615899 7348594.615899 1.000000
7348594.756950 7348594.756950 1.000000
7329776.476797 7329776.476797 1.000000
7083253.743937 7083253.743937 1.000000
