7260122.395863 7260122.395863 1.000000
7260400.216537 7260400.216537 1.000000
7261277.521188 7261277.521188 1.000000
7261169.838786 7261169.838786 1.000000
7261383.473979 7261383.473979 1.000000
7261603.101942 7261603.101942 1.000000
7261665.482542 7261665.482542 1.000000
7260727.255511 7260727.255511 1.000000
7261113.207573 7261113.207573 1.000000
7261329.228213 7261329.228213 1.000000
7260900.983798 7260900.983798 1.000000
7261097.243749 7261097.243749 1.000000
7261866.617195 7261866.617195 1.000000
7261986.444092 7261986.444092 1.000000
7262583.216871 7262583.216871 1.000000
7262617.366138 7262617.366138 1.000000
7262822.070436 7262822.070436 1.000000
7262944.088008 7262944.088008 1.000000
7262726.424260 7262726.424260 1.000000
7262316.927586 7262316.927586 1.000000
7262683.787261 7262683.787261 1.000000
7262573.504528 7262573.504528 1.000000
7262457.027012 7262457.027012 1.000000
7263047.429368 7263047.429368 1.000000
7262223.682881 7262223.682881 1.000000
7262047.964126 7262047.964126 1.000000
7262168.641736 7262168.641736 1.000000
7262318.352077 7262318.352077 1.000000
7262014.978176 7262014.978176 1.000000
7262148.901482 7262148.901482 1.000000
7262252.930306 7262252.930306 1.000000
7262356.936447 7262356.936447 1.000000
7262491.844912 7262491.844912 1.000000
7261672.559261 7261672.559261 1.000000
7261827.024501 7261827.024501 1.000000
7261697.843997 7261697.843997 1.000000
7261050.147941 7261050.147941 1.000000
7260148.160023 7260148.160023 1.000000
7260018.594546 7260018.594546 1.000000
7259766.708624 7259766.708624 1.000000
7260097.090526 7260097.090526 1.000000
7259458.184547 7259458.184547 1.000000
7259250.269320 7259250.269320 1.000000
7259084.340400 7259084.340400 1.000000
7259203.528861 7259203.528861 1.000000
7259247.739811 7259247.739811 1.000000
7259434.368724 7259434.368724 1.000000
7259744.346673 7259744.346673 1.000000
7260116.320694 7260116.320694 1.000000
7260296.470332 7260296.470332 1.000000
7259816.335279 7259816.335279 1.000000
7260020.375007 7260020.375007 1.000000
7260401.645971 7260401.645971 1.000000
7260691.904004 7260691.904004 1.000000
7260815.787997 7260815.787997 1.000000
7261646.904632 7261646.904632 1.000000
7262532.602193 7262532.602193 1.000000
7262737.821704 7262737.821704 1.000000
7262525.231007 7262525.231007 1.000000
7263091.119703 7263091.119703 1.000000
7263702.605318 7263702.605318 1.000000
7263354.401031 7263354.401031 1.000000
7263679.332247 7263679.332247 1.000000
7263777.657641 7263777.657641 1.000000
7263808.419650 7263808.419650 1.000000
7264119.978012 7264119.978012 1.000000
7264235.411417 7264235.411417 1.000000
7264676.137946 7264676.137946 1.000000
7264197.317942 7264197.317942 1.000000
7264686.555828 7264686.555828 1.000000
7264804.725079 7264804.725079 1.000000
7264219.989039 7264219.989039 1.000000
7265219.087784 7265219.087784 1.000000
7265118.851993 7265118.851993 1.000000
7264991.521784 7264991.521784 1.000000
7265111.209555 7265111.209555 1.000000
7264941.288191 7264941.288191 1.000000
7265053.615312 7265053.615312 1.000000
7265455.132969 7265455.132969 1.000000
7265216.302952 7265216.302952 1.000000
7265356.408503 7265356.408503 1.000000
7265494.464584 7265494.464584 1.000000
7265277.414572 7265277.414572 1.000000
7264843.661539 7264843.661539 1.000000
7265740.725408 7265740.725408 1.000000
7265521.830983 7265521.830983 1.000000
7265211.190221 7265211.190221 1.000000
7265165.048513 7265165.048513 1.000000
7264574.007070 7264574.007070 1.000000
7264391.359376 7264391.359376 1.000000
7263807.915840 7263807.915840 1.000000
7264236.682455 7264236.682455 1.000000
7263905.128912 7263905.128912 1.000000
7263681.265418 7263681.265418 1.000000
7263688.693975 7263688.693975 1.000000
7263806.224798 7263806.224798 1.000000
7263423.325239 7263423.325239 1.000000
7263531.471941 7263531.471941 1.000000
7263292.230650 7263292.230650 1.000000
7263714.128163 7263714.128163 1.000000
7262796.820702 7262796.820702 1.000000
7263355.904554 7263355.904554 1.000000
7263142.878702 7263142.878702 1.000000
7262247.749298 7262247.749298 1.000000
7262229.831456 7262229.831456 1.000000
7262813.622353 7262813.622353 1.000000
7262013.860416 7262013.860416 1.000000
7262576.384586 7262576.384586 1.000000
7263301.993784 7263301.993784 1.000000
7263313.741562 7263313.741562 1.000000
7263123.408200 7263123.408200 1.000000
7264088.062159 7264088.062159 1.000000
7264252.547853 7264252.547853 1.000000
7264447.564741 7264447.564741 1.000000
7264557.214626 7264557.214626 1.000000
7264781.578325 7264781.578325 1.000000
7264452.034014 7264452.034014 1.000000
7264092.856091 7264092.856091 1.000000
7264977.841343 7264977.841343 1.000000
7265097.281385 7265097.281385 1.000000
7265078.836900 7265078.836900 1.000000
7265917.828201 7265917.828201 1.000000
7265451.019207 7265451.019207 1.000000
7264824.559868 7264824.559868 1.000000
7264908.073309 7264908.073309 1.000000
7265052.587605 7265052.587605 1.000000
7265703.975233 7265703.975233 1.000000
7265475.102018 7265475.102018 1.000000
7265617.645771 7265617.645771 1.000000
7265935.860837 7265935.860837 1.000000
7265413.781884 7265413.781884 1.000000
7266101.530046 7266101.530046 1.000000
7266398.873670 7266398.873670 1.000000
7266612.431350 7266612.431350 1.000000
7267247.066323 7267247.066323 1.000000
7267709.469632 7267709.469632 1.000000
7267948.185126 7267948.185126 1.000000
7267756.218677 7267756.218677 1.000000
7267087.769785 7267087.769785 1.000000
7267278.191005 7267278.191005 1.000000
7267106.365368 7267106.365368 1.000000
7267524.155201 7267524.155201 1.000000
7267400.886161 7267400.886161 1.000000
7267251.310176 7267251.310176 1.000000
7266787.041431 7266787.041431 1.000000
7266149.933298 7266149.933298 1.000000
7266269.791840 7266269.791840 1.000000
7266373.016224 7266373.016224 1.000000
7265646.172446 7265646.172446 1.000000
7265359.447240 7265359.447240 1.000000
7265209.286441 7265209.286441 1.000000
7265092.895907 7265092.895907 1.000000
7265352.245418 7265352.245418 1.000000
7265667.298054 7265667.298054 1.000000
7266361.532185 7266361.532185 1.000000
7266369.549793 7266369.549793 1.000000
7266241.101224 7266241.101224 1.000000
7265873.068401 7265873.068401 1.000000
7265260.009746 7265260.009746 1.000000
7264310.080675 7264310.080675 1.000000
7264863.790703 7264863.790703 1.000000
7265281.859252 7265281.859252 1.000000
7265370.568166 7265370.568166 1.000000
7266349.913200 7266349.913200 1.000000
7266212.642495 7266212.642495 1.000000
7266714.050771 7266714.050771 1.000000
7267663.451071 7267663.451071 1.000000
7267699.527881 7267699.527881 1.000000
7267273.223997 7267273.223997 1.000000
7268232.482976 7268232.482976 1.000000
7267593.000551 7267593.000551 1.000000
7267521.188765 7267521.188765 1.000000
7267362.630513 7267362.630513 1.000000
7267147.246084 7267147.246084 1.000000
7266898.612645 7266898.612645 1.000000
7266699.013847 7266699.013847 1.000000
7266944.679835 7266944.679835 1.000000
7267207.845893 7267207.845893 1.000000
7267788.609220 7267788.609220 1.000000
7267665.180633 7267665.180633 1.000000
7267548.954855 7267548.954855 1.000000
7267203.341009 7267203.341009 1.000000
7267069.874496 7267069.874496 1.000000
7266454.318868 7266454.318868 1.000000
7266349.827791 7266349.827791 1.000000
7266147.376787 7266147.376787 1.000000
7265923.071102 7265923.071102 1.000000
7265581.235317 7265581.235317 1.000000
7265969.820304 7265969.820304 1.000000
7265094.196829 7265094.196829 1.000000
7264591.793256 7264591.793256 1.000000
7263885.221063 7263885.221063 1.000000
7263533.539474 7263533.539474 1.000000
7264159.027365 7264159.027365 1.000000
7264644.531670 7264644.531670 1.000000
7264960.535154 7264960.535154 1.000000
7264470.132291 7264470.132291 1.000000
7264736.164646 7264736.164646 1.000000
7264840.179901 7264840.179901 1.000000
7264230.434261 7264230.434261 1.000000
7263632.464414 7263632.464414 1.000000
7262669.531314 7262669.531314 1.000000
7261763.025765 7261763.025765 1.000000
7261093.311779 7261093.311779 1.000000
7260135.714895 7260135.714895 1.000000
7259938.020607 7259938.020607 1.000000
7259720.363409 7259720.363409 1.000000
7259529.101638 7259529.101638 1.000000
7259711.027198 7259711.027198 1.000000
7259890.929212 7259890.929212 1.000000
7259539.715970 7259539.715970 1.000000
7259311.319611 7259311.319611 1.000000
7259176.843939 7259176.843939 1.000000
7258627.278277 7258627.278277 1.000000
7258455.278627 7258455.278627 1.000000
7257936.571532 7257936.571532 1.000000
7257824.805031 7257824.805031 1.000000
7257667.067303 7257667.067303 1.000000
7258060.661276 7258060.661276 1.000000
7257645.127327 7257645.127327 1.000000
7256689.699941 7256689.699941 1.000000
7256577.831902 7256577.831902 1.000000
7256718.206592 7256718.206592 1.000000
7256541.428556 7256541.428556 1.000000
7256324.660133 7256324.660133 1.000000
7256194.656160 7256194.656160 1.000000
7255316.097865 7255316.097865 1.000000
7255311.574785 7255311.574785 1.000000
7255155.946464 7255155.946464 1.000000
7255347.665658 7255347.665658 1.000000
7255234.261265 7255234.261265 1.000000
7254425.989937 7254425.989937 1.000000
7254271.784205 7254271.784205 1.000000
7254017.893480 7254017.893480 1.000000
7253782.875116 7253782.875116 1.000000
7252888.044413 7252888.044413 1.000000
7252755.579806 7252755.579806 1.000000
7252489.351726 7252489.351726 1.000000
7252624.394584 7252624.394584 1.000000
7252792.985964 7252792.985964 1.000000
7253202.734222 7253202.734222 1.000000
7253023.704870 7253023.704870 1.000000
7252860.894944 7252860.894944 1.000000
7252714.445207 7252714.445207 1.000000
7252201.709666 7252201.709666 1.000000
7252047.079673 7252047.079673 1.000000
7251889.942505 7251889.942505 1.000000
7251101.485035 7251101.485035 1.000000
7250925.581774 7250925.581774 1.000000
7250824.054237 7250824.054237 1.000000
7250687.858869 7250687.858869 1.000000
7249943.752878 7249943.752878 1.000000
7250744.839811 7250744.839811 1.000000
7250870.712691 7250870.712691 1.000000
7250337.077179 7250337.077179 1.000000
7250040.118608 7250040.118608 1.000000
7249737.916034 7249737.916034 1.000000
7249366.994801 7249366.994801 1.000000
7249528.679611 7249528.679611 1.000000
7249425.896351 7249425.896351 1.000000
7249201.160136 7249201.160136 1.000000
7250013.636294 7250013.636294 1.000000
7250153.165711 7250153.165711 1.000000
7249797.535958 7249797.535958 1.000000
7249929.259085 7249929.259085 1.000000
7250089.220597 7250089.220597 1.000000
7249836.846740 7249836.846740 1.000000
7249451.849619 7249451.849619 1.000000
7249718.917118 7249718.917118 1.000000
7250406.601543 7250406.601543 1.000000
7250810.915468 7250810.915468 1.000000
7250471.602576 7250471.602576 1.000000
7250956.095527 7250956.095527 1.000000
7251345.599958 7251345.599958 1.000000
7251535.450673 7251535.450673 1.000000
7250788.445082 7250788.445082 1.000000
7250446.483230 7250446.483230 1.000000
7251099.442993 7251099.442993 1.000000
7251659.716078 7251659.716078 1.000000
7252280.170034 7252280.170034 1.000000
7251886.897604 7251886.897604 1.000000
7252672.427873 7252672.427873 1.000000
7252425.968382 7252425.968382 1.000000
7252259.006728 7252259.006728 1.000000
7251471.303959 7251471.303959 1.000000
7250882.996043 7250882.996043 1.000000
7250766.339122 7250766.339122 1.000000
7250910.087536 7250910.087536 1.000000
7251028.904347 7251028.904347 1.000000
7251893.299812 7251893.299812 1.000000
7252641.068347 7252641.068347 1.000000
7253269.908662 7253269.908662 1.000000
7252826.594283 7252826.594283 1.000000
7252435.576749 7252435.576749 1.000000
7251869.709354 7251869.709354 1.000000
7251571.004427 7251571.004427 1.000000
7250838.051132 7250838.051132 1.000000
7250408.306511 7250408.306511 1.000000
7249523.107187 7249523.107187 1.000000
7249436.252545 7249436.252545 1.000000
7249539.343854 7249539.343854 1.000000
7249410.887485 7249410.887485 1.000000
7249271.584757 7249271.584757 1.000000
7249123.970726 7249123.970726 1.000000
7248641.316644 7248641.316644 1.000000
7247689.748092 7247689.748092 1.000000
7247497.244525 7247497.244525 1.000000
7248115.343757 7248115.343757 1.000000
7248305.395067 7248305.395067 1.000000
7248387.728060 7248387.728060 1.000000
7248052.686970 7248052.686970 1.000000
7247086.009747 7247086.009747 1.000000
7246316.065386 7246316.065386 1.000000
7245650.255680 7245650.255680 1.000000
7245508.383792 7245508.383792 1.000000
7244991.981464 7244991.981464 1.000000
7244827.719372 7244827.719372 1.000000
7245414.698477 7245414.698477 1.000000
7244545.234100 7244545.234100 1.000000
7244441.094614 7244441.094614 1.000000
7245110.631604 7245110.631604 1.000000
7245573.407640 7245573.407640 1.000000
7245732.953905 7245732.953905 1.000000
7245390.903889 7245390.903889 1.000000
7244967.803708 7244967.803708 1.000000
7245273.406263 7245273.406263 1.000000
7245403.058608 7245403.058608 1.000000
7245265.413328 7245265.413328 1.000000
7245687.865717 7245687.865717 1.000000
7244912.939451 7244912.939451 1.000000
7243996.782085 7243996.782085 1.000000
7243279.657877 7243279.657877 1.000000
7243393.302169 7243393.302169 1.000000
7243681.710071 7243681.710071 1.000000
7243839.910755 7243839.910755 1.000000
7243503.786505 7243503.786505 1.000000
7243825.382702 7243825.382702 1.000000
7243674.226265 7243674.226265 1.000000
7243916.013147 7243916.013147 1.000000
7243362.643345 7243362.643345 1.000000
7243814.427504 7243814.427504 1.000000
7243915.652463 7243915.652463 1.000000
7243594.935608 7243594.935608 1.000000
7243319.083811 7243319.083811 1.000000
7243448.184916 7243448.184916 1.000000
7243970.811212 7243970.811212 1.000000
7243633.841278 7243633.841278 1.000000
7243818.537940 7243818.537940 1.000000
7243613.601284 7243613.601284 1.000000
7243294.108244 7243294.108244 1.000000
7242727.253196 7242727.253196 1.000000
7243304.635362 7243304.635362 1.000000
7243638.295937 7243638.295937 1.000000
7243743.276600 7243743.276600 1.000000
7243725.032772 7243725.032772 1.000000
7243516.834457 7243516.834457 1.000000
7244359.894230 7244359.894230 1.000000
7244250.446509 7244250.446509 1.000000
7243930.440170 7243930.440170 1.000000
7243351.757724 7243351.757724 1.000000
7243195.756489 7243195.756489 1.000000
7243618.896723 7243618.896723 1.000000
7244225.671366 7244225.671366 1.000000
7245076.879522 7245076.879522 1.000000
7245070.170879 7245070.170879 1.000000
7245148.328691 7245148.328691 1.000000
7245593.280439 7245593.280439 1.000000
7244649.900912 7244649.900912 1.000000
7244474.980022 7244474.980022 1.000000
7245248.500874 7245248.500874 1.000000
7244828.913809 7244828.913809 1.000000
7244931.454649 7244931.454649 1.000000
7245053.706415 7245053.706415 1.000000
7245623.199461 7245623.199461 1.000000
7245000.634258 7245000.634258 1.000000
7244641.828974 7244641.828974 1.000000
7244971.098751 7244971.098751 1.000000
7244967.317534 7244967.317534 1.000000
7244656.157726 7244656.157726 1.000000
7244581.328009 7244581.328009 1.000000
7244300.117249 7244300.117249 1.000000
7243812.121771 7243812.121771 1.000000
7243976.252117 7243976.252117 1.000000
7244085.638695 7244085.638695 1.000000
7243189.683253 7243189.683253 1.000000
7242892.330103 7242892.330103 1.000000
7242779.060155 7242779.060155 1.000000
7243036.215939 7243036.215939 1.000000
7243353.285416 7243353.285416 1.000000
7243231.393293 7243231.393293 1.000000
7243193.417638 7243193.417638 1.000000
7243017.829469 7243017.829469 1.000000
7242858.821789 7242858.821789 1.000000
7242945.996683 7242945.996683 1.000000
7242818.768458 7242818.768458 1.000000
7242568.861469 7242568.861469 1.000000
7241912.831614 7241912.831614 1.000000
7241796.119015 7241796.119015 1.000000
7242081.935705 7242081.935705 1.000000
7241759.782572 7241759.782572 1.000000
7241419.586120 7241419.586120 1.000000
7241270.168974 7241270.168974 1.000000
7241374.094570 7241374.094570 1.000000
7241134.778288 7241134.778288 1.000000
7241164.199024 7241164.199024 1.000000
7241400.343245 7241400.343245 1.000000
7240860.158135 7240860.158135 1.000000
7240791.230845 7240791.230845 1.000000
7240399.936911 7240399.936911 1.000000
7240297.656679 7240297.656679 1.000000
7240016.455135 7240016.455135 1.000000
7240465.307017 7240465.307017 1.000000
7240064.774236 7240064.774236 1.000000
7239698.202319 7239698.202319 1.000000
7239645.961884 7239645.961884 1.000000
7240110.541796 7240110.541796 1.000000
7239976.048844 7239976.048844 1.000000
7239468.292308 7239468.292308 1.000000
7239708.127180 7239708.127180 1.000000
7239341.786064 7239341.786064 1.000000
7238771.941187 7238771.941187 1.000000
7238951.439400 7238951.439400 1.000000
7239060.746661 7239060.746661 1.000000
7239094.458998 7239094.458998 1.000000
7238819.266412 7238819.266412 1.000000
7239184.637677 7239184.637677 1.000000
7238889.751521 7238889.751521 1.000000
7238316.815458 7238316.815458 1.000000
7238500.962241 7238500.962241 1.000000
7238785.325522 7238785.325522 1.000000
7239259.437994 7239259.437994 1.000000
7238290.648266 7238290.648266 1.000000
7238165.351579 7238165.351579 1.000000
7238493.112125 7238493.112125 1.000000
7239228.508350 7239228.508350 1.000000
7239125.399815 7239125.399815 1.000000
7239542.761288 7239542.761288 1.000000
