7300146.630070 7300146.630070 1.000000
7300306.073281 7300306.073281 1.000000
7300496.057242 7300496.057242 1.000000
7300687.609532 7300687.609532 1.000000
7300864.998665 7300864.998665 1.000000
7301065.482925 7301065.482925 1.000000
7301280.970214 7301280.970214 1.000000
7301416.887361 7301416.887361 1.000000
7301561.575023 7301561.575023 1.000000
7301708.868715 7301708.868715 1.000000
7301885.823580 7301885.823580 1.000000
7302093.040594 7302093.040594 1.000000
7302263.083065 7302263.083065 1.000000
7302380.494644 7302380.494644 1.000000
7302947.382461 7302947.382461 1.000000
7303103.968319 7303103.968319 1.000000
7303220.668867 7303220.668867 1.000000
7304117.384036 7304117.384036 1.000000
7304280.409520 7304280.409520 1.000000
7304473.466104 7304473.466104 1.000000
7304629.250223 7304629.250223 1.000000
7304883.119674 7304883.119674 1.000000
7305037.563730 7305037.563730 1.000000
7305188.440962 7305188.440962 1.000000
7305502.736032 7305502.736032 1.000000
7306134.895680 7306134.895680 1.000000
7306998.246013 7306998.246013 1.000000
7307132.259330 7307132.259330 1.000000
7307264.758374 7307264.758374 1.000000
7307411.470851 7307411.470851 1.000000
7307594.978472 7307594.978472 1.000000
7307907.118756 7307907.118756 1.000000
7307803.184642 7307803.184642 1.000000
7308564.040486 7308564.040486 1.000000
7308686.632712 7308686.632712 1.000000
7309211.598030 7309211.598030 1.000000
7309370.908884 7309370.908884 1.000000
7310040.855615 7310040.855615 1.000000
7310207.197993 7310207.197993 1.000000
7310640.613715 7310640.613715 1.000000
7311613.912688 7311613.912688 1.000000
7311795.901703 7311795.901703 1.000000
7311935.762770 7311935.762770 1.000000
7312062.826997 7312062.826997 1.000000
7312654.514232 7312654.514232 1.000000
7312802.982073 7312802.982073 1.000000
7312977.928658 7312977.928658 1.000000
7313524.870976 7313524.870976 1.000000
7314052.976837 7314052.976837 1.000000
7315023.828973 7315023.828973 1.000000
7315913.401892 7315913.401892 1.000000
7316754.070310 7316754.070310 1.000000
7316887.593280 7316887.593280 1.000000
7317004.016633 7317004.016633 1.000000
7317112.758809 7317112.758809 1.000000
7317244.188813 7317244.188813 1.000000
7317378.209443 7317378.209443 1.000000
7317481.082176 7317481.082176 1.000000
7318200.950940 7318200.950940 1.000000
7318340.644850 7318340.644850 1.000000
7319250.624812 7319250.624812 1.000000
7320174.483074 7320174.483074 1.000000
7321112.333296 7321112.333296 1.000000
7321215.508355 7321215.508355 1.000000
7321858.291125 7321858.291125 1.000000
7322359.921700 7322359.921700 1.000000
7322380.610194 7322380.610194 1.000000
7323097.764305 7323097.764305 1.000000
7323979.665713 7323979.665713 1.000000
7324566.611439 7324566.611439 1.000000
7324685.805187 7324685.805187 1.000000
7325495.101492 7325495.101492 1.000000
7326239.346686 7326239.346686 1.000000
7326743.047674 7326743.047674 1.000000
7326641.376462 7326641.376462 1.000000
7326756.251737 7326756.251737 1.000000
7327542.734084 7327542.734084 1.000000
7327468.323120 7327468.323120 1.000000
7327616.530849 7327616.530849 1.000000
7328305.059795 7328305.059795 1.000000
7328764.897451 7328764.897451 1.000000
7329120.927181 7329120.927181 1.000000
7329765.508612 7329765.508612 1.000000
7329572.130327 7329572.130327 1.000000
7330531.254299 7330531.254299 1.000000
7329902.939244 7329902.939244 1.000000
7330034.647639 7330034.647639 1.000000
7330980.597380 7330980.597380 1.000000
7330986.401675 7330986.401675 1.000000
7331940.685010 7331940.685010 1.000000
7332753.208137 7332753.208137 1.000000
7333242.923831 7333242.923831 1.000000
7332820.169205 7332820.169205 1.000000
7333526.215495 7333526.215495 1.000000
7333956.681206 7333956.681206 1.000000
7333830.513159 7333830.513159 1.000000
7333781.095868 7333781.095868 1.000000
7334107.581520 7334107.581520 1.000000
7333730.033507 7333730.033507 1.000000
7334052.813190 7334052.813190 1.000000
7333461.693801 7333461.693801 1.000000
7333440.468047 7333440.468047 1.000000
7333271.917865 7333271.917865 1.000000
7333564.639569 7333564.639569 1.000000
7333280.082968 7333280.082968 1.000000
7332720.986877 7332720.986877 1.000000
7332700.888693 7332700.888693 1.000000
7332951.820162 7332951.820162 1.000000
7333227.968801 7333227.968801 1.000000
7333574.880247 7333574.880247 1.000000
7333702.176115 7333702.176115 1.000000
7333326.393440 7333326.393440 1.000000
7333410.945180 7333410.945180 1.000000
7333298.322079 7333298.322079 1.000000
7333160.170644 7333160.170644 1.000000
7332964.580066 7332964.580066 1.000000
7333311.120554 7333311.120554 1.000000
7333420.180903 7333420.180903 1.000000
7333217.621894 7333217.621894 1.000000
7333593.891965 7333593.891965 1.000000
7332635.732637 7332635.732637 1.000000
7333130.386522 7333130.386522 1.000000
7332931.595988 7332931.595988 1.000000
7333622.651542 7333622.651542 1.000000
7333533.746947 7333533.746947 1.000000
7333076.622293 7333076.622293 1.000000
7333088.361185 7333088.361185 1.000000
7332720.782493 7332720.782493 1.000000
7332600.738919 7332600.738919 1.000000
7332491.561668 7332491.561668 1.000000
7332701.451941 7332701.451941 1.000000
7332588.308729 7332588.308729 1.000000
7332688.923918 7332688.923918 1.000000
7332909.833193 7332909.833193 1.000000
7332775.506087 7332775.506087 1.000000
7332847.210437 7332847.210437 1.000000
7333130.514247 7333130.514247 1.000000
7333645.959141 7333645.959141 1.000000
7333180.157268 7333180.157268 1.000000
7334039.717604 7334039.717604 1.000000
7333816.084273 7333816.084273 1.000000
7334761.933808 7334761.933808 1.000000
7334431.887621 7334431.887621 1.000000
7334998.297751 7334998.297751 1.000000
7334885.167629 7334885.167629 1.000000
7334601.500504 7334601.500504 1.000000
7334705.530401 7334705.530401 1.000000
7335175.253662 7335175.253662 1.000000
7334977.840286 7334977.840286 1.000000
7334825.557304 7334825.557304 1.000000
7334694.413742 7334694.413742 1.000000
7334490.458723 7334490.458723 1.000000
7334327.823690 7334327.823690 1.000000
7333655.522518 7333655.522518 1.000000
7333505.553906 7333505.553906 1.000000
7333772.438198 7333772.438198 1.000000
7334264.645902 7334264.645902 1.000000
7334551.685334 7334551.685334 1.000000
7334750.852329 7334750.852329 1.000000
7333880.484529 7333880.484529 1.000000
7333354.261523 7333354.261523 1.000000
7333924.083222 7333924.083222 1.000000
7334178.518223 7334178.518223 1.000000
7333819.251223 7333819.251223 1.000000
7333564.364584 7333564.364584 1.000000
7333449.889395 7333449.889395 1.000000
7333073.717539 7333073.717539 1.000000
7333321.507599 7333321.507599 1.000000
7333690.047337 7333690.047337 1.000000
7334126.346854 7334126.346854 1.000000
7334516.849940 7334516.849940 1.000000
7333946.283751 7333946.283751 1.000000
7333501.743428 7333501.743428 1.000000
7333611.646143 7333611.646143 1.000000
7334030.728201 7334030.728201 1.000000
7333575.326746 7333575.326746 1.000000
7333795.120058 7333795.120058 1.000000
7334188.228192 7334188.228192 1.000000
7333719.164596 7333719.164596 1.000000
7333251.391203 7333251.391203 1.000000
7333447.643406 7333447.643406 1.000000
7333569.119286 7333569.119286 1.000000
7332757.518489 7332757.518489 1.000000
7332952.962361 7332952.962361 1.000000
7332607.410528 7332607.410528 1.000000
7332346.874707 7332346.874707 1.000000
7332207.362056 7332207.362056 1.000000
7331990.114978 7331990.114978 1.000000
7331981.909573 7331981.909573 1.000000
7332100.424200 7332100.424200 1.000000
7333088.719200 7333088.719200 1.000000
7333302.062088 7333302.062088 1.000000
7333979.732395 7333979.732395 1.000000
7334158.930369 7334158.930369 1.000000
7334368.259428 7334368.259428 1.000000
7334334.297587 7334334.297587 1.000000
7334532.108864 7334532.108864 1.000000
7334541.996597 7334541.996597 1.000000
7334700.170951 7334700.170951 1.000000
7333761.353810 7333761.353810 1.000000
7333984.772950 7333984.772950 1.000000
7333808.015730 7333808.015730 1.000000
7334382.970706 7334382.970706 1.000000
7333596.115106 7333596.115106 1.000000
7333212.900678 7333212.900678 1.000000
7333043.715882 7333043.715882 1.000000
7332926.949997 7332926.949997 1.000000
7333281.464426 7333281.464426 1.000000
7333537.948587 7333537.948587 1.000000
7333272.230382 7333272.230382 1.000000
7333478.686440 7333478.686440 1.000000
7334170.325982 7334170.325982 1.000000
7334587.831811 7334587.831811 1.000000
7334073.086626 7334073.086626 1.000000
7334806.947080 7334806.947080 1.000000
7334298.994639 7334298.994639 1.000000
7334170.840532 7334170.840532 1.000000
7334021.076232 7334021.076232 1.000000
7333695.374855 7333695.374855 1.000000
7334120.538855 7334120.538855 1.000000
7334122.678125 7334122.678125 1.000000
7333974.855517 7333974.855517 1.000000
7333910.338432 7333910.338432 1.000000
7334130.462852 7334130.462852 1.000000
7334344.427670 7334344.427670 1.000000
7333520.897065 7333520.897065 1.000000
7333231.541083 7333231.541083 1.000000
7333708.908774 7333708.908774 1.000000
7334322.511978 7334322.511978 1.000000
7333996.536173 7333996.536173 1.000000
7334482.643100 7334482.643100 1.000000
7334648.700742 7334648.700742 1.000000
7334741.302897 7334741.302897 1.000000
7333971.340513 7333971.340513 1.000000
7334148.579763 7334148.579763 1.000000
7333858.752172 7333858.752172 1.000000
7333024.860909 7333024.860909 1.000000
7332876.253288 7332876.253288 1.000000
7332635.861516 7332635.861516 1.000000
7332850.177163 7332850.177163 1.000000
7332499.660886 7332499.660886 1.000000
7332644.246105 7332644.246105 1.000000
7332501.330984 7332501.330984 1.000000
7332756.834768 7332756.834768 1.000000
7333083.121797 7333083.121797 1.000000
7332985.365014 7332985.365014 1.000000
7332993.509009 7332993.509009 1.000000
7332839.751670 7332839.751670 1.000000
7332075.580378 7332075.580378 1.000000
7332335.314671 7332335.314671 1.000000
7331365.403150 7331365.403150 1.000000
7331528.440526 7331528.440526 1.000000
7331963.667372 7331963.667372 1.000000
7332489.672202 7332489.672202 1.000000
7332335.944469 7332335.944469 1.000000
7332498.790221 7332498.790221 1.000000
7332682.170380 7332682.170380 1.000000
7332583.544623 7332583.544623 1.000000
7333028.220110 7333028.220110 1.000000
7333269.680265 7333269.680265 1.000000
7333161.819308 7333161.819308 1.000000
7333282.074366 7333282.074366 1.000000
7333031.639284 7333031.639284 1.000000
7333228.551141 7333228.551141 1.000000
7332427.531908 7332427.531908 1.000000
7332072.725340 7332072.725340 1.000000
7331732.270274 7331732.270274 1.000000
7331766.936870 7331766.936870 1.000000
7331687.572668 7331687.572668 1.000000
7331579.426176 7331579.426176 1.000000
7331174.530000 7331174.530000 1.000000
7331067.348258 7331067.348258 1.000000
7330679.331073 7330679.331073 1.000000
7330570.829406 7330570.829406 1.000000
7330480.168544 7330480.168544 1.000000
7330329.092202 7330329.092202 1.000000
7330173.845235 7330173.845235 1.000000
7330254.451236 7330254.451236 1.000000
7330237.861566 7330237.861566 1.000000
7330265.914355 7330265.914355 1.000000
7329895.367099 7329895.367099 1.000000
7329963.865164 7329963.865164 1.000000
7329922.856316 7329922.856316 1.000000
7329874.343728 7329874.343728 1.000000
7329612.117089 7329612.117089 1.000000
7329695.971183 7329695.971183 1.000000
7329661.118424 7329661.118424 1.000000
7329671.430624 7329671.430624 1.000000
7329553.706089 7329553.706089 1.000000
7329265.776992 7329265.776992 1.000000
7329138.897188 7329138.897188 1.000000
7329164.044461 7329164.044461 1.000000
7328248.781722 7328248.781722 1.000000
7328413.959593 7328413.959593 1.000000
7328845.659158 7328845.659158 1.000000
7328984.989894 7328984.989894 1.000000
7329278.050972 7329278.050972 1.000000
7329284.363092 7329284.363092 1.000000
7329519.066413 7329519.066413 1.000000
7329738.138728 7329738.138728 1.000000
7329483.988655 7329483.988655 1.000000
7329329.207469 7329329.207469 1.000000
7329042.422933 7329042.422933 1.000000
7329049.835473 7329049.835473 1.000000
7328963.942346 7328963.942346 1.000000
7328860.373284 7328860.373284 1.000000
7328862.516784 7328862.516784 1.000000
7328876.541743 7328876.541743 1.000000
7327896.121287 7327896.121287 1.000000
7327351.168956 7327351.168956 1.000000
7327374.164164 7327374.164164 1.000000
7327723.976822 7327723.976822 1.000000
7327748.075879 7327748.075879 1.000000
7327446.001607 7327446.001607 1.000000
7327284.518006 7327284.518006 1.000000
7326745.319235 7326745.319235 1.000000
7326731.563511 7326731.563511 1.000000
7326519.995465 7326519.995465 1.000000
7325717.381795 7325717.381795 1.000000
7326176.154323 7326176.154323 1.000000
7326065.586886 7326065.586886 1.000000
7326275.935410 7326275.935410 1.000000
7325402.898556 7325402.898556 1.000000
7325591.499855 7325591.499855 1.000000
7326149.438441 7326149.438441 1.000000
7325752.767155 7325752.767155 1.000000
7326028.796601 7326028.796601 1.000000
7326189.672847 7326189.672847 1.000000
7326083.020046 7326083.020046 1.000000
7325833.822967 7325833.822967 1.000000
7326078.532631 7326078.532631 1.000000
7326569.565921 7326569.565921 1.000000
7326455.390746 7326455.390746 1.000000
7325929.917911 7325929.917911 1.000000
7325822.484630 7325822.484630 1.000000
7325579.641610 7325579.641610 1.000000
7325880.298190 7325880.298190 1.000000
7325691.150298 7325691.150298 1.000000
7325976.020578 7325976.020578 1.000000
7326265.265658 7326265.265658 1.000000
7325385.091903 7325385.091903 1.000000
7325497.175123 7325497.175123 1.000000
7325470.331245 7325470.331245 1.000000
7325049.947241 7325049.947241 1.000000
7324489.500490 7324489.500490 1.000000
7323753.145443 7323753.145443 1.000000
7323929.474185 7323929.474185 1.000000
7323597.178338 7323597.178338 1.000000
7324356.499279 7324356.499279 1.000000
7324984.385857 7324984.385857 1.000000
7325653.672125 7325653.672125 1.000000
7326380.120524 7326380.120524 1.000000
7326822.694033 7326822.694033 1.000000
7327038.543480 7327038.543480 1.000000
7327145.553116 7327145.553116 1.000000
7328081.814840 7328081.814840 1.000000
7328917.119106 7328917.119106 1.000000
7329381.227534 7329381.227534 1.000000
7329343.649974 7329343.649974 1.000000
7329834.501514 7329834.501514 1.000000
7330554.825587 7330554.825587 1.000000
7330786.934910 7330786.934910 1.000000
7330766.294832 7330766.294832 1.000000
7331047.107392 7331047.107392 1.000000
7331170.524848 7331170.524848 1.000000
7331423.311804 7331423.311804 1.000000
7332031.497584 7332031.497584 1.000000
7331292.154792 7331292.154792 1.000000
7331550.050828 7331550.050828 1.000000
7331095.879867 7331095.879867 1.000000
7330876.761419 7330876.761419 1.000000
7330902.596053 7330902.596053 1.000000
7331472.952812 7331472.952812 1.000000
7330947.988273 7330947.988273 1.000000
7331081.553499 7331081.553499 1.000000
7330816.388825 7330816.388825 1.000000
7331115.645746 7331115.645746 1.000000
7331594.270532 7331594.270532 1.000000
7330700.426583 7330700.426583 1.000000
7331636.891973 7331636.891973 1.000000
7331536.475168 7331536.475168 1.000000
7331649.552492 7331649.552492 1.000000
7331150.882997 7331150.882997 1.000000
7331412.175659 7331412.175659 1.000000
7331717.130193 7331717.130193 1.000000
7331813.069897 7331813.069897 1.000000
7332098.754597 7332098.754597 1.000000
7331538.089236 7331538.089236 1.000000
7331378.355123 7331378.355123 1.000000
7331231.947753 7331231.947753 1.000000
7330859.130038 7330859.130038 1.000000
7331344.711776 7331344.711776 1.000000
7330482.619789 7330482.619789 1.000000
7331385.260217 7331385.260217 1.000000
7330810.582326 7330810.582326 1.000000
7331711.753838 7331711.753838 1.000000
7330795.227836 7330795.227836 1.000000
7331451.163492 7331451.163492 1.000000
7331686.262853 7331686.262853 1.000000
7331877.527863 7331877.527863 1.000000
7332763.143156 7332763.143156 1.000000
7332038.758167 7332038.758167 1.000000
7331820.737594 7331820.737594 1.000000
7331357.686327 7331357.686327 1.000000
7331469.065151 7331469.065151 1.000000
7331652.997784 7331652.997784 1.000000
7331385.576252 7331385.576252 1.000000
7331599.425569 7331599.425569 1.000000
7331281.198021 7331281.198021 1.000000
7331758.082972 7331758.082972 1.000000
7331260.640813 7331260.640813 1.000000
7331408.842484 7331408.842484 1.000000
7331734.787500 7331734.787500 1.000000
7331417.623103 7331417.623103 1.000000
7331675.906707 7331675.906707 1.000000
7331827.681868 7331827.681868 1.000000
7331754.431945 7331754.431945 1.000000
7332382.403718 7332382.403718 1.000000
7332224.399848 7332224.399848 1.000000
7332355.362476 7332355.362476 1.000000
7332735.600118 7332735.600118 1.000000
7333137.900851 7333137.900851 1.000000
7333110.629769 7333110.629769 1.000000
7333219.454844 7333219.454844 1.000000
7333566.725433 7333566.725433 1.000000
7333590.967379 7333590.967379 1.000000
7333735.252560 7333735.252560 1.000000
7333799.934366 7333799.934366 1.000000
7334583.619854 7334583.619854 1.000000
7334595.578346 7334595.578346 1.000000
7334185.341645 7334185.341645 1.000000
7334939.015138 7334939.015138 1.000000
7335193.393034 7335193.393034 1.000000
7334376.307909 7334376.307909 1.000000
7334815.114284 7334815.114284 1.000000
7334695.348483 7334695.348483 1.000000
7334402.378355 7334402.378355 1.000000
7334083.777073 7334083.777073 1.000000
7334483.084447 7334483.084447 1.000000
7334879.799665 7334879.799665 1.000000
7334881.753771 7334881.753771 1.000000
7335870.495600 7335870.495600 1.000000
7336074.723364 7336074.723364 1.000000
7336001.869119 7336001.869119 1.000000
7336672.829365 7336672.829365 1.000000
7335893.759387 7335893.759387 1.000000
7336272.004718 7336272.004718 1.000000
7337106.817585 7337106.817585 1.000000
7337008.310866 7337008.310866 1.000000
7337806.912876 7337806.912876 1.000000
7337217.428403 7337217.428403 1.000000
7337818.607076 7337818.607076 1.000000
7338005.701366 7338005.701366 1.000000
7338427.990148 7338427.990148 1.000000
7338601.191876 7338601.191876 1.000000
7338801.631844 7338801.631844 1.000000
7339128.973949 7339128.973949 1.000000
7338986.354520 7338986.354520 1.000000
7338023.884954 7338023.884954 1.000000
7338257.592489 7338257.592489 1.000000
7338332.784593 7338332.784593 1.000000
7338472.999140 7338472.999140 1.000000
7338589.820920 7338589.820920 1.000000
7339537.643330 7339537.643330 1.000000
7340514.419800 7340514.419800 1.000000
7340632.619872 7340632.619872 1.000000
7340795.930391 7340795.930391 1.000000
7341125.264024 7341125.264024 1.000000
7341270.358322 7341270.358322 1.000000
7341372.417604 7341372.417604 1.000000
7341535.863187 7341535.863187 1.000000
