7267614.597157 7267614.597157 1.000000
7267939.813114 7267939.813114 1.000000
7268217.296769 7268217.296769 1.000000
7267798.386157 7267798.386157 1.000000
7267468.203230 7267468.203230 1.000000
7267630.202372 7267630.202372 1.000000
7267805.323832 7267805.323832 1.000000
7267156.045775 7267156.045775 1.000000
7267378.104522 7267378.104522 1.000000
7267091.588401 7267091.588401 1.000000
7267404.039675 7267404.039675 1.000000
7267560.237086 7267560.237086 1.000000
7267339.338610 7267339.338610 1.000000
7267150.080285 7267150.080285 1.000000
7267315.803356 7267315.803356 1.000000
7267552.639879 7267552.639879 1.000000
7267440.154518 7267440.154518 1.000000
7268042.035035 7268042.035035 1.000000
7268556.176981 7268556.176981 1.000000
7268779.382232 7268779.382232 1.000000
7268467.417813 7268467.417813 1.000000
7268192.110322 7268192.110322 1.000000
7268741.901603 7268741.901603 1.000000
7268967.530403 7268967.530403 1.000000
7269133.441685 7269133.441685 1.000000
7269467.501641 7269467.501641 1.000000
7269315.046345 7269315.046345 1.000000
7269155.644376 7269155.644376 1.000000
7269338.204723 7269338.204723 1.000000
7268528.585438 7268528.585438 1.000000
7268425.282873 7268425.282873 1.000000
7268654.189842 7268654.189842 1.000000
7268762.284384 7268762.284384 1.000000
7269684.909471 7269684.909471 1.000000
7269495.973514 7269495.973514 1.000000
7269740.932537 7269740.932537 1.000000
7270332.272231 7270332.272231 1.000000
7270735.471579 7270735.471579 1.000000
7270474.969910 7270474.969910 1.000000
7271052.677839 7271052.677839 1.000000
7270249.768435 7270249.768435 1.000000
7270218.225324 7270218.225324 1.000000
7270911.139605 7270911.139605 1.000000
7270805.205454 7270805.205454 1.000000
7270482.765519 7270482.765519 1.000000
7270332.047010 7270332.047010 1.000000
7270367.363339 7270367.363339 1.000000
7269874.312607 7269874.312607 1.000000
7269014.758735 7269014.758735 1.000000
7269470.452295 7269470.452295 1.000000
7269912.505454 7269912.505454 1.000000
7270206.539330 7270206.539330 1.000000
7270286.822511 7270286.822511 1.000000
7270052.949158 7270052.949158 1.000000
7269431.712019 7269431.712019 1.000000
7268998.735942 7268998.735942 1.000000
7269909.745074 7269909.745074 1.000000
7270004.835170 7270004.835170 1.000000
7269979.520262 7269979.520262 1.000000
7270208.864021 7270208.864021 1.000000
7270113.329150 7270113.329150 1.000000
7270216.905584 7270216.905584 1.000000
7269715.415222 7269715.415222 1.000000
7269614.434495 7269614.434495 1.000000
7269909.197252 7269909.197252 1.000000
7269736.438033 7269736.438033 1.000000
7269676.570037 7269676.570037 1.000000
7269638.869331 7269638.869331 1.000000
7269310.722791 7269310.722791 1.000000
7268967.936892 7268967.936892 1.000000
7268510.985653 7268510.985653 1.000000
7268068.905082 7268068.905082 1.000000
7267610.777367 7267610.777367 1.000000
7267202.439078 7267202.439078 1.000000
7267933.530575 7267933.530575 1.000000
7267283.003759 7267283.003759 1.000000
7267823.670025 7267823.670025 1.000000
7267471.130076 7267471.130076 1.000000
7268084.483407 7268084.483407 1.000000
7267403.405099 7267403.405099 1.000000
7267748.161135 7267748.161135 1.000000
7267720.467968 7267720.467968 1.000000
7267156.008392 7267156.008392 1.000000
7266760.753720 7266760.753720 1.000000
7266432.617948 7266432.617948 1.000000
7266200.378475 7266200.378475 1.000000
7266189.552090 7266189.552090 1.000000
7265791.250107 7265791.250107 1.000000
7265573.545105 7265573.545105 1.000000
7265487.290027 7265487.290027 1.000000
7265864.176434 7265864.176434 1.000000
7266438.030568 7266438.030568 1.000000
7266543.523123 7266543.523123 1.000000
7266967.182744 7266967.182744 1.000000
7266714.485535 7266714.485535 1.000000
7267264.405540 7267264.405540 1.000000
7267293.673411 7267293.673411 1.000000
7267407.892472 7267407.892472 1.000000
7267809.730813 7267809.730813 1.000000
7268044.374377 7268044.374377 1.000000
7267865.163427 7267865.163427 1.000000
7267771.912873 7267771.912873 1.000000
7267716.129203 7267716.129203 1.000000
7267046.266610 7267046.266610 1.000000
7267377.657037 7267377.657037 1.000000
7267482.015628 7267482.015628 1.000000
7267320.776856 7267320.776856 1.000000
7267429.527089 7267429.527089 1.000000
7268210.796178 7268210.796178 1.000000
7267713.554448 7267713.554448 1.000000
7266865.667762 7266865.667762 1.000000
7266990.851617 7266990.851617 1.000000
7267211.215828 7267211.215828 1.000000
7267512.424386 7267512.424386 1.000000
7267863.753470 7267863.753470 1.000000
7267499.396658 7267499.396658 1.000000
7268240.671340 7268240.671340 1.000000
7268444.933348 7268444.933348 1.000000
7268321.770739 7268321.770739 1.000000
7268541.199067 7268541.199067 1.000000
7268908.069185 7268908.069185 1.000000
7269269.329613 7269269.329613 1.000000
7269518.148724 7269518.148724 1.000000
7269279.139648 7269279.139648 1.000000
7269967.150392 7269967.150392 1.000000
7269808.821750 7269808.821750 1.000000
7270042.015761 7270042.015761 1.000000
7270912.577382 7270912.577382 1.000000
7271083.673080 7271083.673080 1.000000
7270868.185212 7270868.185212 1.000000
7271058.784672 7271058.784672 1.000000
7271038.349124 7271038.349124 1.000000
7271207.191366 7271207.191366 1.000000
7271166.525141 7271166.525141 1.000000
7271783.309835 7271783.309835 1.000000
7272449.385223 7272449.385223 1.000000
7271584.786527 7271584.786527 1.000000
7270931.597239 7270931.597239 1.000000
7271389.857071 7271389.857071 1.000000
7271538.600969 7271538.600969 1.000000
7272090.246640 7272090.246640 1.000000
7272746.881230 7272746.881230 1.000000
7273417.178520 7273417.178520 1.000000
7272780.453754 7272780.453754 1.000000
7272645.618811 7272645.618811 1.000000
7273276.599957 7273276.599957 1.000000
7273430.482894 7273430.482894 1.000000
7272883.526467 7272883.526467 1.000000
7272642.517655 7272642.517655 1.000000
7272778.076316 7272778.076316 1.000000
7273109.436743 7273109.436743 1.000000
7273341.647577 7273341.647577 1.000000
7273125.539981 7273125.539981 1.000000
7273014.254609 7273014.254609 1.000000
7273707.182244 7273707.182244 1.000000
7273847.148127 7273847.148127 1.000000
7274014.310762 7274014.310762 1.000000
7273783.461543 7273783.461543 1.000000
7274602.552158 7274602.552158 1.000000
7274721.295652 7274721.295652 1.000000
7275013.150996 7275013.150996 1.000000
7274442.084500 7274442.084500 1.000000
7274288.831564 7274288.831564 1.000000
7273639.198354 7273639.198354 1.000000
7273406.229363 7273406.229363 1.000000
7272722.916674 7272722.916674 1.000000
7272608.653739 7272608.653739 1.000000
7272834.499475 7272834.499475 1.000000
7272636.350802 7272636.350802 1.000000
7272011.869342 7272011.869342 1.000000
7272227.755682 7272227.755682 1.000000
7271542.314428 7271542.314428 1.000000
7271405.921837 7271405.921837 1.000000
7271525.567086 7271525.567086 1.000000
7271628.128887 7271628.128887 1.000000
7271561.407886 7271561.407886 1.000000
7271191.356671 7271191.356671 1.000000
7271513.071625 7271513.071625 1.000000
7271628.983726 7271628.983726 1.000000
7271152.717042 7271152.717042 1.000000
7271045.035534 7271045.035534 1.000000
7270788.777871 7270788.777871 1.000000
7270982.480710 7270982.480710 1.000000
7271338.807698 7271338.807698 1.000000
7271591.668249 7271591.668249 1.000000
7271136.822929 7271136.822929 1.000000
7270836.942472 7270836.942472 1.000000
7271103.636048 7271103.636048 1.000000
7271513.234188 7271513.234188 1.000000
7271721.220583 7271721.220583 1.000000
7271246.303733 7271246.303733 1.000000
7270899.512576 7270899.512576 1.000000
7270473.087353 7270473.087353 1.000000
7270203.840857 7270203.840857 1.000000
7269469.398857 7269469.398857 1.000000
7269781.308898 7269781.308898 1.000000
7268847.460092 7268847.460092 1.000000
7268684.088423 7268684.088423 1.000000
7268910.198903 7268910.198903 1.000000
7269051.215793 7269051.215793 1.000000
7268515.042957 7268515.042957 1.000000
7268315.520436 7268315.520436 1.000000
7268479.245787 7268479.245787 1.000000
7268757.712407 7268757.712407 1.000000
7268494.519365 7268494.519365 1.000000
7268738.578557 7268738.578557 1.000000
7268555.241542 7268555.241542 1.000000
7268965.661054 7268965.661054 1.000000
7269184.467834 7269184.467834 1.000000
7268964.091981 7268964.091981 1.000000
7268587.080266 7268587.080266 1.000000
7268744.160091 7268744.160091 1.000000
7269135.000574 7269135.000574 1.000000
7269517.885097 7269517.885097 1.000000
7269834.933683 7269834.933683 1.000000
7269977.078699 7269977.078699 1.000000
7269695.792863 7269695.792863 1.000000
7269850.522653 7269850.522653 1.000000
7270773.690819 7270773.690819 1.000000
7270461.113967 7270461.113967 1.000000
7269572.434878 7269572.434878 1.000000
7269741.802194 7269741.802194 1.000000
7269903.467804 7269903.467804 1.000000
7269381.682549 7269381.682549 1.000000
7269323.699826 7269323.699826 1.000000
7270078.621146 7270078.621146 1.000000
7269868.755016 7269868.755016 1.000000
7270674.930319 7270674.930319 1.000000
7270823.673133 7270823.673133 1.000000
7269836.039715 7269836.039715 1.000000
7269979.647905 7269979.647905 1.000000
7270032.699577 7270032.699577 1.000000
7269919.269304 7269919.269304 1.000000
7270131.033439 7270131.033439 1.000000
7271019.012165 7271019.012165 1.000000
7271464.850751 7271464.850751 1.000000
7271263.426838 7271263.426838 1.000000
7271246.268680 7271246.268680 1.000000
7271414.036853 7271414.036853 1.000000
7271335.913164 7271335.913164 1.000000
7271239.440363 7271239.440363 1.000000
7270842.867871 7270842.867871 1.000000
7271128.736577 7271128.736577 1.000000
7270389.649500 7270389.649500 1.000000
7269976.197653 7269976.197653 1.000000
7270122.475296 7270122.475296 1.000000
7270709.009856 7270709.009856 1.000000
7271353.557873 7271353.557873 1.000000
7272241.693042 7272241.693042 1.000000
7272592.036456 7272592.036456 1.000000
7272718.923597 7272718.923597 1.000000
7272579.776919 7272579.776919 1.000000
7272431.201054 7272431.201054 1.000000
7272581.179366 7272581.179366 1.000000
7272692.434441 7272692.434441 1.000000
7272423.636417 7272423.636417 1.000000
7272696.677316 7272696.677316 1.000000
7272579.620962 7272579.620962 1.000000
7272421.331682 7272421.331682 1.000000
7272663.854024 7272663.854024 1.000000
7271891.156677 7271891.156677 1.000000
7272054.209133 7272054.209133 1.000000
7272418.446136 7272418.446136 1.000000
7272611.375007 7272611.375007 1.000000
7272903.448351 7272903.448351 1.000000
7273276.468072 7273276.468072 1.000000
7273547.477499 7273547.477499 1.000000
7273740.789518 7273740.789518 1.000000
7274114.338505 7274114.338505 1.000000
7274645.867351 7274645.867351 1.000000
7274813.175225 7274813.175225 1.000000
7274930.623824 7274930.623824 1.000000
7274731.682313 7274731.682313 1.000000
7274970.798282 7274970.798282 1.000000
7275369.996928 7275369.996928 1.000000
7275161.570210 7275161.570210 1.000000
7274353.311634 7274353.311634 1.000000
7274666.958609 7274666.958609 1.000000
7274228.953097 7274228.953097 1.000000
7273975.998317 7273975.998317 1.000000
7273501.552410 7273501.552410 1.000000
7273318.153229 7273318.153229 1.000000
7272950.219088 7272950.219088 1.000000
7272680.910405 7272680.910405 1.000000
7272418.288600 7272418.288600 1.000000
7271938.055857 7271938.055857 1.000000
7271544.357012 7271544.357012 1.000000
7271899.136622 7271899.136622 1.000000
7271326.358436 7271326.358436 1.000000
7271315.648145 7271315.648145 1.000000
7271110.469766 7271110.469766 1.000000
7271945.805037 7271945.805037 1.000000
7272410.701683 7272410.701683 1.000000
7273202.557143 7273202.557143 1.000000
7273807.043645 7273807.043645 1.000000
7273691.897742 7273691.897742 1.000000
7273810.526079 7273810.526079 1.000000
7272939.557369 7272939.557369 1.000000
7272773.586409 7272773.586409 1.000000
7272041.641900 7272041.641900 1.000000
7272445.073814 7272445.073814 1.000000
7273182.298749 7273182.298749 1.000000
7272829.268951 7272829.268951 1.000000
7273523.400878 7273523.400878 1.000000
7273027.275893 7273027.275893 1.000000
7272836.408713 7272836.408713 1.000000
7272454.057937 7272454.057937 1.000000
7272011.103455 7272011.103455 1.000000
7271751.298726 7271751.298726 1.000000
7271467.977320 7271467.977320 1.000000
7270961.843638 7270961.843638 1.000000
7270681.106863 7270681.106863 1.000000
7270396.067171 7270396.067171 1.000000
7270178.919016 7270178.919016 1.000000
7269850.826088 7269850.826088 1.000000
7269439.968942 7269439.968942 1.000000
7269053.844434 7269053.844434 1.000000
7269193.101281 7269193.101281 1.000000
7269412.033843 7269412.033843 1.000000
7269543.906519 7269543.906519 1.000000
7270273.954463 7270273.954463 1.000000
7270081.161075 7270081.161075 1.000000
7270324.318524 7270324.318524 1.000000
7270208.615715 7270208.615715 1.000000
7270106.615400 7270106.615400 1.000000
7270587.004855 7270587.004855 1.000000
7270361.839594 7270361.839594 1.000000
7270679.952522 7270679.952522 1.000000
7271565.859496 7271565.859496 1.000000
7270957.696125 7270957.696125 1.000000
7270926.707680 7270926.707680 1.000000
7270618.354830 7270618.354830 1.000000
7270200.534346 7270200.534346 1.000000
7270046.762195 7270046.762195 1.000000
7269883.904333 7269883.904333 1.000000
7270059.217363 7270059.217363 1.000000
7270205.331089 7270205.331089 1.000000
7270834.090669 7270834.090669 1.000000
7270960.530343 7270960.530343 1.000000
7270860.522042 7270860.522042 1.000000
7270708.818764 7270708.818764 1.000000
7271442.595482 7271442.595482 1.000000
7270841.686766 7270841.686766 1.000000
7269954.017910 7269954.017910 1.000000
7270062.537063 7270062.537063 1.000000
7270053.635281 7270053.635281 1.000000
7269903.090346 7269903.090346 1.000000
7270429.007037 7270429.007037 1.000000
7270309.544933 7270309.544933 1.000000
7270478.724663 7270478.724663 1.000000
7270649.888823 7270649.888823 1.000000
7271333.742559 7271333.742559 1.000000
7271339.683965 7271339.683965 1.000000
7271790.960510 7271790.960510 1.000000
7271594.701644 7271594.701644 1.000000
7271057.564825 7271057.564825 1.000000
7271964.234410 7271964.234410 1.000000
7271469.197525 7271469.197525 1.000000
7271352.600190 7271352.600190 1.000000
7271078.727670 7271078.727670 1.000000
7270573.215137 7270573.215137 1.000000
7270185.834094 7270185.834094 1.000000
7270689.463965 7270689.463965 1.000000
7271586.152779 7271586.152779 1.000000
7272214.501928 7272214.501928 1.000000
7272292.832842 7272292.832842 1.000000
7272628.970329 7272628.970329 1.000000
7273136.110548 7273136.110548 1.000000
7272653.608720 7272653.608720 1.000000
7272274.889339 7272274.889339 1.000000
7271314.333081 7271314.333081 1.000000
7271305.674175 7271305.674175 1.000000
7271419.587055 7271419.587055 1.000000
7271212.354728 7271212.354728 1.000000
7271238.451632 7271238.451632 1.000000
7271334.756714 7271334.756714 1.000000
7271808.968125 7271808.968125 1.000000
7272272.735464 7272272.735464 1.000000
7272711.916714 7272711.916714 1.000000
7272464.538755 7272464.538755 1.000000
7272288.549034 7272288.549034 1.000000
7272340.276488 7272340.276488 1.000000
7272444.132592 7272444.132592 1.000000
7273093.278767 7273093.278767 1.000000
7273151.531330 7273151.531330 1.000000
7273611.997515 7273611.997515 1.000000
7273346.159403 7273346.159403 1.000000
7274042.608643 7274042.608643 1.000000
7274544.914767 7274544.914767 1.000000
7274158.607063 7274158.607063 1.000000
7274505.518098 7274505.518098 1.000000
7274585.607270 7274585.607270 1.000000
7274623.282320 7274623.282320 1.000000
7274852.845991 7274852.845991 1.000000
7275540.053885 7275540.053885 1.000000
7275378.387653 7275378.387653 1.000000
7275318.650628 7275318.650628 1.000000
7275289.106511 7275289.106511 1.000000
7275114.331658 7275114.331658 1.000000
7274983.234230 7274983.234230 1.000000
7274848.506156 7274848.506156 1.000000
7275453.090014 7275453.090014 1.000000
7275222.653456 7275222.653456 1.000000
7274975.234074 7274975.234074 1.000000
7275267.586336 7275267.586336 1.000000
7275499.111463 7275499.111463 1.000000
7275320.206150 7275320.206150 1.000000
7275184.921344 7275184.921344 1.000000
7275230.910937 7275230.910937 1.000000
7275667.257513 7275667.257513 1.000000
7275538.368285 7275538.368285 1.000000
7275596.848984 7275596.848984 1.000000
7275240.648355 7275240.648355 1.000000
7275262.961798 7275262.961798 1.000000
7275341.976862 7275341.976862 1.000000
7274817.129939 7274817.129939 1.000000
7274730.785017 7274730.785017 1.000000
7275265.433108 7275265.433108 1.000000
7275123.577001 7275123.577001 1.000000
7274772.947650 7274772.947650 1.000000
7274409.185804 7274409.185804 1.000000
7274701.798170 7274701.798170 1.000000
7275102.619783 7275102.619783 1.000000
7274715.162138 7274715.162138 1.000000
7274349.357071 7274349.357071 1.000000
7274520.410206 7274520.410206 1.000000
7274452.184275 7274452.184275 1.000000
7274479.363824 7274479.363824 1.000000
7274510.328185 7274510.328185 1.000000
7274784.719335 7274784.719335 1.000000
7274468.491796 7274468.491796 1.000000
7274240.726916 7274240.726916 1.000000
7274565.601043 7274565.601043 1.000000
7274912.514956 7274912.514956 1.000000
7274372.224422 7274372.224422 1.000000
7274848.723015 7274848.723015 1.000000
7274960.462537 7274960.462537 1.000000
7274794.701350 7274794.701350 1.000000
7274522.932934 7274522.932934 1.000000
7274865.817837 7274865.817837 1.000000
7275147.950376 7275147.950376 1.000000
7274978.661437 7274978.661437 1.000000
7275502.699818 7275502.699818 1.000000
7275198.221367 7275198.221367 1.000000
7275081.033368 7275081.033368 1.000000
7275307.381356 7275307.381356 1.000000
7274962.177484 7274962.177484 1.000000
7274851.621830 7274851.621830 1.000000
7274252.424161 7274252.424161 1.000000
7273779.462563 7273779.462563 1.000000
7273559.504933 7273559.504933 1.000000
7273641.695533 7273641.695533 1.000000
7273655.057135 7273655.057135 1.000000
7274096.063172 7274096.063172 1.000000
7274763.086804 7274763.086804 1.000000
7274811.142403 7274811.142403 1.000000
7274614.040078 7274614.040078 1.000000
7274709.735474 7274709.735474 1.000000
7275031.499611 7275031.499611 1.000000
7274972.073152 7274972.073152 1.000000
7274972.877666 7274972.877666 1.000000
7274694.529211 7274694.529211 1.000000
7274518.657252 7274518.657252 1.000000
7274529.134767 7274529.134767 1.000000
7274467.326540 7274467.326540 1.000000
7275157.377341 7275157.377341 1.000000
7274842.435094 7274842.435094 1.000000
7273960.577967 7273960.577967 1.000000
7273702.883877 7273702.883877 1.000000
7273150.204084 7273150.204084 1.000000
7273277.583887 7273277.583887 1.000000
7273460.223253 7273460.223253 1.000000
7273731.523006 7273731.523006 1.000000
7273486.536066 7273486.536066 1.000000
7273894.131122 7273894.131122 1.000000
7274507.479902 7274507.479902 1.000000
7274915.548021 7274915.548021 1.000000
7275877.253976 7275877.253976 1.000000
7276373.826217 7276373.826217 1.000000
7276913.375594 7276913.375594 1.000000
7276463.644530 7276463.644530 1.000000
7276305.365362 7276305.365362 1.000000
7276018.490967 7276018.490967 1.000000
7275490.459956 7275490.459956 1.000000
7274840.069975 7274840.069975 1.000000
7274325.968362 7274325.968362 1.000000
7274999.076942 7274999.076942 1.000000
7275339.876839 7275339.876839 1.000000
7275392.725567 7275392.725567 1.000000
7275207.650589 7275207.650589 1.000000
7275025.539010 7275025.539010 1.000000
7275195.313530 7275195.313530 1.000000
7275203.299966 7275203.299966 1.000000
7275875.011886 7275875.011886 1.000000
7276144.708309 7276144.708309 1.000000
7276180.447581 7276180.447581 1.000000
7276005.703392 7276005.703392 1.000000
7276432.482126 7276432.482126 1.000000
7277086.241514 7277086.241514 1.000000
7277261.858748 7277261.858748 1.000000
7277509.035630 7277509.035630 1.000000
7277381.059538 7277381.059538 1.000000
7277560.494634 7277560.494634 1.000000
7277966.903686 7277966.903686 1.000000
7278766.326133 7278766.326133 1.000000
7279017.130354 7279017.130354 1.000000
7278883.045063 7278883.045063 1.000000
7278247.555408 7278247.555408 1.000000
7278610.245865 7278610.245865 1.000000
7279449.656198 7279449.656198 1.000000
7279933.686316 7279933.686316 1.000000
7280308.399571 7280308.399571 1.000000
7280414.945485 7280414.945485 1.000000
7280700.093125 7280700.093125 1.000000
7280359.231126 7280359.231126 1.000000
7280214.681831 7280214.681831 1.000000
7280630.812982 7280630.812982 1.000000
7280673.925259 7280673.925259 1.000000
7280283.263889 7280283.263889 1.000000
7279774.761766 7279774.761766 1.000000
7279982.416750 7279982.416750 1.000000
7280690.083253 7280690.083253 1.000000
7280309.552066 7280309.552066 1.000000
7279918.417148 7279918.417148 1.000000
7279192.291967 7279192.291967 1.000000
7279091.146314 7279091.146314 1.000000
7278931.726366 7278931.726366 1.000000
7278810.344762 7278810.344762 1.000000
7277927.697419 7277927.697419 1.000000
7277465.549064 7277465.549064 1.000000
7277644.496810 7277644.496810 1.000000
7277325.074816 7277325.074816 1.000000
7277468.321978 7277468.321978 1.000000
7276951.296001 7276951.296001 1.000000
7277730.923370 7277730.923370 1.000000
7277610.471418 7277610.471418 1.000000
7277502.736024 7277502.736024 1.000000
7277383.532299 7277383.532299 1.000000
7277499.529009 7277499.529009 1.000000
7276845.728288 7276845.728288 1.000000
7276617.597425 7276617.597425 1.000000
7276311.280013 7276311.280013 1.000000
7275475.255845 7275475.255845 1.000000
7274985.107213 7274985.107213 1.000000
7275028.596800 7275028.596800 1.000000
7275041.883870 7275041.883870 1.000000
7274664.818740 7274664.818740 1.000000
7274667.543034 7274667.543034 1.000000
7274692.291948 7274692.291948 1.000000
7274746.253601 7274746.253601 1.000000
7275116.046607 7275116.046607 1.000000
7275027.535060 7275027.535060 1.000000
7275165.425193 7275165.425193 1.000000
7275063.891614 7275063.891614 1.000000
7275390.411494 7275390.411494 1.000000
7275969.488332 7275969.488332 1.000000
7275723.267773 7275723.267773 1.000000
7275343.196991 7275343.196991 1.000000
7275057.161166 7275057.161166 1.000000
7275058.702243 7275058.702243 1.000000
7275246.546115 7275246.546115 1.000000
7274723.431504 7274723.431504 1.000000
7274397.311519 7274397.311519 1.000000
7274309.562045 7274309.562045 1.000000
7273596.271601 7273596.271601 1.000000
7273327.907382 7273327.907382 1.000000
7272974.919606 7272974.919606 1.000000
7272552.687725 7272552.687725 1.000000
7272807.617171 7272807.617171 1.000000
7273098.071583 7273098.071583 1.000000
7273203.021056 7273203.021056 1.000000
7272884.845122 7272884.845122 1.000000
7273160.799507 7273160.799507 1.000000
7273967.373204 7273967.373204 1.000000
7274403.058361 7274403.058361 1.000000
7274379.314365 7274379.314365 1.000000
7274327.063071 7274327.063071 1.000000
7274768.073543 7274768.073543 1.000000
7274621.655481 7274621.655481 1.000000
7274538.740564 7274538.740564 1.000000
7275093.352854 7275093.352854 1.000000
7275600.387359 7275600.387359 1.000000
7275277.482219 7275277.482219 1.000000
7274753.742652 7274753.742652 1.000000
7274971.300048 7274971.300048 1.000000
7275250.401388 7275250.401388 1.000000
7274935.832035 7274935.832035 1.000000
7274907.520219 7274907.520219 1.000000
7275160.206144 7275160.206144 1.000000
7275110.996853 7275110.996853 1.000000
7274765.740901 7274765.740901 1.000000
7274692.503596 7274692.503596 1.000000
7274749.551556 7274749.551556 1.000000
7274647.110223 7274647.110223 1.000000
7274448.063315 7274448.063315 1.000000
7274237.641181 7274237.641181 1.000000
7274047.056660 7274047.056660 1.000000
7273603.359808 7273603.359808 1.000000
7272933.435396 7272933.435396 1.000000
7271955.368481 7271955.368481 1.000000
7272071.360974 7272071.360974 1.000000
7271640.844091 7271640.844091 1.000000
7271764.549951 7271764.549951 1.000000
7272152.631806 7272152.631806 1.000000
7272021.303529 7272021.303529 1.000000
7272477.726840 7272477.726840 1.000000
7272585.508742 7272585.508742 1.000000
7272705.306002 7272705.306002 1.000000
7272838.586662 7272838.586662 1.000000
7273786.720748 7273786.720748 1.000000
7273897.686300 7273897.686300 1.000000
7273006.955601 7273006.955601 1.000000
7273233.714398 7273233.714398 1.000000
7272997.788140 7272997.788140 1.000000
7272621.559867 7272621.559867 1.000000
7271784.296161 7271784.296161 1.000000
7271253.472825 7271253.472825 1.000000
7271351.613568 7271351.613568 1.000000
7271184.890738 7271184.890738 1.000000
7271140.788661 7271140.788661 1.000000
7271160.148980 7271160.148980 1.000000
7270160.847807 7270160.847807 1.000000
7270684.438129 7270684.438129 1.000000
7270972.030475 7270972.030475 1.000000
7270200.323812 7270200.323812 1.000000
7270602.332799 7270602.332799 1.000000
7270734.647923 7270734.647923 1.000000
7270761.759198 7270761.759198 1.000000
7269820.502827 7269820.502827 1.000000
7269565.570944 7269565.570944 1.000000
7269460.180587 7269460.180587 1.000000
7269298.867464 7269298.867464 1.000000
7269005.548679 7269005.548679 1.000000
7269093.722026 7269093.722026 1.000000
7268928.660688 7268928.660688 1.000000
7268783.660337 7268783.660337 1.000000
7268342.941732 7268342.941732 1.000000
7268084.470232 7268084.470232 1.000000
7268513.958903 7268513.958903 1.000000
7268336.754626 7268336.754626 1.000000
7268406.640831 7268406.640831 1.000000
7268337.763218 7268337.763218 1.000000
7269026.084969 7269026.084969 1.000000
7269432.453723 7269432.453723 1.000000
7269643.358396 7269643.358396 1.000000
7269701.792291 7269701.792291 1.000000
7269417.753686 7269417.753686 1.000000
7268752.617139 7268752.617139 1.000000
7268358.180900 7268358.180900 1.000000
7267938.429321 7267938.429321 1.000000
7268149.748589 7268149.748589 1.000000
7268624.826925 7268624.826925 1.000000
7268981.603759 7268981.603759 1.000000
7268842.886505 7268842.886505 1.000000
7268712.167162 7268712.167162 1.000000
7268781.446563 7268781.446563 1.000000
7268352.686656 7268352.686656 1.000000
7268246.700529 7268246.700529 1.000000
7268384.512021 7268384.512021 1.000000
7268349.546078 7268349.546078 1.000000
7268905.103748 7268905.103748 1.000000
7268455.555540 7268455.555540 1.000000
7268401.190896 7268401.190896 1.000000
7269212.521659 7269212.521659 1.000000
7269379.570161 7269379.570161 1.000000
7270200.094229 7270200.094229 1.000000
7270043.652360 7270043.652360 1.000000
7270023.299054 7270023.299054 1.000000
7270819.275374 7270819.275374 1.000000
7271664.971371 7271664.971371 1.000000
7272201.780267 7272201.780267 1.000000
7272662.576847 7272662.576847 1.000000
7272619.297320 7272619.297320 1.000000
7272358.806088 7272358.806088 1.000000
7272298.687319 7272298.687319 1.000000
7272174.184664 7272174.184664 1.000000
7271885.481671 7271885.481671 1.000000
7271717.735184 7271717.735184 1.000000
7272129.557175 7272129.557175 1.000000
7271194.860792 7271194.860792 1.000000
7270463.730084 7270463.730084 1.000000
7270083.414701 7270083.414701 1.000000
7269357.705209 7269357.705209 1.000000
7269628.087556 7269628.087556 1.000000
7269811.491390 7269811.491390 1.000000
7270172.473928 7270172.473928 1.000000
7270302.562160 7270302.562160 1.000000
7269706.170493 7269706.170493 1.000000
7270376.449964 7270376.449964 1.000000
7270275.436273 7270275.436273 1.000000
7270195.086726 7270195.086726 1.000000
7269241.757033 7269241.757033 1.000000
7269351.861874 7269351.861874 1.000000
7269478.091607 7269478.091607 1.000000
7269479.408233 7269479.408233 1.000000
7269411.949630 7269411.949630 1.000000
7268444.308859 7268444.308859 1.000000
7268731.503191 7268731.503191 1.000000
7268933.546523 7268933.546523 1.000000
7269107.936171 7269107.936171 1.000000
7269020.526558 7269020.526558 1.000000
7269278.433643 7269278.433643 1.000000
7269528.501102 7269528.501102 1.000000
7269328.077956 7269328.077956 1.000000
7270090.774623 7270090.774623 1.000000
7270835.600549 7270835.600549 1.000000
7269842.467029 7269842.467029 1.000000
7270355.299522 7270355.299522 1.000000
7269660.501905 7269660.501905 1.000000
7270648.800836 7270648.800836 1.000000
7270521.139995 7270521.139995 1.000000
7270069.420761 7270069.420761 1.000000
7269744.783356 7269744.783356 1.000000
7269474.407626 7269474.407626 1.000000
7270026.165683 7270026.165683 1.000000
7270136.391274 7270136.391274 1.000000
7269859.756582 7269859.756582 1.000000
7270310.477427 7270310.477427 1.000000
7270204.715937 7270204.715937 1.000000
7270163.074085 7270163.074085 1.000000
7270557.681280 7270557.681280 1.000000
7269844.236631 7269844.236631 1.000000
7270763.697395 7270763.697395 1.000000
7271428.840879 7271428.840879 1.000000
7270611.392426 7270611.392426 1.000000
7269620.666101 7269620.666101 1.000000
7269427.930234 7269427.930234 1.000000
7268989.288088 7268989.288088 1.000000
7269483.748934 7269483.748934 1.000000
7269498.533850 7269498.533850 1.000000
7269503.308552 7269503.308552 1.000000
7269252.638510 7269252.638510 1.000000
7269426.435735 7269426.435735 1.000000
7269336.505885 7269336.505885 1.000000
7268672.435928 7268672.435928 1.000000
7268958.190832 7268958.190832 1.000000
7269090.338004 7269090.338004 1.000000
7269521.113428 7269521.113428 1.000000
7269590.856381 7269590.856381 1.000000
7269223.786285 7269223.786285 1.000000
7269420.019087 7269420.019087 1.000000
7268845.924051 7268845.924051 1.000000
7269112.077578 7269112.077578 1.000000
7268967.720524 7268967.720524 1.000000
7268983.516578 7268983.516578 1.000000
7269155.126635 7269155.126635 1.000000
7269024.476799 7269024.476799 1.000000
7269084.286845 7269084.286845 1.000000
7269341.615410 7269341.615410 1.000000
7269523.470591 7269523.470591 1.000000
7269594.669628 7269594.669628 1.000000
7269559.853546 7269559.853546 1.000000
7269015.714715 7269015.714715 1.000000
7268735.206748 7268735.206748 1.000000
7268346.155285 7268346.155285 1.000000
7268559.826033 7268559.826033 1.000000
7267974.457923 7267974.457923 1.000000
7268395.149798 7268395.149798 1.000000
7268456.912086 7268456.912086 1.000000
7268349.106114 7268349.106114 1.000000
7267808.642641 7267808.642641 1.000000
7267803.202208 7267803.202208 1.000000
7268284.267380 7268284.267380 1.000000
7268418.348899 7268418.348899 1.000000
7268271.106559 7268271.106559 1.000000
7268036.642762 7268036.642762 1.000000
7268302.643536 7268302.643536 1.000000
7267697.695939 7267697.695939 1.000000
7266739.573091 7266739.573091 1.000000
7266849.804857 7266849.804857 1.000000
7266719.222936 7266719.222936 1.000000
7266842.535122 7266842.535122 1.000000
7265980.837658 7265980.837658 1.000000
7266415.924597 7266415.924597 1.000000
7266548.259594 7266548.259594 1.000000
7266777.539991 7266777.539991 1.000000
7265960.513319 7265960.513319 1.000000
7265464.617594 7265464.617594 1.000000
7265363.638846 7265363.638846 1.000000
7265926.742950 7265926.742950 1.000000
7265799.994144 7265799.994144 1.000000
7266443.564248 7266443.564248 1.000000
7266641.826113 7266641.826113 1.000000
7266700.687549 7266700.687549 1.000000
7266292.650369 7266292.650369 1.000000
7266187.863525 7266187.863525 1.000000
7266535.405828 7266535.405828 1.000000
7266702.353945 7266702.353945 1.000000
7267007.514476 7267007.514476 1.000000
7266710.117575 7266710.117575 1.000000
7267538.648659 7267538.648659 1.000000
7268224.539022 7268224.539022 1.000000
7268729.163845 7268729.163845 1.000000
7268364.381188 7268364.381188 1.000000
7268134.954447 7268134.954447 1.000000
7267609.332381 7267609.332381 1.000000
7267847.494331 7267847.494331 1.000000
7267523.303718 7267523.303718 1.000000
7267560.854113 7267560.854113 1.000000
7267318.774003 7267318.774003 1.000000
7267481.362696 7267481.362696 1.000000
7267169.012932 7267169.012932 1.000000
7266897.712903 7266897.712903 1.000000
7266488.627281 7266488.627281 1.000000
7266283.377006 7266283.377006 1.000000
7266672.657287 7266672.657287 1.000000
7266601.883784 7266601.883784 1.000000
7266098.081536 7266098.081536 1.000000
7266119.863710 7266119.863710 1.000000
7266131.321399 7266131.321399 1.000000
7265911.099375 7265911.099375 1.000000
7266247.830296 7266247.830296 1.000000
7266168.963342 7266168.963342 1.000000
7265832.142634 7265832.142634 1.000000
7265623.774364 7265623.774364 1.000000
7265538.761742 7265538.761742 1.000000
7265545.930998 7265545.930998 1.000000
7266065.495624 7266065.495624 1.000000
7266097.109222 7266097.109222 1.000000
7266323.243709 7266323.243709 1.000000
7266339.220265 7266339.220265 1.000000
7266461.428756 7266461.428756 1.000000
7266297.463515 7266297.463515 1.000000
7265877.841608 7265877.841608 1.000000
7265564.995698 7265564.995698 1.000000
7265442.488460 7265442.488460 1.000000
7266248.087290 7266248.087290 1.000000
7266167.499985 7266167.499985 1.000000
7265527.343480 7265527.343480 1.000000
7265779.536909 7265779.536909 1.000000
7266013.291081 7266013.291081 1.000000
7265903.363093 7265903.363093 1.000000
7265590.872839 7265590.872839 1.000000
7265626.559264 7265626.559264 1.000000
7265250.484341 7265250.484341 1.000000
7264609.867574 7264609.867574 1.000000
7264283.290721 7264283.290721 1.000000
7264239.363493 7264239.363493 1.000000
7264090.957034 7264090.957034 1.000000
7264306.217380 7264306.217380 1.000000
7264539.789843 7264539.789843 1.000000
7264710.962949 7264710.962949 1.000000
7264775.229467 7264775.229467 1.000000
7264714.749198 7264714.749198 1.000000
7265017.701460 7265017.701460 1.000000
7265591.863048 7265591.863048 1.000000
7265935.701507 7265935.701507 1.000000
7265773.940358 7265773.940358 1.000000
7265701.475550 7265701.475550 1.000000
7265461.633681 7265461.633681 1.000000
7265428.548298 7265428.548298 1.000000
7265383.796272 7265383.796272 1.000000
7265595.243332 7265595.243332 1.000000
7265346.964604 7265346.964604 1.000000
7265539.957261 7265539.957261 1.000000
7265757.817298 7265757.817298 1.000000
7265979.335841 7265979.335841 1.000000
7266138.792103 7266138.792103 1.000000
7265970.411583 7265970.411583 1.000000
7265440.049436 7265440.049436 1.000000
7264788.987583 7264788.987583 1.000000
7264604.615438 7264604.615438 1.000000
7265561.539830 7265561.539830 1.000000
7266410.537314 7266410.537314 1.000000
7265896.229337 7265896.229337 1.000000
7265237.340168 7265237.340168 1.000000
7265829.596786 7265829.596786 1.000000
7265352.614298 7265352.614298 1.000000
7265202.591172 7265202.591172 1.000000
7265037.423341 7265037.423341 1.000000
7265166.789631 7265166.789631 1.000000
7265429.175637 7265429.175637 1.000000
7265248.289502 7265248.289502 1.000000
7265089.472712 7265089.472712 1.000000
7265840.316889 7265840.316889 1.000000
7266092.917310 7266092.917310 1.000000
7265183.011079 7265183.011079 1.000000
7265046.206991 7265046.206991 1.000000
7265092.997592 7265092.997592 1.000000
7264339.279412 7264339.279412 1.000000
7264458.586932 7264458.586932 1.000000
7263565.498837 7263565.498837 1.000000
7263942.176404 7263942.176404 1.000000
7264079.016653 7264079.016653 1.000000
7263471.951318 7263471.951318 1.000000
7263605.494823 7263605.494823 1.000000
7263745.362354 7263745.362354 1.000000
7263802.679974 7263802.679974 1.000000
7264025.516186 7264025.516186 1.000000
7264923.641873 7264923.641873 1.000000
7265634.906134 7265634.906134 1.000000
7266161.739377 7266161.739377 1.000000
7265771.012041 7265771.012041 1.000000
7265891.157435 7265891.157435 1.000000
7266081.555737 7266081.555737 1.000000
7265859.460236 7265859.460236 1.000000
7264886.345485 7264886.345485 1.000000
7265136.310485 7265136.310485 1.000000
7265295.614154 7265295.614154 1.000000
7265155.791146 7265155.791146 1.000000
7264868.431931 7264868.431931 1.000000
7265091.889570 7265091.889570 1.000000
7264688.853406 7264688.853406 1.000000
7264998.802832 7264998.802832 1.000000
7264658.285437 7264658.285437 1.000000
7264151.981154 7264151.981154 1.000000
7263757.333167 7263757.333167 1.000000
7263933.036968 7263933.036968 1.000000
7264075.850465 7264075.850465 1.000000
7264360.704453 7264360.704453 1.000000
7264662.418530 7264662.418530 1.000000
7265159.777076 7265159.777076 1.000000
7265053.571762 7265053.571762 1.000000
7264755.964225 7264755.964225 1.000000
7264646.052393 7264646.052393 1.000000
7264889.275802 7264889.275802 1.000000
7265035.804753 7265035.804753 1.000000
7264787.446327 7264787.446327 1.000000
7265008.700849 7265008.700849 1.000000
7264701.956878 7264701.956878 1.000000
7264915.671074 7264915.671074 1.000000
7264662.747958 7264662.747958 1.000000
7264903.567307 7264903.567307 1.000000
7265287.671017 7265287.671017 1.000000
7265164.883376 7265164.883376 1.000000
7265414.492283 7265414.492283 1.000000
7265313.856880 7265313.856880 1.000000
7264967.105502 7264967.105502 1.000000
7264651.213323 7264651.213323 1.000000
7264995.951547 7264995.951547 1.000000
7265182.576245 7265182.576245 1.000000
7265769.266758 7265769.266758 1.000000
7265647.181820 7265647.181820 1.000000
7265525.895202 7265525.895202 1.000000
7264963.518126 7264963.518126 1.000000
7264863.327977 7264863.327977 1.000000
7264118.229437 7264118.229437 1.000000
7264250.213455 7264250.213455 1.000000
7264321.824815 7264321.824815 1.000000
7264351.396496 7264351.396496 1.000000
7264972.815378 7264972.815378 1.000000
7264126.543321 7264126.543321 1.000000
7263827.720494 7263827.720494 1.000000
7264158.568353 7264158.568353 1.000000
7264753.390787 7264753.390787 1.000000
7264641.840207 7264641.840207 1.000000
7265587.160379 7265587.160379 1.000000
7265243.492961 7265243.492961 1.000000
7265561.035839 7265561.035839 1.000000
7265424.045103 7265424.045103 1.000000
7266015.453247 7266015.453247 1.000000
7266607.640713 7266607.640713 1.000000
7266762.438904 7266762.438904 1.000000
7266441.690519 7266441.690519 1.000000
7266479.371169 7266479.371169 1.000000
7265764.024184 7265764.024184 1.000000
7266028.887478 7266028.887478 1.000000
7266033.449118 7266033.449118 1.000000
7265995.771827 7265995.771827 1.000000
7266585.341520 7266585.341520 1.000000
7266929.614456 7266929.614456 1.000000
7267382.696337 7267382.696337 1.000000
7267997.477206 7267997.477206 1.000000
7267815.486213 7267815.486213 1.000000
7266929.580092 7266929.580092 1.000000
7266606.254418 7266606.254418 1.000000
7267131.375608 7267131.375608 1.000000
7267100.594458 7267100.594458 1.000000
7266463.504084 7266463.504084 1.000000
7266752.800665 7266752.800665 1.000000
7266809.837677 7266809.837677 1.000000
7266453.166957 7266453.166957 1.000000
7266289.760557 7266289.760557 1.000000
7266395.122167 7266395.122167 1.000000
7266383.524469 7266383.524469 1.000000
7266530.994159 7266530.994159 1.000000
7267122.524610 7267122.524610 1.000000
7267281.784948 7267281.784948 1.000000
7267195.075076 7267195.075076 1.000000
7267043.177842 7267043.177842 1.000000
7266601.796813 7266601.796813 1.000000
7266362.237667 7266362.237667 1.000000
7265833.185661 7265833.185661 1.000000
7265129.901966 7265129.901966 1.000000
7265025.311805 7265025.311805 1.000000
7265552.178037 7265552.178037 1.000000
7265015.182191 7265015.182191 1.000000
7264936.130257 7264936.130257 1.000000
7264756.767411 7264756.767411 1.000000
7264779.751657 7264779.751657 1.000000
7265241.538136 7265241.538136 1.000000
7265207.194796 7265207.194796 1.000000
7264978.952755 7264978.952755 1.000000
7265022.134418 7265022.134418 1.000000
7265518.925115 7265518.925115 1.000000
7265137.805375 7265137.805375 1.000000
7265260.727690 7265260.727690 1.000000
7265750.123990 7265750.123990 1.000000
7265824.628451 7265824.628451 1.000000
7265290.539704 7265290.539704 1.000000
7265400.896852 7265400.896852 1.000000
7264684.801784 7264684.801784 1.000000
7264167.509546 7264167.509546 1.000000
7264285.252334 7264285.252334 1.000000
7264390.284592 7264390.284592 1.000000
7263465.877384 7263465.877384 1.000000
7263622.318316 7263622.318316 1.000000
7262849.429253 7262849.429253 1.000000
7262981.992948 7262981.992948 1.000000
7262852.587520 7262852.587520 1.000000
7262991.241000 7262991.241000 1.000000
7263087.389513 7263087.389513 1.000000
7262732.062639 7262732.062639 1.000000
7263172.475230 7263172.475230 1.000000
7263577.644095 7263577.644095 1.000000
7264425.210706 7264425.210706 1.000000
7265116.905993 7265116.905993 1.000000
7265065.670842 7265065.670842 1.000000
7265052.924852 7265052.924852 1.000000
7265925.405474 7265925.405474 1.000000
7266275.234690 7266275.234690 1.000000
7267017.584084 7267017.584084 1.000000
7267127.528430 7267127.528430 1.000000
7266413.515082 7266413.515082 1.000000
7266600.224924 7266600.224924 1.000000
7267163.872530 7267163.872530 1.000000
7267096.453058 7267096.453058 1.000000
7266542.185357 7266542.185357 1.000000
7267080.457784 7267080.457784 1.000000
7267238.933186 7267238.933186 1.000000
7266953.447826 7266953.447826 1.000000
7266968.231511 7266968.231511 1.000000
7267349.914399 7267349.914399 1.000000
7266955.057633 7266955.057633 1.000000
7266483.036720 7266483.036720 1.000000
7265763.290621 7265763.290621 1.000000
7265199.676736 7265199.676736 1.000000
7266098.332958 7266098.332958 1.000000
7266018.203803 7266018.203803 1.000000
7266085.499108 7266085.499108 1.000000
7266980.566910 7266980.566910 1.000000
7266849.573216 7266849.573216 1.000000
7266165.367767 7266165.367767 1.000000
7266492.124702 7266492.124702 1.000000
7266898.459801 7266898.459801 1.000000
7267498.706249 7267498.706249 1.000000
7267492.425327 7267492.425327 1.000000
7267848.926563 7267848.926563 1.000000
7268134.911174 7268134.911174 1.000000
7268056.967190 7268056.967190 1.000000
7267877.079072 7267877.079072 1.000000
7267586.304265 7267586.304265 1.000000
7266801.434887 7266801.434887 1.000000
7266673.854125 7266673.854125 1.000000
7266739.841162 7266739.841162 1.000000
7266841.847333 7266841.847333 1.000000
7267452.119380 7267452.119380 1.000000
7267662.206396 7267662.206396 1.000000
7267821.222062 7267821.222062 1.000000
7268246.802200 7268246.802200 1.000000
7268885.946944 7268885.946944 1.000000
7269571.391144 7269571.391144 1.000000
7268743.093206 7268743.093206 1.000000
7267926.998454 7267926.998454 1.000000
7268387.251753 7268387.251753 1.000000
7268246.145512 7268246.145512 1.000000
7267313.803818 7267313.803818 1.000000
7267883.808420 7267883.808420 1.000000
7267798.835850 7267798.835850 1.000000
7266845.444613 7266845.444613 1.000000
7266536.944759 7266536.944759 1.000000
7266006.882931 7266006.882931 1.000000
7265555.486478 7265555.486478 1.000000
7265698.070158 7265698.070158 1.000000
7266324.480095 7266324.480095 1.000000
7265464.305916 7265464.305916 1.000000
7265260.099459 7265260.099459 1.000000
7265430.379339 7265430.379339 1.000000
7265480.979590 7265480.979590 1.000000
7264923.242176 7264923.242176 1.000000
7265145.696966 7265145.696966 1.000000
7264759.017401 7264759.017401 1.000000
7265023.193947 7265023.193947 1.000000
7265253.685100 7265253.685100 1.000000
7265536.658113 7265536.658113 1.000000
7265705.426086 7265705.426086 1.000000
7265595.279613 7265595.279613 1.000000
7265744.296782 7265744.296782 1.000000
7265330.677375 7265330.677375 1.000000
7264720.227850 7264720.227850 1.000000
7264483.379633 7264483.379633 1.000000
7264052.107569 7264052.107569 1.000000
7263113.980564 7263113.980564 1.000000
7263328.556067 7263328.556067 1.000000
7263151.657512 7263151.657512 1.000000
7263339.623005 7263339.623005 1.000000
7264270.695860 7264270.695860 1.000000
7264102.562138 7264102.562138 1.000000
7263832.014633 7263832.014633 1.000000
7264514.129105 7264514.129105 1.000000
7264826.406707 7264826.406707 1.000000
7264864.730705 7264864.730705 1.000000
7265066.760049 7265066.760049 1.000000
7265607.635995 7265607.635995 1.000000
7265796.562181 7265796.562181 1.000000
7265931.279526 7265931.279526 1.000000
7265806.021147 7265806.021147 1.000000
7265616.917767 7265616.917767 1.000000
7265347.645989 7265347.645989 1.000000
7265569.448789 7265569.448789 1.000000
7265703.061885 7265703.061885 1.000000
7265992.408895 7265992.408895 1.000000
7265720.446370 7265720.446370 1.000000
7266047.048713 7266047.048713 1.000000
7266289.508019 7266289.508019 1.000000
7265925.599735 7265925.599735 1.000000
7265603.202874 7265603.202874 1.000000
7266124.035594 7266124.035594 1.000000
7266615.703947 7266615.703947 1.000000
7267042.570358 7267042.570358 1.000000
7267250.030487 7267250.030487 1.000000
7266832.744261 7266832.744261 1.000000
7267732.482725 7267732.482725 1.000000
7267439.623861 7267439.623861 1.000000
7267670.561919 7267670.561919 1.000000
7267031.185519 7267031.185519 1.000000
7266432.044868 7266432.044868 1.000000
7266160.351032 7266160.351032 1.000000
7265732.887152 7265732.887152 1.000000
7265873.731539 7265873.731539 1.000000
7265977.352419 7265977.352419 1.000000
7265030.853271 7265030.853271 1.000000
7265757.124124 7265757.124124 1.000000
7265858.695341 7265858.695341 1.000000
7266531.353840 7266531.353840 1.000000
7266324.890058 7266324.890058 1.000000
7267147.795212 7267147.795212 1.000000
7267775.715869 7267775.715869 1.000000
7267961.645779 7267961.645779 1.000000
7268906.691885 7268906.691885 1.000000
7268751.249202 7268751.249202 1.000000
7268902.418265 7268902.418265 1.000000
7269021.275910 7269021.275910 1.000000
7268591.930414 7268591.930414 1.000000
7268779.319921 7268779.319921 1.000000
7269129.978569 7269129.978569 1.000000
7269619.492336 7269619.492336 1.000000
7269268.194774 7269268.194774 1.000000
7268583.017359 7268583.017359 1.000000
7267896.969979 7267896.969979 1.000000
7267224.765534 7267224.765534 1.000000
7266802.425506 7266802.425506 1.000000
7266886.631893 7266886.631893 1.000000
7267370.500380 7267370.500380 1.000000
7267058.008421 7267058.008421 1.000000
7267896.716643 7267896.716643 1.000000
7268031.386476 7268031.386476 1.000000
7268212.558664 7268212.558664 1.000000
7268921.496283 7268921.496283 1.000000
7268670.006814 7268670.006814 1.000000
7268414.303662 7268414.303662 1.000000
7268723.231420 7268723.231420 1.000000
7268833.208184 7268833.208184 1.000000
7268573.381086 7268573.381086 1.000000
7268792.603286 7268792.603286 1.000000
7269022.198894 7269022.198894 1.000000
7269478.681323 7269478.681323 1.000000
7269746.046546 7269746.046546 1.000000
7269576.017954 7269576.017954 1.000000
7269904.402404 7269904.402404 1.000000
7269565.526362 7269565.526362 1.000000
7269962.528925 7269962.528925 1.000000
7270238.558470 7270238.558470 1.000000
7270730.841951 7270730.841951 1.000000
7270360.542364 7270360.542364 1.000000
7269938.871362 7269938.871362 1.000000
7269522.273269 7269522.273269 1.000000
7269715.762583 7269715.762583 1.000000
7269409.780223 7269409.780223 1.000000
7269294.504471 7269294.504471 1.000000
7269042.403203 7269042.403203 1.000000
7268516.539977 7268516.539977 1.000000
7268626.057331 7268626.057331 1.000000
7268231.673692 7268231.673692 1.000000
7268368.997182 7268368.997182 1.000000
7268527.133639 7268527.133639 1.000000
7267729.702691 7267729.702691 1.000000
7267912.642399 7267912.642399 1.000000
7268497.212806 7268497.212806 1.000000
7267849.137052 7267849.137052 1.000000
7267776.954094 7267776.954094 1.000000
7267277.542761 7267277.542761 1.000000
7266589.009075 7266589.009075 1.000000
7266080.912069 7266080.912069 1.000000
7266417.684996 7266417.684996 1.000000
7265975.400949 7265975.400949 1.000000
7266532.492281 7266532.492281 1.000000
7266424.279343 7266424.279343 1.000000
7266577.277140 7266577.277140 1.000000
7266363.711538 7266363.711538 1.000000
7266716.781464 7266716.781464 1.000000
7266967.799997 7266967.799997 1.000000
7266818.633496 7266818.633496 1.000000
7266242.461120 7266242.461120 1.000000
7265829.651657 7265829.651657 1.000000
7265267.791083 7265267.791083 1.000000
7264977.145332 7264977.145332 1.000000
7265358.825995 7265358.825995 1.000000
7265833.253992 7265833.253992 1.000000
7266084.335301 7266084.335301 1.000000
7265959.596120 7265959.596120 1.000000
7265436.583870 7265436.583870 1.000000
7265810.211119 7265810.211119 1.000000
7265610.509412 7265610.509412 1.000000
7266365.947084 7266365.947084 1.000000
7266517.135595 7266517.135595 1.000000
7266206.308841 7266206.308841 1.000000
7266528.455854 7266528.455854 1.000000
7266400.714361 7266400.714361 1.000000
7265653.816201 7265653.816201 1.000000
7265068.161355 7265068.161355 1.000000
7265771.669866 7265771.669866 1.000000
7265261.918785 7265261.918785 1.000000
7265971.487056 7265971.487056 1.000000
7265190.584964 7265190.584964 1.000000
7265303.119644 7265303.119644 1.000000
7265711.307594 7265711.307594 1.000000
7265984.824587 7265984.824587 1.000000
7266704.546592 7266704.546592 1.000000
7266948.016790 7266948.016790 1.000000
7267284.111132 7267284.111132 1.000000
7267774.569076 7267774.569076 1.000000
7267972.375494 7267972.375494 1.000000
7268610.891125 7268610.891125 1.000000
7268739.116574 7268739.116574 1.000000
7268336.604231 7268336.604231 1.000000
7268603.062485 7268603.062485 1.000000
7268770.956092 7268770.956092 1.000000
7268543.450900 7268543.450900 1.000000
7268875.120730 7268875.120730 1.000000
7268523.686357 7268523.686357 1.000000
7269304.346569 7269304.346569 1.000000
7269748.998999 7269748.998999 1.000000
7269433.686321 7269433.686321 1.000000
7268657.820714 7268657.820714 1.000000
7268389.675251 7268389.675251 1.000000
7268572.100525 7268572.100525 1.000000
7268269.948584 7268269.948584 1.000000
7268375.436282 7268375.436282 1.000000
7268659.825395 7268659.825395 1.000000
7268435.544015 7268435.544015 1.000000
7268336.303907 7268336.303907 1.000000
7268548.057651 7268548.057651 1.000000
7268746.912198 7268746.912198 1.000000
7268848.539402 7268848.539402 1.000000
7269152.668864 7269152.668864 1.000000
7268959.732846 7268959.732846 1.000000
7268723.722390 7268723.722390 1.000000
7268909.677089 7268909.677089 1.000000
7268601.193783 7268601.193783 1.000000
7268424.707764 7268424.707764 1.000000
7267592.170294 7267592.170294 1.000000
7267785.324862 7267785.324862 1.000000
7267430.437835 7267430.437835 1.000000
7267200.614209 7267200.614209 1.000000
7266981.242951 7266981.242951 1.000000
7266656.357325 7266656.357325 1.000000
7266387.318979 7266387.318979 1.000000
7266838.158809 7266838.158809 1.000000
7267056.435774 7267056.435774 1.000000
7266637.047943 7266637.047943 1.000000
7266275.986892 7266275.986892 1.000000
7266425.878154 7266425.878154 1.000000
7266901.340774 7266901.340774 1.000000
7267132.244494 7267132.244494 1.000000
7266782.698059 7266782.698059 1.000000
7266937.302513 7266937.302513 1.000000
7266749.462390 7266749.462390 1.000000
7266973.974780 7266973.974780 1.000000
7266517.903666 7266517.903666 1.000000
7266406.064829 7266406.064829 1.000000
7266686.898317 7266686.898317 1.000000
7266793.283204 7266793.283204 1.000000
7267240.171807 7267240.171807 1.000000
7267835.985299 7267835.985299 1.000000
7268006.324906 7268006.324906 1.000000
7268243.558899 7268243.558899 1.000000
7267340.124629 7267340.124629 1.000000
7268205.177099 7268205.177099 1.000000
7267605.992006 7267605.992006 1.000000
7267774.913316 7267774.913316 1.000000
7268738.687668 7268738.687668 1.000000
7269459.190050 7269459.190050 1.000000
7269858.554935 7269858.554935 1.000000
7270142.544353 7270142.544353 1.000000
7271026.079211 7271026.079211 1.000000
7271063.716260 7271063.716260 1.000000
7271225.160063 7271225.160063 1.000000
7271017.360050 7271017.360050 1.000000
7271361.436213 7271361.436213 1.000000
7271469.932097 7271469.932097 1.000000
7271203.026599 7271203.026599 1.000000
7271095.272766 7271095.272766 1.000000
7271028.249812 7271028.249812 1.000000
7270609.528739 7270609.528739 1.000000
7271102.281518 7271102.281518 1.000000
7271136.803472 7271136.803472 1.000000
7270951.821843 7270951.821843 1.000000
7270833.054034 7270833.054034 1.000000
7270803.506407 7270803.506407 1.000000
7270999.973141 7270999.973141 1.000000
7270207.382906 7270207.382906 1.000000
7269844.538606 7269844.538606 1.000000
7270081.112805 7270081.112805 1.000000
7269635.989130 7269635.989130 1.000000
7269410.818943 7269410.818943 1.000000
7268985.437608 7268985.437608 1.000000
7269470.879945 7269470.879945 1.000000
7269671.257515 7269671.257515 1.000000
7269789.723979 7269789.723979 1.000000
7269501.193645 7269501.193645 1.000000
7269645.981615 7269645.981615 1.000000
7270149.901594 7270149.901594 1.000000
7269801.711168 7269801.711168 1.000000
7269331.741243 7269331.741243 1.000000
7269589.777218 7269589.777218 1.000000
7269370.425323 7269370.425323 1.000000
7269258.341033 7269258.341033 1.000000
7269295.399658 7269295.399658 1.000000
7269488.097859 7269488.097859 1.000000
7269379.913164 7269379.913164 1.000000
7268989.819837 7268989.819837 1.000000
7269290.844687 7269290.844687 1.000000
7269489.013758 7269489.013758 1.000000
7269891.861497 7269891.861497 1.000000
7269618.961640 7269618.961640 1.000000
7268904.881137 7268904.881137 1.000000
7269120.238821 7269120.238821 1.000000
7269723.259592 7269723.259592 1.000000
7269215.806070 7269215.806070 1.000000
7269270.841333 7269270.841333 1.000000
7269318.788332 7269318.788332 1.000000
7269395.414056 7269395.414056 1.000000
7269151.981176 7269151.981176 1.000000
7269121.138675 7269121.138675 1.000000
7268707.972978 7268707.972978 1.000000
7268204.084159 7268204.084159 1.000000
7268295.529591 7268295.529591 1.000000
7269108.859534 7269108.859534 1.000000
7268117.791069 7268117.791069 1.000000
7268883.939323 7268883.939323 1.000000
7269851.838376 7269851.838376 1.000000
7269732.927739 7269732.927739 1.000000
7270274.781449 7270274.781449 1.000000
7270788.024029 7270788.024029 1.000000
7270042.319612 7270042.319612 1.000000
7270737.730499 7270737.730499 1.000000
7270110.259652 7270110.259652 1.000000
7270685.156651 7270685.156651 1.000000
7270380.544634 7270380.544634 1.000000
7270229.918329 7270229.918329 1.000000
7269619.292743 7269619.292743 1.000000
7269522.356134 7269522.356134 1.000000
7269564.549235 7269564.549235 1.000000
7269893.189529 7269893.189529 1.000000
7270089.961588 7270089.961588 1.000000
7270966.959883 7270966.959883 1.000000
7271136.261806 7271136.261806 1.000000
7270280.219414 7270280.219414 1.000000
7270511.710942 7270511.710942 1.000000
7270050.636701 7270050.636701 1.000000
7269921.580184 7269921.580184 1.000000
7270047.031256 7270047.031256 1.000000
7270284.310591 7270284.310591 1.000000
7270589.829659 7270589.829659 1.000000
7270092.017821 7270092.017821 1.000000
7270376.143083 7270376.143083 1.000000
7269985.891875 7269985.891875 1.000000
7270162.186154 7270162.186154 1.000000
7270326.692979 7270326.692979 1.000000
7270439.262306 7270439.262306 1.000000
7270584.947937 7270584.947937 1.000000
7270408.157960 7270408.157960 1.000000
7270173.745157 7270173.745157 1.000000
7270466.460972 7270466.460972 1.000000
7270539.321408 7270539.321408 1.000000
7269904.588994 7269904.588994 1.000000
7269273.687550 7269273.687550 1.000000
7270086.516085 7270086.516085 1.000000
7269521.600852 7269521.600852 1.000000
7268799.920307 7268799.920307 1.000000
7269055.739735 7269055.739735 1.000000
7269698.445454 7269698.445454 1.000000
7270226.564302 7270226.564302 1.000000
7270441.569495 7270441.569495 1.000000
7270280.597947 7270280.597947 1.000000
7270134.352394 7270134.352394 1.000000
7270333.775602 7270333.775602 1.000000
7270196.450435 7270196.450435 1.000000
7270237.931522 7270237.931522 1.000000
7270393.310221 7270393.310221 1.000000
7270938.060424 7270938.060424 1.000000
7271084.588645 7271084.588645 1.000000
7270888.939244 7270888.939244 1.000000
7270495.977376 7270495.977376 1.000000
7270511.388961 7270511.388961 1.000000
7270686.726603 7270686.726603 1.000000
7270408.447823 7270408.447823 1.000000
7270546.060592 7270546.060592 1.000000
7270372.275305 7270372.275305 1.000000
7270714.012780 7270714.012780 1.000000
7270457.720192 7270457.720192 1.000000
7270665.120710 7270665.120710 1.000000
7271221.523739 7271221.523739 1.000000
7271991.937298 7271991.937298 1.000000
7272488.197974 7272488.197974 1.000000
7272513.030558 7272513.030558 1.000000
7272582.316059 7272582.316059 1.000000
7272843.106824 7272843.106824 1.000000
7272649.806224 7272649.806224 1.000000
7272495.142380 7272495.142380 1.000000
7272495.821201 7272495.821201 1.000000
7272584.190295 7272584.190295 1.000000
7272893.807590 7272893.807590 1.000000
7272539.204551 7272539.204551 1.000000
7272652.812308 7272652.812308 1.000000
7272477.857499 7272477.857499 1.000000
7271865.795451 7271865.795451 1.000000
7272059.263465 7272059.263465 1.000000
7272221.775890 7272221.775890 1.000000
7272096.341609 7272096.341609 1.000000
7272952.805606 7272952.805606 1.000000
7272818.698537 7272818.698537 1.000000
7273087.521424 7273087.521424 1.000000
7273018.799348 7273018.799348 1.000000
7272909.204945 7272909.204945 1.000000
7272066.861056 7272066.861056 1.000000
7271916.970726 7271916.970726 1.000000
7271149.752319 7271149.752319 1.000000
7271186.984654 7271186.984654 1.000000
7271493.857592 7271493.857592 1.000000
7271532.539925 7271532.539925 1.000000
7271545.325945 7271545.325945 1.000000
7271647.334312 7271647.334312 1.000000
7271420.639724 7271420.639724 1.000000
7271090.204369 7271090.204369 1.000000
7271527.936511 7271527.936511 1.000000
7271986.203654 7271986.203654 1.000000
7272197.478678 7272197.478678 1.000000
7272016.881891 7272016.881891 1.000000
7271760.570048 7271760.570048 1.000000
7271894.628573 7271894.628573 1.000000
7271060.839542 7271060.839542 1.000000
7271996.950120 7271996.950120 1.000000
7272313.225940 7272313.225940 1.000000
7272611.678884 7272611.678884 1.000000
7272754.844394 7272754.844394 1.000000
7272882.642462 7272882.642462 1.000000
7273801.800959 7273801.800959 1.000000
7274518.610086 7274518.610086 1.000000
7274234.123909 7274234.123909 1.000000
7274714.593135 7274714.593135 1.000000
7273931.184256 7273931.184256 1.000000
7273777.882858 7273777.882858 1.000000
7274522.654365 7274522.654365 1.000000
7274420.183256 7274420.183256 1.000000
7275380.136441 7275380.136441 1.000000
7274813.610850 7274813.610850 1.000000
7275785.681329 7275785.681329 1.000000
7275300.124538 7275300.124538 1.000000
7275952.919607 7275952.919607 1.000000
7276018.828704 7276018.828704 1.000000
7276200.139119 7276200.139119 1.000000
7276263.690217 7276263.690217 1.000000
7275522.605986 7275522.605986 1.000000
7274799.723406 7274799.723406 1.000000
7274783.290644 7274783.290644 1.000000
7275103.933488 7275103.933488 1.000000
7275600.292708 7275600.292708 1.000000
7276100.224378 7276100.224378 1.000000
7275832.723773 7275832.723773 1.000000
7275485.561885 7275485.561885 1.000000
7275358.090806 7275358.090806 1.000000
7275248.064061 7275248.064061 1.000000
7274676.349956 7274676.349956 1.000000
7274946.100778 7274946.100778 1.000000
7274674.995088 7274674.995088 1.000000
7273993.470333 7273993.470333 1.000000
7274108.400080 7274108.400080 1.000000
7274264.902081 7274264.902081 1.000000
7274616.242394 7274616.242394 1.000000
7274304.835399 7274304.835399 1.000000
7274026.762377 7274026.762377 1.000000
7274200.406958 7274200.406958 1.000000
7273755.126749 7273755.126749 1.000000
7273450.331808 7273450.331808 1.000000
7273470.451344 7273470.451344 1.000000
7273893.128229 7273893.128229 1.000000
7273960.799264 7273960.799264 1.000000
7273357.789567 7273357.789567 1.000000
7272962.151637 7272962.151637 1.000000
7272585.857884 7272585.857884 1.000000
7271996.327677 7271996.327677 1.000000
7271678.529742 7271678.529742 1.000000
7272671.094570 7272671.094570 1.000000
7272540.136039 7272540.136039 1.000000
7271883.293899 7271883.293899 1.000000
7272140.801845 7272140.801845 1.000000
7273016.837646 7273016.837646 1.000000
7273029.729293 7273029.729293 1.000000
7272597.429850 7272597.429850 1.000000
7272873.065199 7272873.065199 1.000000
7273119.026312 7273119.026312 1.000000
7272717.915250 7272717.915250 1.000000
7273276.425950 7273276.425950 1.000000
7273133.111898 7273133.111898 1.000000
7273147.607745 7273147.607745 1.000000
7272673.304938 7272673.304938 1.000000
7272447.044749 7272447.044749 1.000000
7272472.116105 7272472.116105 1.000000
7272968.765211 7272968.765211 1.000000
7272096.028144 7272096.028144 1.000000
7272912.909218 7272912.909218 1.000000
7272488.658784 7272488.658784 1.000000
7271548.722488 7271548.722488 1.000000
7271966.051254 7271966.051254 1.000000
7271204.595941 7271204.595941 1.000000
7272139.454558 7272139.454558 1.000000
7271473.230458 7271473.230458 1.000000
7271969.212775 7271969.212775 1.000000
7272095.025942 7272095.025942 1.000000
7272342.175804 7272342.175804 1.000000
7272271.515463 7272271.515463 1.000000
7272711.274586 7272711.274586 1.000000
7272595.857471 7272595.857471 1.000000
7272259.367927 7272259.367927 1.000000
7272633.863968 7272633.863968 1.000000
7271989.615621 7271989.615621 1.000000
7272309.943435 7272309.943435 1.000000
7273078.956225 7273078.956225 1.000000
7272141.092279 7272141.092279 1.000000
7271558.063542 7271558.063542 1.000000
7271970.062532 7271970.062532 1.000000
7271937.626313 7271937.626313 1.000000
7271327.827216 7271327.827216 1.000000
7270908.923482 7270908.923482 1.000000
7271074.690735 7271074.690735 1.000000
7271474.602726 7271474.602726 1.000000
7271835.832998 7271835.832998 1.000000
7272403.863725 7272403.863725 1.000000
7272727.193211 7272727.193211 1.000000
7272468.047600 7272468.047600 1.000000
7272003.382856 7272003.382856 1.000000
7272227.922157 7272227.922157 1.000000
7272282.901755 7272282.901755 1.000000
7272507.891185 7272507.891185 1.000000
7272710.338333 7272710.338333 1.000000
7272636.644333 7272636.644333 1.000000
7272663.901362 7272663.901362 1.000000
7272508.419286 7272508.419286 1.000000
7272820.773123 7272820.773123 1.000000
7272813.436365 7272813.436365 1.000000
7273439.052126 7273439.052126 1.000000
7273737.078273 7273737.078273 1.000000
7273942.896023 7273942.896023 1.000000
7274141.300596 7274141.300596 1.000000
7273957.472292 7273957.472292 1.000000
7274447.544913 7274447.544913 1.000000
7274523.693647 7274523.693647 1.000000
7274192.965422 7274192.965422 1.000000
7274868.614518 7274868.614518 1.000000
7274535.647318 7274535.647318 1.000000
7274288.023061 7274288.023061 1.000000
7273826.944351 7273826.944351 1.000000
7273661.096236 7273661.096236 1.000000
7273559.979765 7273559.979765 1.000000
7272989.589853 7272989.589853 1.000000
7273198.222077 7273198.222077 1.000000
7272823.113713 7272823.113713 1.000000
7271852.358546 7271852.358546 1.000000
7271836.368905 7271836.368905 1.000000
7272299.702052 7272299.702052 1.000000
7271691.622354 7271691.622354 1.000000
7272094.686378 7272094.686378 1.000000
7271966.313586 7271966.313586 1.000000
7272068.727921 7272068.727921 1.000000
7272856.887645 7272856.887645 1.000000
7272822.747997 7272822.747997 1.000000
7272810.946348 7272810.946348 1.000000
7272675.375240 7272675.375240 1.000000
7272609.025128 7272609.025128 1.000000
7272395.726906 7272395.726906 1.000000
7271851.843563 7271851.843563 1.000000
7271936.199184 7271936.199184 1.000000
7271126.975312 7271126.975312 1.000000
7270210.447116 7270210.447116 1.000000
7271077.892539 7271077.892539 1.000000
7271763.725114 7271763.725114 1.000000
7271661.272060 7271661.272060 1.000000
7270954.545258 7270954.545258 1.000000
7270850.490641 7270850.490641 1.000000
7270273.545080 7270273.545080 1.000000
7270215.779242 7270215.779242 1.000000
7269496.022049 7269496.022049 1.000000
7269971.674994 7269971.674994 1.000000
7270374.570001 7270374.570001 1.000000
7270511.970137 7270511.970137 1.000000
7270921.990194 7270921.990194 1.000000
7271522.856950 7271522.856950 1.000000
7270973.257387 7270973.257387 1.000000
7270551.153412 7270551.153412 1.000000
7270699.769513 7270699.769513 1.000000
7271389.023498 7271389.023498 1.000000
7271104.897219 7271104.897219 1.000000
7271491.419460 7271491.419460 1.000000
7272231.430773 7272231.430773 1.000000
7271866.269702 7271866.269702 1.000000
7271824.694918 7271824.694918 1.000000
7271561.424644 7271561.424644 1.000000
7271648.739465 7271648.739465 1.000000
7271477.367456 7271477.367456 1.000000
7271945.781315 7271945.781315 1.000000
7271288.079987 7271288.079987 1.000000
7271939.164473 7271939.164473 1.000000
7272048.651318 7272048.651318 1.000000
7272478.720295 7272478.720295 1.000000
7271722.546359 7271722.546359 1.000000
7271157.124751 7271157.124751 1.000000
7270856.762957 7270856.762957 1.000000
7270766.526086 7270766.526086 1.000000
7270946.113765 7270946.113765 1.000000
7271660.940368 7271660.940368 1.000000
7272489.648161 7272489.648161 1.000000
7272710.403661 7272710.403661 1.000000
7272633.120245 7272633.120245 1.000000
7272763.123952 7272763.123952 1.000000
7273284.481670 7273284.481670 1.000000
7272396.617236 7272396.617236 1.000000
7272333.102080 7272333.102080 1.000000
7272875.797736 7272875.797736 1.000000
7273160.687429 7273160.687429 1.000000
7272763.696592 7272763.696592 1.000000
7272276.170515 7272276.170515 1.000000
7272960.922844 7272960.922844 1.000000
7273749.359031 7273749.359031 1.000000
7273613.926319 7273613.926319 1.000000
7273705.340921 7273705.340921 1.000000
7273919.479290 7273919.479290 1.000000
7274325.245340 7274325.245340 1.000000
7274536.571253 7274536.571253 1.000000
7274586.534044 7274586.534044 1.000000
7274558.317765 7274558.317765 1.000000
7274685.854293 7274685.854293 1.000000
7274635.450991 7274635.450991 1.000000
7274404.453213 7274404.453213 1.000000
7274929.842433 7274929.842433 1.000000
7275011.128528 7275011.128528 1.000000
7274972.044411 7274972.044411 1.000000
7274751.306382 7274751.306382 1.000000
7274826.146976 7274826.146976 1.000000
7274756.338506 7274756.338506 1.000000
7274673.586909 7274673.586909 1.000000
7274839.876772 7274839.876772 1.000000
7274658.483662 7274658.483662 1.000000
7273944.701679 7273944.701679 1.000000
7274242.070238 7274242.070238 1.000000
7274812.215899 7274812.215899 1.000000
7274180.547476 7274180.547476 1.000000
7274324.713237 7274324.713237 1.000000
7274330.649241 7274330.649241 1.000000
7274619.020789 7274619.020789 1.000000
7274734.866635 7274734.866635 1.000000
7274747.110544 7274747.110544 1.000000
7274927.791283 7274927.791283 1.000000
7274909.266016 7274909.266016 1.000000
7275405.479915 7275405.479915 1.000000
7276080.530029 7276080.530029 1.000000
7276024.491902 7276024.491902 1.000000
7275857.072938 7275857.072938 1.000000
7275080.191284 7275080.191284 1.000000
7274960.146548 7274960.146548 1.000000
7274843.511535 7274843.511535 1.000000
7275216.639185 7275216.639185 1.000000
7275118.084890 7275118.084890 1.000000
7274663.720995 7274663.720995 1.000000
7274811.814128 7274811.814128 1.000000
7274250.182880 7274250.182880 1.000000
7273743.123489 7273743.123489 1.000000
7274318.083328 7274318.083328 1.000000
7274542.216641 7274542.216641 1.000000
7274255.365096 7274255.365096 1.000000
7273555.530942 7273555.530942 1.000000
7272667.274959 7272667.274959 1.000000
7272341.815900 7272341.815900 1.000000
7271994.065773 7271994.065773 1.000000
7271664.056976 7271664.056976 1.000000
7271548.844068 7271548.844068 1.000000
7271014.679789 7271014.679789 1.000000
7270827.425209 7270827.425209 1.000000
7270725.621958 7270725.621958 1.000000
7270988.130730 7270988.130730 1.000000
7271187.870700 7271187.870700 1.000000
7272028.440072 7272028.440072 1.000000
7272491.529410 7272491.529410 1.000000
7273043.104643 7273043.104643 1.000000
7272868.716219 7272868.716219 1.000000
7272941.860936 7272941.860936 1.000000
7273133.168979 7273133.168979 1.000000
7273420.477686 7273420.477686 1.000000
7273791.264099 7273791.264099 1.000000
7273843.974070 7273843.974070 1.000000
7274246.670388 7274246.670388 1.000000
7274035.355152 7274035.355152 1.000000
7274196.114384 7274196.114384 1.000000
7274431.380207 7274431.380207 1.000000
7274751.376292 7274751.376292 1.000000
7275360.402407 7275360.402407 1.000000
7275692.507589 7275692.507589 1.000000
7275494.985193 7275494.985193 1.000000
7275287.841066 7275287.841066 1.000000
7275513.949420 7275513.949420 1.000000
7275639.915240 7275639.915240 1.000000
7276063.410501 7276063.410501 1.000000
7276587.565643 7276587.565643 1.000000
7277380.097693 7277380.097693 1.000000
7277807.261693 7277807.261693 1.000000
7277752.505576 7277752.505576 1.000000
7277742.941662 7277742.941662 1.000000
7277636.564903 7277636.564903 1.000000
7277522.262482 7277522.262482 1.000000
7277408.294877 7277408.294877 1.000000
7276918.294308 7276918.294308 1.000000
7276616.033669 7276616.033669 1.000000
7276284.410803 7276284.410803 1.000000
7275865.820473 7275865.820473 1.000000
7275576.666504 7275576.666504 1.000000
7274867.192070 7274867.192070 1.000000
7274209.265965 7274209.265965 1.000000
7273952.092006 7273952.092006 1.000000
7273262.103339 7273262.103339 1.000000
7272728.149009 7272728.149009 1.000000
7272579.413138 7272579.413138 1.000000
7272154.515288 7272154.515288 1.000000
7272753.826160 7272753.826160 1.000000
7272857.768316 7272857.768316 1.000000
7272949.912864 7272949.912864 1.000000
7272833.613336 7272833.613336 1.000000
7273446.405292 7273446.405292 1.000000
7273143.456975 7273143.456975 1.000000
7273393.772057 7273393.772057 1.000000
7274033.672515 7274033.672515 1.000000
7273990.037196 7273990.037196 1.000000
7273253.281370 7273253.281370 1.000000
7273257.013938 7273257.013938 1.000000
7273069.878822 7273069.878822 1.000000
7273118.417543 7273118.417543 1.000000
7272945.689473 7272945.689473 1.000000
7273089.668386 7273089.668386 1.000000
7273187.888313 7273187.888313 1.000000
7273697.702119 7273697.702119 1.000000
7274205.435761 7274205.435761 1.000000
7274483.145921 7274483.145921 1.000000
7275123.755203 7275123.755203 1.000000
7274744.891821 7274744.891821 1.000000
7274646.371166 7274646.371166 1.000000
7274718.462581 7274718.462581 1.000000
7273885.725565 7273885.725565 1.000000
7274009.101529 7274009.101529 1.000000
7274248.503842 7274248.503842 1.000000
7273816.320078 7273816.320078 1.000000
7273660.223551 7273660.223551 1.000000
7273470.803571 7273470.803571 1.000000
7273091.985181 7273091.985181 1.000000
7273123.223991 7273123.223991 1.000000
7273374.402193 7273374.402193 1.000000
7274009.833217 7274009.833217 1.000000
7273664.785767 7273664.785767 1.000000
7273539.750425 7273539.750425 1.000000
7273501.844745 7273501.844745 1.000000
7273390.980805 7273390.980805 1.000000
7273741.161968 7273741.161968 1.000000
7274228.769746 7274228.769746 1.000000
7274265.852495 7274265.852495 1.000000
7274558.079127 7274558.079127 1.000000
7274061.294227 7274061.294227 1.000000
7274264.126521 7274264.126521 1.000000
7273590.365961 7273590.365961 1.000000
7273841.260392 7273841.260392 1.000000
7273827.887814 7273827.887814 1.000000
7274056.063990 7274056.063990 1.000000
7273935.452262 7273935.452262 1.000000
7274440.663411 7274440.663411 1.000000
7273551.780811 7273551.780811 1.000000
7273617.286223 7273617.286223 1.000000
7274339.566641 7274339.566641 1.000000
7274408.938032 7274408.938032 1.000000
7273614.727701 7273614.727701 1.000000
7273978.745148 7273978.745148 1.000000
7274960.094407 7274960.094407 1.000000
7274617.765421 7274617.765421 1.000000
7273906.576307 7273906.576307 1.000000
7273522.312300 7273522.312300 1.000000
7273700.258248 7273700.258248 1.000000
7273829.920236 7273829.920236 1.000000
7273417.637273 7273417.637273 1.000000
7273595.164275 7273595.164275 1.000000
7273828.176208 7273828.176208 1.000000
7274153.159828 7274153.159828 1.000000
7274349.990630 7274349.990630 1.000000
7274369.255062 7274369.255062 1.000000
7274921.553678 7274921.553678 1.000000
7274749.711249 7274749.711249 1.000000
7275016.884284 7275016.884284 1.000000
7275003.224232 7275003.224232 1.000000
7275550.114590 7275550.114590 1.000000
7275130.136748 7275130.136748 1.000000
7274555.926723 7274555.926723 1.000000
7273979.827826 7273979.827826 1.000000
7273530.259424 7273530.259424 1.000000
7273097.253400 7273097.253400 1.000000
7272771.941226 7272771.941226 1.000000
7273418.447207 7273418.447207 1.000000
7273630.854470 7273630.854470 1.000000
7273366.548566 7273366.548566 1.000000
7273768.147132 7273768.147132 1.000000
7273949.751923 7273949.751923 1.000000
7274203.784371 7274203.784371 1.000000
7274203.498406 7274203.498406 1.000000
7274057.616632 7274057.616632 1.000000
7273853.186872 7273853.186872 1.000000
7273210.751990 7273210.751990 1.000000
7273503.050562 7273503.050562 1.000000
7274418.264939 7274418.264939 1.000000
7274518.370353 7274518.370353 1.000000
7274893.289559 7274893.289559 1.000000
7274244.540314 7274244.540314 1.000000
7274055.756389 7274055.756389 1.000000
7274269.817446 7274269.817446 1.000000
7273882.836087 7273882.836087 1.000000
7274100.240300 7274100.240300 1.000000
7274797.572826 7274797.572826 1.000000
7274942.922914 7274942.922914 1.000000
7275901.491072 7275901.491072 1.000000
7275740.917578 7275740.917578 1.000000
7275542.743303 7275542.743303 1.000000
7276029.749755 7276029.749755 1.000000
7275507.818963 7275507.818963 1.000000
7275808.044025 7275808.044025 1.000000
7275169.245312 7275169.245312 1.000000
7275111.274900 7275111.274900 1.000000
7274985.643174 7274985.643174 1.000000
7275407.940401 7275407.940401 1.000000
7275353.293870 7275353.293870 1.000000
7274752.805104 7274752.805104 1.000000
7273983.757902 7273983.757902 1.000000
7273262.560195 7273262.560195 1.000000
7272630.090196 7272630.090196 1.000000
7273096.332577 7273096.332577 1.000000
7273861.591151 7273861.591151 1.000000
7274394.151623 7274394.151623 1.000000
7273920.540126 7273920.540126 1.000000
7273138.282344 7273138.282344 1.000000
7274103.716517 7274103.716517 1.000000
7274557.206640 7274557.206640 1.000000
7274468.978625 7274468.978625 1.000000
7273535.461815 7273535.461815 1.000000
7273661.126543 7273661.126543 1.000000
7273610.737943 7273610.737943 1.000000
7273742.900540 7273742.900540 1.000000
7274555.332192 7274555.332192 1.000000
7274364.131851 7274364.131851 1.000000
7274468.988277 7274468.988277 1.000000
7274584.672897 7274584.672897 1.000000
7274998.445288 7274998.445288 1.000000
7275294.110448 7275294.110448 1.000000
7275533.038090 7275533.038090 1.000000
7275900.017493 7275900.017493 1.000000
7276454.140402 7276454.140402 1.000000
7276016.225167 7276016.225167 1.000000
7276401.677392 7276401.677392 1.000000
7277213.166087 7277213.166087 1.000000
7277080.073839 7277080.073839 1.000000
7276847.329034 7276847.329034 1.000000
7276963.457527 7276963.457527 1.000000
7277528.021826 7277528.021826 1.000000
7278234.825025 7278234.825025 1.000000
7278113.160641 7278113.160641 1.000000
7278001.110747 7278001.110747 1.000000
7277896.918564 7277896.918564 1.000000
7277163.942677 7277163.942677 1.000000
7276470.294539 7276470.294539 1.000000
7275855.902661 7275855.902661 1.000000
7275547.266966 7275547.266966 1.000000
7275400.262101 7275400.262101 1.000000
7274502.091835 7274502.091835 1.000000
7275493.980543 7275493.980543 1.000000
7274766.730499 7274766.730499 1.000000
7274740.825456 7274740.825456 1.000000
7274396.206263 7274396.206263 1.000000
7273763.142971 7273763.142971 1.000000
7274192.449539 7274192.449539 1.000000
7274309.755830 7274309.755830 1.000000
7274432.477812 7274432.477812 1.000000
7274543.653824 7274543.653824 1.000000
7273802.495063 7273802.495063 1.000000
7273693.476228 7273693.476228 1.000000
7273951.043099 7273951.043099 1.000000
7274226.650711 7274226.650711 1.000000
7273999.807325 7273999.807325 1.000000
7273818.852868 7273818.852868 1.000000
7274200.357740 7274200.357740 1.000000
7273366.707064 7273366.707064 1.000000
7273174.415779 7273174.415779 1.000000
7273599.087492 7273599.087492 1.000000
7273885.925298 7273885.925298 1.000000
7274215.150340 7274215.150340 1.000000
7273898.935936 7273898.935936 1.000000
7274163.471191 7274163.471191 1.000000
7274462.019430 7274462.019430 1.000000
7274314.875696 7274314.875696 1.000000
7274309.261955 7274309.261955 1.000000
7274000.040589 7274000.040589 1.000000
7274080.321517 7274080.321517 1.000000
7273962.735394 7273962.735394 1.000000
7273376.397938 7273376.397938 1.000000
7273653.533441 7273653.533441 1.000000
7273215.450552 7273215.450552 1.000000
7272963.531365 7272963.531365 1.000000
7272950.101040 7272950.101040 1.000000
7272148.729064 7272148.729064 1.000000
7272398.438373 7272398.438373 1.000000
7272510.987183 7272510.987183 1.000000
7272645.890598 7272645.890598 1.000000
7272440.918550 7272440.918550 1.000000
7273201.360164 7273201.360164 1.000000
7273959.135431 7273959.135431 1.000000
7274276.799654 7274276.799654 1.000000
7274108.547564 7274108.547564 1.000000
7274014.601406 7274014.601406 1.000000
7274623.885358 7274623.885358 1.000000
7274192.452745 7274192.452745 1.000000
7273932.490056 7273932.490056 1.000000
7273831.599951 7273831.599951 1.000000
7273715.096384 7273715.096384 1.000000
7272820.678065 7272820.678065 1.000000
7271987.536460 7271987.536460 1.000000
7271864.848082 7271864.848082 1.000000
7271087.663179 7271087.663179 1.000000
7271913.991774 7271913.991774 1.000000
7271079.596751 7271079.596751 1.000000
7271270.339661 7271270.339661 1.000000
7271046.229764 7271046.229764 1.000000
7270146.853214 7270146.853214 1.000000
7270208.262864 7270208.262864 1.000000
7269231.741940 7269231.741940 1.000000
7268824.637761 7268824.637761 1.000000
7268626.810110 7268626.810110 1.000000
7269205.787558 7269205.787558 1.000000
7268921.340278 7268921.340278 1.000000
7268781.299239 7268781.299239 1.000000
7268474.375268 7268474.375268 1.000000
7268360.479302 7268360.479302 1.000000
7268084.075683 7268084.075683 1.000000
7267258.188803 7267258.188803 1.000000
7267182.317911 7267182.317911 1.000000
7266777.087948 7266777.087948 1.000000
7267324.627995 7267324.627995 1.000000
7268126.103421 7268126.103421 1.000000
7267920.689011 7267920.689011 1.000000
7268292.170356 7268292.170356 1.000000
7267671.616107 7267671.616107 1.000000
7267168.704330 7267168.704330 1.000000
7266874.049730 7266874.049730 1.000000
7267202.133669 7267202.133669 1.000000
7266958.532268 7266958.532268 1.000000
7267171.845633 7267171.845633 1.000000
7266968.295131 7266968.295131 1.000000
7267097.658101 7267097.658101 1.000000
7266840.225657 7266840.225657 1.000000
7266204.706278 7266204.706278 1.000000
7266374.637855 7266374.637855 1.000000
7265852.653769 7265852.653769 1.000000
7265694.902133 7265694.902133 1.000000
7265912.225314 7265912.225314 1.000000
7266162.157271 7266162.157271 1.000000
7265825.993175 7265825.993175 1.000000
7266023.825794 7266023.825794 1.000000
7265877.673560 7265877.673560 1.000000
7266081.752541 7266081.752541 1.000000
7266740.312068 7266740.312068 1.000000
7267443.254473 7267443.254473 1.000000
7267636.702920 7267636.702920 1.000000
7268445.607565 7268445.607565 1.000000
7268648.589391 7268648.589391 1.000000
7269003.111247 7269003.111247 1.000000
7268011.363343 7268011.363343 1.000000
7268938.746232 7268938.746232 1.000000
7268806.356238 7268806.356238 1.000000
7269686.875613 7269686.875613 1.000000
7269758.230874 7269758.230874 1.000000
7270216.162276 7270216.162276 1.000000
7270444.539100 7270444.539100 1.000000
7270689.620247 7270689.620247 1.000000
7269986.635790 7269986.635790 1.000000
7270014.230948 7270014.230948 1.000000
7270155.023509 7270155.023509 1.000000
7270028.733176 7270028.733176 1.000000
7269650.844813 7269650.844813 1.000000
7269275.535201 7269275.535201 1.000000
7269609.584766 7269609.584766 1.000000
7269774.025453 7269774.025453 1.000000
7269451.254365 7269451.254365 1.000000
7269772.678494 7269772.678494 1.000000
7269420.848537 7269420.848537 1.000000
7269820.411892 7269820.411892 1.000000
7269554.035796 7269554.035796 1.000000
7269788.301385 7269788.301385 1.000000
7270580.279362 7270580.279362 1.000000
7270390.480205 7270390.480205 1.000000
7270574.477850 7270574.477850 1.000000
7270755.267737 7270755.267737 1.000000
7270765.575197 7270765.575197 1.000000
7270353.001458 7270353.001458 1.000000
7270508.702220 7270508.702220 1.000000
7270700.265092 7270700.265092 1.000000
7271055.002474 7271055.002474 1.000000
7271392.537831 7271392.537831 1.000000
7271723.189712 7271723.189712 1.000000
7271955.989801 7271955.989801 1.000000
7271674.720897 7271674.720897 1.000000
7272090.049100 7272090.049100 1.000000
7272192.896001 7272192.896001 1.000000
7271888.690928 7271888.690928 1.000000
7271694.142266 7271694.142266 1.000000
7271996.065073 7271996.065073 1.000000
7271790.206100 7271790.206100 1.000000
7271461.651053 7271461.651053 1.000000
7271650.946154 7271650.946154 1.000000
7271983.013896 7271983.013896 1.000000
7271696.533071 7271696.533071 1.000000
7271984.304404 7271984.304404 1.000000
7271880.512955 7271880.512955 1.000000
7271709.435645 7271709.435645 1.000000
7271867.643017 7271867.643017 1.000000
7272479.081947 7272479.081947 1.000000
7273101.628789 7273101.628789 1.000000
7273239.752271 7273239.752271 1.000000
7272953.687298 7272953.687298 1.000000
