7404870.169752 7404870.169752 1.000000
7404777.696723 7404777.696723 1.000000
7404546.545621 7404546.545621 1.000000
7404130.876173 7404130.876173 1.000000
7404227.277680 7404227.277680 1.000000
7404148.174559 7404148.174559 1.000000
7404301.236635 7404301.236635 1.000000
7404474.953383 7404474.953383 1.000000
7404781.923363 7404781.923363 1.000000
7405043.896557 7405043.896557 1.000000
7404905.567928 7404905.567928 1.000000
7404716.450240 7404716.450240 1.000000
7404315.068082 7404315.068082 1.000000
7404497.814200 7404497.814200 1.000000
7404585.244928 7404585.244928 1.000000
7404865.526443 7404865.526443 1.000000
7405277.314530 7405277.314530 1.000000
7405388.481441 7405388.481441 1.000000
7405195.276396 7405195.276396 1.000000
7405175.935743 7405175.935743 1.000000
7405107.278779 7405107.278779 1.000000
7404701.491089 7404701.491089 1.000000
7405267.113857 7405267.113857 1.000000
7405181.918699 7405181.918699 1.000000
7404977.785162 7404977.785162 1.000000
7405135.145471 7405135.145471 1.000000
7405279.842997 7405279.842997 1.000000
7405532.602875 7405532.602875 1.000000
7405886.160244 7405886.160244 1.000000
7406129.756068 7406129.756068 1.000000
7406197.246570 7406197.246570 1.000000
7406266.047011 7406266.047011 1.000000
7406271.829027 7406271.829027 1.000000
7406258.633908 7406258.633908 1.000000
7405936.627121 7405936.627121 1.000000
7406110.772317 7406110.772317 1.000000
7406318.904105 7406318.904105 1.000000
7406463.455008 7406463.455008 1.000000
7406600.649111 7406600.649111 1.000000
7406765.166297 7406765.166297 1.000000
7406851.737684 7406851.737684 1.000000
7407683.661124 7407683.661124 1.000000
7407501.043729 7407501.043729 1.000000
7407047.524617 7407047.524617 1.000000
7407093.291807 7407093.291807 1.000000
7406704.952359 7406704.952359 1.000000
7406839.996102 7406839.996102 1.000000
7405855.507811 7405855.507811 1.000000
7405180.861441 7405180.861441 1.000000
7405417.681201 7405417.681201 1.000000
7405255.684953 7405255.684953 1.000000
7405082.063393 7405082.063393 1.000000
7405279.574042 7405279.574042 1.000000
7405570.703355 7405570.703355 1.000000
7405679.149209 7405679.149209 1.000000
7405778.428300 7405778.428300 1.000000
7406091.284604 7406091.284604 1.000000
7405969.984681 7405969.984681 1.000000
7405335.195372 7405335.195372 1.000000
7405090.722446 7405090.722446 1.000000
7404726.908589 7404726.908589 1.000000
7404811.794896 7404811.794896 1.000000
7404851.809797 7404851.809797 1.000000
7404482.914150 7404482.914150 1.000000
7404382.107091 7404382.107091 1.000000
7404176.715758 7404176.715758 1.000000
7404206.197685 7404206.197685 1.000000
7404242.440796 7404242.440796 1.000000
7404393.110287 7404393.110287 1.000000
7404389.156815 7404389.156815 1.000000
7404145.664002 7404145.664002 1.000000
7403700.280218 7403700.280218 1.000000
7403368.690481 7403368.690481 1.000000
7403651.971904 7403651.971904 1.000000
7403660.386726 7403660.386726 1.000000
7403546.889868 7403546.889868 1.000000
7403883.518353 7403883.518353 1.000000
7403583.386787 7403583.386787 1.000000
7403635.987905 7403635.987905 1.000000
7403940.631628 7403940.631628 1.000000
7403906.552055 7403906.552055 1.000000
7404037.644847 7404037.644847 1.000000
7403601.735702 7403601.735702 1.000000
7403801.925798 7403801.925798 1.000000
7403877.494409 7403877.494409 1.000000
7403753.679375 7403753.679375 1.000000
7403715.868611 7403715.868611 1.000000
7403479.066679 7403479.066679 1.000000
7403688.566873 7403688.566873 1.000000
7404154.400887 7404154.400887 1.000000
7403985.106244 7403985.106244 1.000000
7403855.229189 7403855.229189 1.000000
7403588.748796 7403588.748796 1.000000
7403080.053087 7403080.053087 1.000000
7402766.596017 7402766.596017 1.000000
7402825.153573 7402825.153573 1.000000
7403174.540081 7403174.540081 1.000000
7403282.169618 7403282.169618 1.000000
7403305.116316 7403305.116316 1.000000
7402905.681748 7402905.681748 1.000000
7402848.098354 7402848.098354 1.000000
7402880.698153 7402880.698153 1.000000
7403614.017141 7403614.017141 1.000000
7403678.064088 7403678.064088 1.000000
7404045.695666 7404045.695666 1.000000
7404171.216532 7404171.216532 1.000000
7404245.567329 7404245.567329 1.000000
7403668.383968 7403668.383968 1.000000
7403809.645569 7403809.645569 1.000000
7403834.698464 7403834.698464 1.000000
7403444.268375 7403444.268375 1.000000
7403069.060743 7403069.060743 1.000000
7403219.447198 7403219.447198 1.000000
7402849.743082 7402849.743082 1.000000
7403355.489319 7403355.489319 1.000000
7403724.081791 7403724.081791 1.000000
7403338.730422 7403338.730422 1.000000
7403563.211371 7403563.211371 1.000000
7403571.716430 7403571.716430 1.000000
7403452.992166 7403452.992166 1.000000
7402714.599050 7402714.599050 1.000000
7402195.202141 7402195.202141 1.000000
7401507.932185 7401507.932185 1.000000
7401010.719493 7401010.719493 1.000000
7400997.600235 7400997.600235 1.000000
7400508.196386 7400508.196386 1.000000
7400034.547932 7400034.547932 1.000000
7399609.976560 7399609.976560 1.000000
7399032.636979 7399032.636979 1.000000
7398314.978144 7398314.978144 1.000000
7398180.759419 7398180.759419 1.000000
7398137.403228 7398137.403228 1.000000
7397770.922390 7397770.922390 1.000000
7397214.614401 7397214.614401 1.000000
7397169.283922 7397169.283922 1.000000
7397415.721942 7397415.721942 1.000000
7398019.812249 7398019.812249 1.000000
7398240.062140 7398240.062140 1.000000
7398402.042697 7398402.042697 1.000000
7399017.940576 7399017.940576 1.000000
7398850.288788 7398850.288788 1.000000
7398880.527634 7398880.527634 1.000000
7399127.856162 7399127.856162 1.000000
7399534.230924 7399534.230924 1.000000
7399686.618623 7399686.618623 1.000000
7399947.843067 7399947.843067 1.000000
7400279.740816 7400279.740816 1.000000
7400385.974718 7400385.974718 1.000000
7400977.279370 7400977.279370 1.000000
7400902.377644 7400902.377644 1.000000
7401184.421422 7401184.421422 1.000000
7401521.407589 7401521.407589 1.000000
7401302.252926 7401302.252926 1.000000
7400965.284935 7400965.284935 1.000000
7401054.313593 7401054.313593 1.000000
7401055.761421 7401055.761421 1.000000
7400913.487748 7400913.487748 1.000000
7401225.910747 7401225.910747 1.000000
7401556.459554 7401556.459554 1.000000
7401768.140628 7401768.140628 1.000000
7401923.767563 7401923.767563 1.000000
7402211.298789 7402211.298789 1.000000
7402075.371303 7402075.371303 1.000000
7401978.693706 7401978.693706 1.000000
7402232.299517 7402232.299517 1.000000
7402410.577407 7402410.577407 1.000000
7402308.060281 7402308.060281 1.000000
7402709.897452 7402709.897452 1.000000
7402641.050210 7402641.050210 1.000000
7402661.807596 7402661.807596 1.000000
7403518.708560 7403518.708560 1.000000
7403462.794270 7403462.794270 1.000000
7403257.175256 7403257.175256 1.000000
7403460.301085 7403460.301085 1.000000
7403270.311099 7403270.311099 1.000000
7403485.772269 7403485.772269 1.000000
7403151.723731 7403151.723731 1.000000
7403146.786628 7403146.786628 1.000000
7403155.771929 7403155.771929 1.000000
7403134.317785 7403134.317785 1.000000
7403028.696819 7403028.696819 1.000000
7402369.276782 7402369.276782 1.000000
7402605.905569 7402605.905569 1.000000
7402913.688800 7402913.688800 1.000000
7402757.589495 7402757.589495 1.000000
7402785.598621 7402785.598621 1.000000
7403133.166253 7403133.166253 1.000000
7402906.878550 7402906.878550 1.000000
7402705.163335 7402705.163335 1.000000
7402819.894914 7402819.894914 1.000000
7402813.657253 7402813.657253 1.000000
7402897.317276 7402897.317276 1.000000
7403526.518736 7403526.518736 1.000000
7403394.416521 7403394.416521 1.000000
7404103.902102 7404103.902102 1.000000
7404239.870886 7404239.870886 1.000000
7404073.679926 7404073.679926 1.000000
7404128.582271 7404128.582271 1.000000
7404412.888953 7404412.888953 1.000000
7405201.887889 7405201.887889 1.000000
7404949.207508 7404949.207508 1.000000
7404677.911114 7404677.911114 1.000000
7404791.841001 7404791.841001 1.000000
