7419252.721925 7419252.721925 1.000000
7417183.364107 7417183.364107 1.000000
7418302.750162 7418302.750162 1.000000
7419124.628203 7419124.628203 1.000000
7420401.563385 7420401.563385 1.000000
7421112.730530 7421112.730530 1.000000
7419988.715836 7419988.715836 1.000000
7420054.221497 7420054.221497 1.000000
7420542.911104 7420542.911104 1.000000
7421295.324275 7421295.324275 1.000000
7421706.989913 7421706.989913 1.000000
7422319.284057 7422319.284057 1.000000
7421835.516000 7421835.516000 1.000000
7421978.937214 7421978.937214 1.000000
7422177.269902 7422177.269902 1.000000
7420486.292005 7420486.292005 1.000000
7420639.325054 7420639.325054 1.000000
7421217.189281 7421217.189281 1.000000
7421152.074202 7421152.074202 1.000000
7419007.472263 7419007.472263 1.000000
7418405.579837 7418405.579837 1.000000
7417909.186243 7417909.186243 1.000000
7418233.195718 7418233.195718 1.000000
7418992.289430 7418992.289430 1.000000
7418722.566566 7418722.566566 1.000000
7419065.068487 7419065.068487 1.000000
7417701.281506 7417701.281506 1.000000
7417824.483167 7417824.483167 1.000000
7418352.428802 7418352.428802 1.000000
7418042.495933 7418042.495933 1.000000
7416890.609254 7416890.609254 1.000000
7416975.732741 7416975.732741 1.000000
7416244.711012 7416244.711012 1.000000
7415573.845371 7415573.845371 1.000000
7415980.515832 7415980.515832 1.000000
7416432.571208 7416432.571208 1.000000
7416768.879967 7416768.879967 1.000000
7417191.724723 7417191.724723 1.000000
7416103.293949 7416103.293949 1.000000
7417109.939402 7417109.939402 1.000000
7417986.366134 7417986.366134 1.000000
7418732.167850 7418732.167850 1.000000
7418812.465299 7418812.465299 1.000000
7420213.815402 7420213.815402 1.000000
7421305.244017 7421305.244017 1.000000
7422089.774012 7422089.774012 1.000000
7422746.155998 7422746.155998 1.000000
7422507.027220 7422507.027220 1.000000
7422884.535647 7422884.535647 1.000000
7423329.371433 7423329.371433 1.000000
7424297.590859 7424297.590859 1.000000
7424020.374237 7424020.374237 1.000000
7422206.887014 7422206.887014 1.000000
7418781.351760 7418781.351760 1.000000
7416355.866540 7416355.866540 1.000000
7415318.786219 7415318.786219 1.000000
7413623.451369 7413623.451369 1.000000
7413936.470264 7413936.470264 1.000000
7414833.324293 7414833.324293 1.000000
7413045.126633 7413045.126633 1.000000
7409791.293604 7409791.293604 1.000000
7410027.272690 7410027.272690 1.000000
7409331.256862 7409331.256862 1.000000
7409468.252645 7409468.252645 1.000000
7409645.179153 7409645.179153 1.000000
7409662.713500 7409662.713500 1.000000
7410142.098028 7410142.098028 1.000000
7409765.129946 7409765.129946 1.000000
7409193.225999 7409193.225999 1.000000
7409319.812444 7409319.812444 1.000000
7409705.189965 7409705.189965 1.000000
7409718.113067 7409718.113067 1.000000
7409212.864404 7409212.864404 1.000000
7409163.388605 7409163.388605 1.000000
7409380.609364 7409380.609364 1.000000
7409493.661509 7409493.661509 1.000000
7409763.739194 7409763.739194 1.000000
7410691.462292 7410691.462292 1.000000
7410788.699891 7410788.699891 1.000000
7410155.396892 7410155.396892 1.000000
7410605.892424 7410605.892424 1.000000
7411694.906422 7411694.906422 1.000000
7410321.185131 7410321.185131 1.000000
7410287.039173 7410287.039173 1.000000
7410732.735016 7410732.735016 1.000000
7411724.789608 7411724.789608 1.000000
7412386.152389 7412386.152389 1.000000
7413687.374749 7413687.374749 1.000000
7414002.834070 7414002.834070 1.000000
7414707.667575 7414707.667575 1.000000
7415586.354652 7415586.354652 1.000000
7416413.411963 7416413.411963 1.000000
7416739.638354 7416739.638354 1.000000
7417526.194811 7417526.194811 1.000000
7417568.896405 7417568.896405 1.000000
7418368.450292 7418368.450292 1.000000
7417074.117618 7417074.117618 1.000000
7417319.683786 7417319.683786 1.000000
7417888.960826 7417888.960826 1.000000
7418112.299121 7418112.299121 1.000000
7418749.142512 7418749.142512 1.000000
7418841.524635 7418841.524635 1.000000
7419465.805477 7419465.805477 1.000000
7418097.764907 7418097.764907 1.000000
7416948.535767 7416948.535767 1.000000
7416967.365795 7416967.365795 1.000000
7417757.848380 7417757.848380 1.000000
7417831.090799 7417831.090799 1.000000
7417584.764098 7417584.764098 1.000000
7416543.185133 7416543.185133 1.000000
7415429.481032 7415429.481032 1.000000
7415444.892095 7415444.892095 1.000000
7416081.559691 7416081.559691 1.000000
7414260.565826 7414260.565826 1.000000
7413791.231280 7413791.231280 1.000000
7413452.071601 7413452.071601 1.000000
7413904.661926 7413904.661926 1.000000
7415004.617450 7415004.617450 1.000000
7416121.501837 7416121.501837 1.000000
7415421.572667 7415421.572667 1.000000
7415269.297095 7415269.297095 1.000000
7415620.459933 7415620.459933 1.000000
7416042.527770 7416042.527770 1.000000
7416386.602116 7416386.602116 1.000000
7416741.597063 7416741.597063 1.000000
7417126.251326 7417126.251326 1.000000
7417110.310717 7417110.310717 1.000000
7418053.349183 7418053.349183 1.000000
7418834.542704 7418834.542704 1.000000
7416898.686533 7416898.686533 1.000000
7417273.973571 7417273.973571 1.000000
7417371.795704 7417371.795704 1.000000
7413790.036401 7413790.036401 1.000000
7414576.929990 7414576.929990 1.000000
7413867.109228 7413867.109228 1.000000
7414505.897319 7414505.897319 1.000000
7415166.643913 7415166.643913 1.000000
7415619.779635 7415619.779635 1.000000
7413080.560531 7413080.560531 1.000000
7413762.664655 7413762.664655 1.000000
7414052.774826 7414052.774826 1.000000
7415777.756851 7415777.756851 1.000000
7416510.446283 7416510.446283 1.000000
7417388.879059 7417388.879059 1.000000
7417718.774166 7417718.774166 1.000000
7415994.184606 7415994.184606 1.000000
7415978.651792 7415978.651792 1.000000
7415123.647314 7415123.647314 1.000000
7415627.921572 7415627.921572 1.000000
7415813.494387 7415813.494387 1.000000
7415608.040051 7415608.040051 1.000000
7415779.775770 7415779.775770 1.000000
7409329.750468 7409329.750468 1.000000
7408063.349504 7408063.349504 1.000000
7404471.649477 7404471.649477 1.000000
7401871.763774 7401871.763774 1.000000
7403139.741954 7403139.741954 1.000000
7403630.500382 7403630.500382 1.000000
7401408.900904 7401408.900904 1.000000
7400768.989816 7400768.989816 1.000000
7400841.638399 7400841.638399 1.000000
7400959.950245 7400959.950245 1.000000
7400664.590911 7400664.590911 1.000000
7398654.466827 7398654.466827 1.000000
7397827.026064 7397827.026064 1.000000
7396616.186195 7396616.186195 1.000000
7396820.409788 7396820.409788 1.000000
7398049.794723 7398049.794723 1.000000
7398523.765262 7398523.765262 1.000000
7399666.331001 7399666.331001 1.000000
7400798.567757 7400798.567757 1.000000
7401791.875474 7401791.875474 1.000000
7402818.549422 7402818.549422 1.000000
7404765.107868 7404765.107868 1.000000
7406393.134620 7406393.134620 1.000000
7406898.677414 7406898.677414 1.000000
7407728.237980 7407728.237980 1.000000
7406873.607661 7406873.607661 1.000000
7407317.659288 7407317.659288 1.000000
7408183.295117 7408183.295117 1.000000
7408702.375311 7408702.375311 1.000000
7409588.477789 7409588.477789 1.000000
7410038.636460 7410038.636460 1.000000
7410509.096274 7410509.096274 1.000000
7411401.740743 7411401.740743 1.000000
7411955.151879 7411955.151879 1.000000
7411229.059135 7411229.059135 1.000000
7408015.588661 7408015.588661 1.000000
7409595.728076 7409595.728076 1.000000
7409090.963892 7409090.963892 1.000000
7410445.941818 7410445.941818 1.000000
7411089.079674 7411089.079674 1.000000
7411530.514703 7411530.514703 1.000000
7412904.005286 7412904.005286 1.000000
7413937.662811 7413937.662811 1.000000
7414561.139209 7414561.139209 1.000000
7414365.269958 7414365.269958 1.000000
7412981.166292 7412981.166292 1.000000
7413066.593444 7413066.593444 1.000000
7413099.219860 7413099.219860 1.000000
7412272.646806 7412272.646806 1.000000
7412799.261395 7412799.261395 1.000000
7414227.590184 7414227.590184 1.000000
7415092.600012 7415092.600012 1.000000
7415355.319706 7415355.319706 1.000000
7414845.816948 7414845.816948 1.000000
7415763.177022 7415763.177022 1.000000
7416740.138568 7416740.138568 1.000000
7417289.678519 7417289.678519 1.000000
7419035.435598 7419035.435598 1.000000
7419165.768093 7419165.768093 1.000000
7417077.067930 7417077.067930 1.000000
7414185.551144 7414185.551144 1.000000
7412029.928453 7412029.928453 1.000000
7409801.417586 7409801.417586 1.000000
7409523.395544 7409523.395544 1.000000
7410546.827539 7410546.827539 1.000000
7409735.406444 7409735.406444 1.000000
7410043.120241 7410043.120241 1.000000
7408886.766088 7408886.766088 1.000000
7408836.401497 7408836.401497 1.000000
7406595.876056 7406595.876056 1.000000
7406599.974737 7406599.974737 1.000000
7406660.044328 7406660.044328 1.000000
7406791.852989 7406791.852989 1.000000
7407767.796106 7407767.796106 1.000000
7408327.161014 7408327.161014 1.000000
7408740.551638 7408740.551638 1.000000
7407244.440579 7407244.440579 1.000000
7408487.687882 7408487.687882 1.000000
7409576.775349 7409576.775349 1.000000
7408361.537308 7408361.537308 1.000000
7406330.871453 7406330.871453 1.000000
7406494.843091 7406494.843091 1.000000
7406521.653590 7406521.653590 1.000000
7407222.929622 7407222.929622 1.000000
7408018.005245 7408018.005245 1.000000
7408588.847734 7408588.847734 1.000000
7409046.218272 7409046.218272 1.000000
7409756.610644 7409756.610644 1.000000
7410571.066344 7410571.066344 1.000000
7411395.972215 7411395.972215 1.000000
7411367.700687 7411367.700687 1.000000
7411240.059561 7411240.059561 1.000000
7410450.076493 7410450.076493 1.000000
7410486.690549 7410486.690549 1.000000
7411376.696490 7411376.696490 1.000000
7412247.869827 7412247.869827 1.000000
7412701.447792 7412701.447792 1.000000
7413710.913898 7413710.913898 1.000000
7414266.696977 7414266.696977 1.000000
7415016.412438 7415016.412438 1.000000
7415158.680597 7415158.680597 1.000000
7414610.976877 7414610.976877 1.000000
7414891.964103 7414891.964103 1.000000
7415161.595424 7415161.595424 1.000000
