7154874.709294 7154874.709294 1.000000
7154748.366515 7154748.366515 1.000000
7154718.075839 7154718.075839 1.000000
7154845.811659 7154845.811659 1.000000
7154379.151494 7154379.151494 1.000000
7154571.446769 7154571.446769 1.000000
7154695.950048 7154695.950048 1.000000
7154355.182600 7154355.182600 1.000000
7154246.436076 7154246.436076 1.000000
7154354.467099 7154354.467099 1.000000
7154238.324195 7154238.324195 1.000000
7155003.705339 7155003.705339 1.000000
7155198.388259 7155198.388259 1.000000
7155081.271137 7155081.271137 1.000000
7154970.697382 7154970.697382 1.000000
7155094.666096 7155094.666096 1.000000
7155519.895545 7155519.895545 1.000000
7155688.967769 7155688.967769 1.000000
7154972.956189 7154972.956189 1.000000
7154683.136144 7154683.136144 1.000000
7155036.199627 7155036.199627 1.000000
7154917.180912 7154917.180912 1.000000
7154399.350671 7154399.350671 1.000000
7154542.938348 7154542.938348 1.000000
7154785.422132 7154785.422132 1.000000
7155093.269598 7155093.269598 1.000000
7155313.289006 7155313.289006 1.000000
7155732.078374 7155732.078374 1.000000
7156060.206263 7156060.206263 1.000000
7156291.114337 7156291.114337 1.000000
7156676.727261 7156676.727261 1.000000
7157088.304313 7157088.304313 1.000000
7157194.102814 7157194.102814 1.000000
7157579.173251 7157579.173251 1.000000
7157358.713898 7157358.713898 1.000000
7157130.773328 7157130.773328 1.000000
7157887.431266 7157887.431266 1.000000
7157963.154492 7157963.154492 1.000000
7157616.116930 7157616.116930 1.000000
7158217.417606 7158217.417606 1.000000
7158031.000237 7158031.000237 1.000000
7157196.127451 7157196.127451 1.000000
7157058.136923 7157058.136923 1.000000
7156076.437256 7156076.437256 1.000000
7155940.896027 7155940.896027 1.000000
7155833.685279 7155833.685279 1.000000
7155724.529232 7155724.529232 1.000000
7156213.435884 7156213.435884 1.000000
7155660.452708 7155660.452708 1.000000
7155084.099403 7155084.099403 1.000000
7154458.719212 7154458.719212 1.000000
7154607.603334 7154607.603334 1.000000
7155052.543536 7155052.543536 1.000000
7154855.965605 7154855.965605 1.000000
7155049.071923 7155049.071923 1.000000
7154923.825620 7154923.825620 1.000000
7153927.131156 7153927.131156 1.000000
7154109.736314 7154109.736314 1.000000
7154420.063099 7154420.063099 1.000000
7154603.091693 7154603.091693 1.000000
7154680.517276 7154680.517276 1.000000
7155462.330039 7155462.330039 1.000000
7154929.165619 7154929.165619 1.000000
7155439.741526 7155439.741526 1.000000
7155026.166745 7155026.166745 1.000000
7155137.962494 7155137.962494 1.000000
7155032.368792 7155032.368792 1.000000
7155967.055593 7155967.055593 1.000000
7156072.914973 7156072.914973 1.000000
7155144.596499 7155144.596499 1.000000
7155248.131904 7155248.131904 1.000000
7156167.506230 7156167.506230 1.000000
7156876.490090 7156876.490090 1.000000
7156956.615213 7156956.615213 1.000000
7156827.475550 7156827.475550 1.000000
7156956.444017 7156956.444017 1.000000
7156966.974326 7156966.974326 1.000000
7156542.046769 7156542.046769 1.000000
7155873.499433 7155873.499433 1.000000
7154929.961757 7154929.961757 1.000000
7155040.782776 7155040.782776 1.000000
7155040.274680 7155040.274680 1.000000
7154900.879033 7154900.879033 1.000000
7154829.800554 7154829.800554 1.000000
7154965.116594 7154965.116594 1.000000
7154058.343330 7154058.343330 1.000000
7154435.622469 7154435.622469 1.000000
7154972.385369 7154972.385369 1.000000
7155081.715160 7155081.715160 1.000000
7155604.626533 7155604.626533 1.000000
7156067.401544 7156067.401544 1.000000
7155947.604510 7155947.604510 1.000000
7155634.695116 7155634.695116 1.000000
7155417.931365 7155417.931365 1.000000
7155016.537838 7155016.537838 1.000000
7155876.989421 7155876.989421 1.000000
7155566.377563 7155566.377563 1.000000
7155643.122733 7155643.122733 1.000000
7155958.218135 7155958.218135 1.000000
7156094.708947 7156094.708947 1.000000
7156484.683208 7156484.683208 1.000000
7156264.261132 7156264.261132 1.000000
7156616.943805 7156616.943805 1.000000
7156380.693209 7156380.693209 1.000000
7156596.218165 7156596.218165 1.000000
7156192.369089 7156192.369089 1.000000
7156517.091951 7156517.091951 1.000000
7156759.606665 7156759.606665 1.000000
7157138.925453 7157138.925453 1.000000
7157885.294939 7157885.294939 1.000000
7158116.056793 7158116.056793 1.000000
7158367.020044 7158367.020044 1.000000
7158678.135006 7158678.135006 1.000000
7158253.127255 7158253.127255 1.000000
7158886.168771 7158886.168771 1.000000
7159089.030071 7159089.030071 1.000000
7159213.221343 7159213.221343 1.000000
7158812.439224 7158812.439224 1.000000
7159122.196995 7159122.196995 1.000000
7158867.424072 7158867.424072 1.000000
7159148.618510 7159148.618510 1.000000
7158925.449513 7158925.449513 1.000000
7159234.931747 7159234.931747 1.000000
7158964.920672 7158964.920672 1.000000
7159072.145482 7159072.145482 1.000000
7159256.502656 7159256.502656 1.000000
7158964.537379 7158964.537379 1.000000
7159132.015503 7159132.015503 1.000000
7158280.303783 7158280.303783 1.000000
7158579.435707 7158579.435707 1.000000
7158311.909332 7158311.909332 1.000000
7158597.183511 7158597.183511 1.000000
7158732.007892 7158732.007892 1.000000
7159058.873309 7159058.873309 1.000000
7159551.027629 7159551.027629 1.000000
7159895.962248 7159895.962248 1.000000
7159407.944966 7159407.944966 1.000000
7159964.144906 7159964.144906 1.000000
7159526.217393 7159526.217393 1.000000
7159641.819485 7159641.819485 1.000000
7159743.941317 7159743.941317 1.000000
7159935.081495 7159935.081495 1.000000
7160552.802476 7160552.802476 1.000000
7160865.604231 7160865.604231 1.000000
7161203.307943 7161203.307943 1.000000
7161094.448059 7161094.448059 1.000000
7161226.722197 7161226.722197 1.000000
7161686.906636 7161686.906636 1.000000
7162408.528230 7162408.528230 1.000000
7162496.333129 7162496.333129 1.000000
7162633.366174 7162633.366174 1.000000
7163134.838353 7163134.838353 1.000000
7162914.568190 7162914.568190 1.000000
7162119.014779 7162119.014779 1.000000
7162162.123730 7162162.123730 1.000000
7162395.898169 7162395.898169 1.000000
7162708.180819 7162708.180819 1.000000
7163099.206374 7163099.206374 1.000000
7163059.007780 7163059.007780 1.000000
7163304.454359 7163304.454359 1.000000
7163315.696589 7163315.696589 1.000000
7163683.539555 7163683.539555 1.000000
7163286.748430 7163286.748430 1.000000
7163200.253091 7163200.253091 1.000000
7163172.735589 7163172.735589 1.000000
7163607.076410 7163607.076410 1.000000
7163124.498324 7163124.498324 1.000000
7163728.457718 7163728.457718 1.000000
7163327.210529 7163327.210529 1.000000
7163140.616460 7163140.616460 1.000000
7162964.400445 7162964.400445 1.000000
7163067.492750 7163067.492750 1.000000
7163386.185339 7163386.185339 1.000000
7163468.599568 7163468.599568 1.000000
7163740.920758 7163740.920758 1.000000
7163865.259913 7163865.259913 1.000000
7163700.829265 7163700.829265 1.000000
7164317.191431 7164317.191431 1.000000
7163763.216805 7163763.216805 1.000000
7163581.846798 7163581.846798 1.000000
7163440.615821 7163440.615821 1.000000
7163172.784411 7163172.784411 1.000000
7163581.369115 7163581.369115 1.000000
7163035.410275 7163035.410275 1.000000
7163013.231951 7163013.231951 1.000000
7163320.983978 7163320.983978 1.000000
7163821.938396 7163821.938396 1.000000
7164114.662550 7164114.662550 1.000000
7163524.005486 7163524.005486 1.000000
7163361.186610 7163361.186610 1.000000
7163236.849451 7163236.849451 1.000000
7163073.078226 7163073.078226 1.000000
7162750.888434 7162750.888434 1.000000
7162823.392592 7162823.392592 1.000000
7163166.740370 7163166.740370 1.000000
7163261.452067 7163261.452067 1.000000
7163401.962240 7163401.962240 1.000000
7163802.895412 7163802.895412 1.000000
7163045.431679 7163045.431679 1.000000
7162931.243722 7162931.243722 1.000000
7162863.642055 7162863.642055 1.000000
7163305.218993 7163305.218993 1.000000
7163385.235995 7163385.235995 1.000000
7163274.494040 7163274.494040 1.000000
7163081.755233 7163081.755233 1.000000
7162752.658453 7162752.658453 1.000000
7162541.878035 7162541.878035 1.000000
7162771.945483 7162771.945483 1.000000
7163220.855056 7163220.855056 1.000000
7163403.426139 7163403.426139 1.000000
7163154.345596 7163154.345596 1.000000
7163159.907336 7163159.907336 1.000000
7163173.987912 7163173.987912 1.000000
7163260.230421 7163260.230421 1.000000
7163514.149143 7163514.149143 1.000000
7163482.152823 7163482.152823 1.000000
7163709.915602 7163709.915602 1.000000
7163842.569104 7163842.569104 1.000000
7163197.308697 7163197.308697 1.000000
7163241.696892 7163241.696892 1.000000
7162995.940695 7162995.940695 1.000000
7162526.003299 7162526.003299 1.000000
7162250.466144 7162250.466144 1.000000
7161319.396218 7161319.396218 1.000000
7160414.842332 7160414.842332 1.000000
7161320.676943 7161320.676943 1.000000
7161201.241882 7161201.241882 1.000000
7161659.524259 7161659.524259 1.000000
7161923.163401 7161923.163401 1.000000
7161391.591019 7161391.591019 1.000000
7161611.756256 7161611.756256 1.000000
7161731.715160 7161731.715160 1.000000
7161834.369143 7161834.369143 1.000000
7162351.859942 7162351.859942 1.000000
7161865.807270 7161865.807270 1.000000
7161721.820356 7161721.820356 1.000000
7161452.335150 7161452.335150 1.000000
7161419.631256 7161419.631256 1.000000
7161270.381974 7161270.381974 1.000000
7162089.979238 7162089.979238 1.000000
7162311.410110 7162311.410110 1.000000
7163083.978078 7163083.978078 1.000000
7163858.441067 7163858.441067 1.000000
7163786.769068 7163786.769068 1.000000
7163549.172355 7163549.172355 1.000000
7163165.270743 7163165.270743 1.000000
7163281.600545 7163281.600545 1.000000
7164278.972403 7164278.972403 1.000000
7164893.232009 7164893.232009 1.000000
7164786.615235 7164786.615235 1.000000
7164432.848999 7164432.848999 1.000000
7164303.702750 7164303.702750 1.000000
7163653.554678 7163653.554678 1.000000
7163614.965554 7163614.965554 1.000000
7163117.396203 7163117.396203 1.000000
7163020.635116 7163020.635116 1.000000
7162778.858521 7162778.858521 1.000000
7161908.589249 7161908.589249 1.000000
7161529.601573 7161529.601573 1.000000
7161790.333096 7161790.333096 1.000000
7161678.215382 7161678.215382 1.000000
7160778.720333 7160778.720333 1.000000
7161004.267591 7161004.267591 1.000000
7161130.645520 7161130.645520 1.000000
7160967.586696 7160967.586696 1.000000
7160275.415671 7160275.415671 1.000000
7160468.345858 7160468.345858 1.000000
7160174.580911 7160174.580911 1.000000
7160545.098658 7160545.098658 1.000000
7161287.254828 7161287.254828 1.000000
7161143.729016 7161143.729016 1.000000
7161429.396214 7161429.396214 1.000000
7161774.382171 7161774.382171 1.000000
7162079.979624 7162079.979624 1.000000
7161691.337723 7161691.337723 1.000000
7161893.492796 7161893.492796 1.000000
7161658.470329 7161658.470329 1.000000
7161812.557438 7161812.557438 1.000000
7161975.997033 7161975.997033 1.000000
7161781.339526 7161781.339526 1.000000
7161681.295977 7161681.295977 1.000000
7161792.215381 7161792.215381 1.000000
7161786.330821 7161786.330821 1.000000
7161939.155727 7161939.155727 1.000000
7161174.450869 7161174.450869 1.000000
7161016.189912 7161016.189912 1.000000
7160477.488415 7160477.488415 1.000000
7159880.436599 7159880.436599 1.000000
7160036.002641 7160036.002641 1.000000
7159886.742655 7159886.742655 1.000000
7160352.621344 7160352.621344 1.000000
7160304.900912 7160304.900912 1.000000
7160440.250819 7160440.250819 1.000000
7160329.562444 7160329.562444 1.000000
7160448.354439 7160448.354439 1.000000
7161365.426803 7161365.426803 1.000000
7161161.459305 7161161.459305 1.000000
7161375.243719 7161375.243719 1.000000
7162143.095280 7162143.095280 1.000000
7162119.389498 7162119.389498 1.000000
7161773.369901 7161773.369901 1.000000
7160952.950912 7160952.950912 1.000000
7160956.140453 7160956.140453 1.000000
7161079.210823 7161079.210823 1.000000
7161010.733854 7161010.733854 1.000000
7160934.464951 7160934.464951 1.000000
7160815.456086 7160815.456086 1.000000
7160321.559345 7160321.559345 1.000000
7160205.423257 7160205.423257 1.000000
7159710.664164 7159710.664164 1.000000
7158907.492564 7158907.492564 1.000000
7158784.400779 7158784.400779 1.000000
7159489.852722 7159489.852722 1.000000
7159623.321138 7159623.321138 1.000000
7160094.623343 7160094.623343 1.000000
7160224.505652 7160224.505652 1.000000
7159641.086881 7159641.086881 1.000000
7155069.629734 7155069.629734 1.000000
7155169.426813 7155169.426813 1.000000
7155562.133385 7155562.133385 1.000000
7155679.444482 7155679.444482 1.000000
7155882.196443 7155882.196443 1.000000
7156637.854640 7156637.854640 1.000000
7156162.213616 7156162.213616 1.000000
7156229.710910 7156229.710910 1.000000
7156608.713869 7156608.713869 1.000000
7156953.984870 7156953.984870 1.000000
7155968.470661 7155968.470661 1.000000
7156153.521803 7156153.521803 1.000000
7155761.038607 7155761.038607 1.000000
7156084.384184 7156084.384184 1.000000
7155974.349182 7155974.349182 1.000000
7156498.880587 7156498.880587 1.000000
7156211.359471 7156211.359471 1.000000
7156376.893188 7156376.893188 1.000000
7156627.310876 7156627.310876 1.000000
7156723.349011 7156723.349011 1.000000
7156891.773946 7156891.773946 1.000000
7156985.143864 7156985.143864 1.000000
7157336.872240 7157336.872240 1.000000
7157114.062018 7157114.062018 1.000000
7157689.885091 7157689.885091 1.000000
7157612.595244 7157612.595244 1.000000
7157380.205575 7157380.205575 1.000000
7157461.800338 7157461.800338 1.000000
7157949.386782 7157949.386782 1.000000
7158369.565251 7158369.565251 1.000000
7158229.153830 7158229.153830 1.000000
7158420.235657 7158420.235657 1.000000
7158512.804535 7158512.804535 1.000000
7157815.790406 7157815.790406 1.000000
7157837.824613 7157837.824613 1.000000
7158343.689554 7158343.689554 1.000000
7159034.127097 7159034.127097 1.000000
7158894.825412 7158894.825412 1.000000
7159192.922041 7159192.922041 1.000000
7159619.100561 7159619.100561 1.000000
7160150.890520 7160150.890520 1.000000
7160630.287662 7160630.287662 1.000000
7161193.623315 7161193.623315 1.000000
7161311.298119 7161311.298119 1.000000
7160836.740021 7160836.740021 1.000000
7160242.031110 7160242.031110 1.000000
7160172.880234 7160172.880234 1.000000
7160039.697063 7160039.697063 1.000000
7160578.107330 7160578.107330 1.000000
7160702.241047 7160702.241047 1.000000
7161035.526853 7161035.526853 1.000000
7160496.518233 7160496.518233 1.000000
7160521.692326 7160521.692326 1.000000
7161087.971839 7161087.971839 1.000000
7160792.466083 7160792.466083 1.000000
7160660.097557 7160660.097557 1.000000
7161361.311214 7161361.311214 1.000000
7161543.678384 7161543.678384 1.000000
7160949.151147 7160949.151147 1.000000
7160493.795988 7160493.795988 1.000000
7160467.182500 7160467.182500 1.000000
7160268.141803 7160268.141803 1.000000
7160345.341378 7160345.341378 1.000000
7160398.085261 7160398.085261 1.000000
7160095.281819 7160095.281819 1.000000
7160166.023972 7160166.023972 1.000000
7160312.306564 7160312.306564 1.000000
7160244.937156 7160244.937156 1.000000
7160146.306325 7160146.306325 1.000000
7160215.830237 7160215.830237 1.000000
7160218.967925 7160218.967925 1.000000
7160122.852484 7160122.852484 1.000000
7160352.423610 7160352.423610 1.000000
7159713.694367 7159713.694367 1.000000
7159916.961580 7159916.961580 1.000000
7159720.708057 7159720.708057 1.000000
7159367.753180 7159367.753180 1.000000
7159398.718812 7159398.718812 1.000000
7159580.559026 7159580.559026 1.000000
7159719.374445 7159719.374445 1.000000
7160182.601051 7160182.601051 1.000000
7159522.418433 7159522.418433 1.000000
7159210.375394 7159210.375394 1.000000
7159103.528386 7159103.528386 1.000000
7159414.820389 7159414.820389 1.000000
7159171.805885 7159171.805885 1.000000
7158350.531276 7158350.531276 1.000000
7158580.312692 7158580.312692 1.000000
7159102.257611 7159102.257611 1.000000
7158431.048536 7158431.048536 1.000000
7158133.097131 7158133.097131 1.000000
7157990.794177 7157990.794177 1.000000
7157865.918514 7157865.918514 1.000000
7157796.294496 7157796.294496 1.000000
7157743.224494 7157743.224494 1.000000
7157525.437161 7157525.437161 1.000000
7157290.042709 7157290.042709 1.000000
7157293.922793 7157293.922793 1.000000
7157187.661321 7157187.661321 1.000000
7157220.873320 7157220.873320 1.000000
7156799.714261 7156799.714261 1.000000
7156445.417336 7156445.417336 1.000000
7156820.809305 7156820.809305 1.000000
7156187.612940 7156187.612940 1.000000
7156131.399134 7156131.399134 1.000000
7156559.844662 7156559.844662 1.000000
7157263.813796 7157263.813796 1.000000
7157373.092586 7157373.092586 1.000000
7157396.387504 7157396.387504 1.000000
7157532.526721 7157532.526721 1.000000
7157714.897257 7157714.897257 1.000000
7157925.100778 7157925.100778 1.000000
7158289.778015 7158289.778015 1.000000
7157838.134606 7157838.134606 1.000000
7157753.178685 7157753.178685 1.000000
7157817.998325 7157817.998325 1.000000
7157343.003396 7157343.003396 1.000000
7156351.195973 7156351.195973 1.000000
7155387.604651 7155387.604651 1.000000
7155849.250695 7155849.250695 1.000000
7155874.220646 7155874.220646 1.000000
7155466.060209 7155466.060209 1.000000
7154599.808901 7154599.808901 1.000000
7154017.421776 7154017.421776 1.000000
7154201.045980 7154201.045980 1.000000
7154642.823642 7154642.823642 1.000000
7154069.866048 7154069.866048 1.000000
7154186.801967 7154186.801967 1.000000
7154578.012243 7154578.012243 1.000000
7154988.497178 7154988.497178 1.000000
7155280.464548 7155280.464548 1.000000
7154731.870463 7154731.870463 1.000000
7154383.973220 7154383.973220 1.000000
7154397.448631 7154397.448631 1.000000
7154358.597368 7154358.597368 1.000000
7154301.099112 7154301.099112 1.000000
7154337.101585 7154337.101585 1.000000
7154184.409119 7154184.409119 1.000000
7154365.617768 7154365.617768 1.000000
7154621.835999 7154621.835999 1.000000
7154722.149066 7154722.149066 1.000000
7154677.750858 7154677.750858 1.000000
7154395.572313 7154395.572313 1.000000
7154231.709744 7154231.709744 1.000000
7154376.353292 7154376.353292 1.000000
7154253.575348 7154253.575348 1.000000
7154020.152817 7154020.152817 1.000000
7153770.564598 7153770.564598 1.000000
7153753.852372 7153753.852372 1.000000
7153861.473215 7153861.473215 1.000000
7153921.845043 7153921.845043 1.000000
7153834.326321 7153834.326321 1.000000
7153729.876638 7153729.876638 1.000000
7153841.720718 7153841.720718 1.000000
7153742.454715 7153742.454715 1.000000
7153657.170345 7153657.170345 1.000000
7153830.362395 7153830.362395 1.000000
7153742.112621 7153742.112621 1.000000
7153778.990593 7153778.990593 1.000000
7153940.131162 7153940.131162 1.000000
7154221.232277 7154221.232277 1.000000
7154123.104587 7154123.104587 1.000000
7154168.172123 7154168.172123 1.000000
7154213.689717 7154213.689717 1.000000
7154152.520171 7154152.520171 1.000000
7153794.247730 7153794.247730 1.000000
7153334.518214 7153334.518214 1.000000
7153365.071986 7153365.071986 1.000000
7153486.509856 7153486.509856 1.000000
7153706.426128 7153706.426128 1.000000
7154354.047137 7154354.047137 1.000000
7154014.270684 7154014.270684 1.000000
7154191.945350 7154191.945350 1.000000
7154491.719955 7154491.719955 1.000000
7154489.593115 7154489.593115 1.000000
7154290.745784 7154290.745784 1.000000
7154893.241260 7154893.241260 1.000000
7154785.819718 7154785.819718 1.000000
7155492.476456 7155492.476456 1.000000
7155099.760702 7155099.760702 1.000000
7155777.412065 7155777.412065 1.000000
7156008.784046 7156008.784046 1.000000
7156902.706071 7156902.706071 1.000000
7157345.605517 7157345.605517 1.000000
7157666.746091 7157666.746091 1.000000
7158137.443395 7158137.443395 1.000000
7158655.828905 7158655.828905 1.000000
7159231.442206 7159231.442206 1.000000
7159592.163242 7159592.163242 1.000000
7159943.914422 7159943.914422 1.000000
7160588.587428 7160588.587428 1.000000
7160973.906069 7160973.906069 1.000000
7160895.296131 7160895.296131 1.000000
7161407.362533 7161407.362533 1.000000
7161623.359343 7161623.359343 1.000000
7161774.494469 7161774.494469 1.000000
7161975.073389 7161975.073389 1.000000
7162244.587525 7162244.587525 1.000000
7161856.238051 7161856.238051 1.000000
7162044.007927 7162044.007927 1.000000
7162361.503258 7162361.503258 1.000000
7162022.013665 7162022.013665 1.000000
7162215.978879 7162215.978879 1.000000
7161951.322330 7161951.322330 1.000000
7162045.497973 7162045.497973 1.000000
7161740.417760 7161740.417760 1.000000
7161327.705745 7161327.705745 1.000000
7161489.770857 7161489.770857 1.000000
7161315.735865 7161315.735865 1.000000
7161531.838333 7161531.838333 1.000000
7161681.505347 7161681.505347 1.000000
7160956.099710 7160956.099710 1.000000
7161106.009317 7161106.009317 1.000000
7161209.347792 7161209.347792 1.000000
7161628.672395 7161628.672395 1.000000
7161483.308311 7161483.308311 1.000000
7161358.421183 7161358.421183 1.000000
7160493.018369 7160493.018369 1.000000
7160365.518357 7160365.518357 1.000000
7160624.924863 7160624.924863 1.000000
7160019.689040 7160019.689040 1.000000
7159918.915126 7159918.915126 1.000000
7159405.786663 7159405.786663 1.000000
7159022.964048 7159022.964048 1.000000
7159372.333791 7159372.333791 1.000000
7159179.067441 7159179.067441 1.000000
7159620.015757 7159620.015757 1.000000
7159767.015540 7159767.015540 1.000000
7159820.014464 7159820.014464 1.000000
7159288.851074 7159288.851074 1.000000
7159686.618761 7159686.618761 1.000000
7159786.750121 7159786.750121 1.000000
7160437.258630 7160437.258630 1.000000
7160012.930005 7160012.930005 1.000000
7159558.925987 7159558.925987 1.000000
7159687.146896 7159687.146896 1.000000
7159870.561406 7159870.561406 1.000000
7160600.006892 7160600.006892 1.000000
7160984.796691 7160984.796691 1.000000
7161100.026093 7161100.026093 1.000000
7161366.006342 7161366.006342 1.000000
7161280.089198 7161280.089198 1.000000
7161183.504455 7161183.504455 1.000000
7161294.972783 7161294.972783 1.000000
7161253.636540 7161253.636540 1.000000
7161300.174337 7161300.174337 1.000000
7161459.232593 7161459.232593 1.000000
7161392.785137 7161392.785137 1.000000
7161835.674913 7161835.674913 1.000000
7162031.514058 7162031.514058 1.000000
7162203.638676 7162203.638676 1.000000
7162623.983024 7162623.983024 1.000000
7162398.747476 7162398.747476 1.000000
7162778.079914 7162778.079914 1.000000
7162813.022622 7162813.022622 1.000000
7162196.344354 7162196.344354 1.000000
7162227.447505 7162227.447505 1.000000
7162350.602322 7162350.602322 1.000000
7161835.094528 7161835.094528 1.000000
7162128.565882 7162128.565882 1.000000
7162368.093204 7162368.093204 1.000000
7162145.762239 7162145.762239 1.000000
7162055.304071 7162055.304071 1.000000
7162398.861614 7162398.861614 1.000000
7162428.499393 7162428.499393 1.000000
7162091.712445 7162091.712445 1.000000
7161870.313214 7161870.313214 1.000000
7161571.227983 7161571.227983 1.000000
7161627.252589 7161627.252589 1.000000
7161931.691242 7161931.691242 1.000000
7162196.990604 7162196.990604 1.000000
7162705.588808 7162705.588808 1.000000
7162815.436135 7162815.436135 1.000000
7162894.363671 7162894.363671 1.000000
7162574.671426 7162574.671426 1.000000
7163476.302498 7163476.302498 1.000000
7162971.712122 7162971.712122 1.000000
7162430.262483 7162430.262483 1.000000
7162276.943127 7162276.943127 1.000000
7162528.386804 7162528.386804 1.000000
7163002.445373 7163002.445373 1.000000
7163145.312048 7163145.312048 1.000000
7163221.410631 7163221.410631 1.000000
7163612.465102 7163612.465102 1.000000
7163727.644191 7163727.644191 1.000000
7163619.541659 7163619.541659 1.000000
7163575.760288 7163575.760288 1.000000
7163784.647442 7163784.647442 1.000000
7163721.204175 7163721.204175 1.000000
7164679.574275 7164679.574275 1.000000
7164876.603779 7164876.603779 1.000000
7163934.080877 7163934.080877 1.000000
7164051.291958 7164051.291958 1.000000
7164874.523937 7164874.523937 1.000000
7164619.374808 7164619.374808 1.000000
7164427.629577 7164427.629577 1.000000
7164532.671337 7164532.671337 1.000000
7165055.294667 7165055.294667 1.000000
7164792.294615 7164792.294615 1.000000
7165194.391879 7165194.391879 1.000000
7165672.241497 7165672.241497 1.000000
7165933.400625 7165933.400625 1.000000
7166065.259354 7166065.259354 1.000000
7166693.073279 7166693.073279 1.000000
7166952.922887 7166952.922887 1.000000
7166587.016456 7166587.016456 1.000000
7166719.077307 7166719.077307 1.000000
7166163.665585 7166163.665585 1.000000
7166244.863084 7166244.863084 1.000000
7165579.229562 7165579.229562 1.000000
7166424.007899 7166424.007899 1.000000
7166537.751461 7166537.751461 1.000000
7167068.958057 7167068.958057 1.000000
7167058.596237 7167058.596237 1.000000
7167181.928486 7167181.928486 1.000000
7166368.946386 7166368.946386 1.000000
7166315.330737 7166315.330737 1.000000
7166289.599041 7166289.599041 1.000000
7166258.805184 7166258.805184 1.000000
7166439.053353 7166439.053353 1.000000
7166764.351318 7166764.351318 1.000000
7167013.374433 7167013.374433 1.000000
7166791.528523 7166791.528523 1.000000
7167681.568716 7167681.568716 1.000000
7167857.934290 7167857.934290 1.000000
7168001.026854 7168001.026854 1.000000
7168765.213213 7168765.213213 1.000000
7169118.834207 7169118.834207 1.000000
7168282.207022 7168282.207022 1.000000
7167938.364363 7167938.364363 1.000000
7168383.225102 7168383.225102 1.000000
7168040.809535 7168040.809535 1.000000
7167891.940373 7167891.940373 1.000000
7168216.867595 7168216.867595 1.000000
7167905.878500 7167905.878500 1.000000
7168174.733146 7168174.733146 1.000000
7168304.023956 7168304.023956 1.000000
7169044.318269 7169044.318269 1.000000
7169240.067253 7169240.067253 1.000000
7170003.059109 7170003.059109 1.000000
7169778.761965 7169778.761965 1.000000
7169039.063286 7169039.063286 1.000000
7168572.283356 7168572.283356 1.000000
7168128.713876 7168128.713876 1.000000
7168172.115437 7168172.115437 1.000000
7167316.420959 7167316.420959 1.000000
7167477.182148 7167477.182148 1.000000
7167357.441094 7167357.441094 1.000000
7167339.530030 7167339.530030 1.000000
7167463.827077 7167463.827077 1.000000
7167305.658578 7167305.658578 1.000000
7167181.201371 7167181.201371 1.000000
7166835.310563 7166835.310563 1.000000
7166563.190771 7166563.190771 1.000000
7165918.197389 7165918.197389 1.000000
7166198.090018 7166198.090018 1.000000
7166225.174200 7166225.174200 1.000000
7166152.570986 7166152.570986 1.000000
7165796.346252 7165796.346252 1.000000
7166752.897193 7166752.897193 1.000000
7167619.955451 7167619.955451 1.000000
7167433.051024 7167433.051024 1.000000
7167553.654676 7167553.654676 1.000000
7166720.618586 7166720.618586 1.000000
7167282.464713 7167282.464713 1.000000
7167142.648222 7167142.648222 1.000000
7167324.242778 7167324.242778 1.000000
7166718.026188 7166718.026188 1.000000
7166919.245469 7166919.245469 1.000000
7166566.482740 7166566.482740 1.000000
7166208.391108 7166208.391108 1.000000
7165572.966088 7165572.966088 1.000000
7165528.872167 7165528.872167 1.000000
7165747.104469 7165747.104469 1.000000
7165854.430329 7165854.430329 1.000000
7165754.252159 7165754.252159 1.000000
7165862.258948 7165862.258948 1.000000
7166495.492769 7166495.492769 1.000000
7166139.525572 7166139.525572 1.000000
7165855.026887 7165855.026887 1.000000
7165373.710144 7165373.710144 1.000000
7165199.191541 7165199.191541 1.000000
7164981.897467 7164981.897467 1.000000
7165062.623478 7165062.623478 1.000000
7165397.522423 7165397.522423 1.000000
7165654.905475 7165654.905475 1.000000
7165517.762363 7165517.762363 1.000000
7165771.889710 7165771.889710 1.000000
7166202.275045 7166202.275045 1.000000
7166826.327542 7166826.327542 1.000000
7167100.830488 7167100.830488 1.000000
7167366.996283 7167366.996283 1.000000
7167499.098389 7167499.098389 1.000000
7167320.562939 7167320.562939 1.000000
7167575.408449 7167575.408449 1.000000
7167543.551514 7167543.551514 1.000000
7167718.538445 7167718.538445 1.000000
7167910.356751 7167910.356751 1.000000
7168048.693400 7168048.693400 1.000000
7167961.165551 7167961.165551 1.000000
7168404.138270 7168404.138270 1.000000
7168368.390226 7168368.390226 1.000000
7168573.479459 7168573.479459 1.000000
7168582.095771 7168582.095771 1.000000
7168442.125944 7168442.125944 1.000000
7168485.112867 7168485.112867 1.000000
7168469.179862 7168469.179862 1.000000
7168339.373181 7168339.373181 1.000000
7168746.811124 7168746.811124 1.000000
7168565.507659 7168565.507659 1.000000
7168437.827850 7168437.827850 1.000000
7168553.832640 7168553.832640 1.000000
7168386.936047 7168386.936047 1.000000
7168270.091585 7168270.091585 1.000000
7168211.609936 7168211.609936 1.000000
7168104.361299 7168104.361299 1.000000
7168205.897310 7168205.897310 1.000000
7168440.021314 7168440.021314 1.000000
7168310.455697 7168310.455697 1.000000
7168575.362273 7168575.362273 1.000000
7169340.665168 7169340.665168 1.000000
7169453.380475 7169453.380475 1.000000
7169350.074722 7169350.074722 1.000000
7168819.613561 7168819.613561 1.000000
7168798.261397 7168798.261397 1.000000
7169335.607636 7169335.607636 1.000000
7169396.443184 7169396.443184 1.000000
7169744.052450 7169744.052450 1.000000
7168909.564253 7168909.564253 1.000000
7168800.915939 7168800.915939 1.000000
7168510.340100 7168510.340100 1.000000
7168127.423192 7168127.423192 1.000000
7168099.735642 7168099.735642 1.000000
7168170.090123 7168170.090123 1.000000
7167853.542101 7167853.542101 1.000000
7167767.073919 7167767.073919 1.000000
7168022.106665 7168022.106665 1.000000
7167999.718559 7167999.718559 1.000000
7168081.399272 7168081.399272 1.000000
7167606.416739 7167606.416739 1.000000
7166986.238962 7166986.238962 1.000000
7166786.492674 7166786.492674 1.000000
7166516.646666 7166516.646666 1.000000
7166732.520959 7166732.520959 1.000000
7166622.287718 7166622.287718 1.000000
7166564.700592 7166564.700592 1.000000
7166852.887340 7166852.887340 1.000000
7166753.982123 7166753.982123 1.000000
7166477.376671 7166477.376671 1.000000
7166471.859885 7166471.859885 1.000000
7166392.814574 7166392.814574 1.000000
7166286.371609 7166286.371609 1.000000
7166309.802567 7166309.802567 1.000000
7166171.900642 7166171.900642 1.000000
7166248.132835 7166248.132835 1.000000
7165712.658484 7165712.658484 1.000000
7165361.949716 7165361.949716 1.000000
7165198.107159 7165198.107159 1.000000
7164901.053179 7164901.053179 1.000000
7165077.346525 7165077.346525 1.000000
7164497.806085 7164497.806085 1.000000
7164028.299022 7164028.299022 1.000000
7164266.411249 7164266.411249 1.000000
7164566.920853 7164566.920853 1.000000
7164759.376510 7164759.376510 1.000000
7164267.315833 7164267.315833 1.000000
7164299.467385 7164299.467385 1.000000
7164020.763830 7164020.763830 1.000000
7164103.628898 7164103.628898 1.000000
7163830.719067 7163830.719067 1.000000
7163637.081563 7163637.081563 1.000000
7163593.656245 7163593.656245 1.000000
7162968.543834 7162968.543834 1.000000
7162295.913752 7162295.913752 1.000000
7162316.109589 7162316.109589 1.000000
7162638.885696 7162638.885696 1.000000
7162405.223065 7162405.223065 1.000000
7161875.579104 7161875.579104 1.000000
7161874.561258 7161874.561258 1.000000
7162070.666400 7162070.666400 1.000000
7161886.064842 7161886.064842 1.000000
7161904.393149 7161904.393149 1.000000
7162360.339636 7162360.339636 1.000000
7162888.631605 7162888.631605 1.000000
7163375.843100 7163375.843100 1.000000
7163132.055630 7163132.055630 1.000000
7162953.609414 7162953.609414 1.000000
7162188.868429 7162188.868429 1.000000
7162223.586183 7162223.586183 1.000000
7161945.952018 7161945.952018 1.000000
7161625.804203 7161625.804203 1.000000
7161194.446914 7161194.446914 1.000000
7161526.087660 7161526.087660 1.000000
7161608.263725 7161608.263725 1.000000
7161769.650315 7161769.650315 1.000000
7161911.640246 7161911.640246 1.000000
7162176.198868 7162176.198868 1.000000
7162224.072727 7162224.072727 1.000000
7162303.542909 7162303.542909 1.000000
7162322.559696 7162322.559696 1.000000
7162347.356363 7162347.356363 1.000000
7162372.361953 7162372.361953 1.000000
7162355.635237 7162355.635237 1.000000
7162108.779773 7162108.779773 1.000000
7161840.037984 7161840.037984 1.000000
7161606.352378 7161606.352378 1.000000
7161489.457985 7161489.457985 1.000000
7161347.897467 7161347.897467 1.000000
7161565.245338 7161565.245338 1.000000
7161622.261667 7161622.261667 1.000000
7161728.710936 7161728.710936 1.000000
7161547.826314 7161547.826314 1.000000
7161547.768334 7161547.768334 1.000000
7161437.716246 7161437.716246 1.000000
7161441.570407 7161441.570407 1.000000
7161452.138147 7161452.138147 1.000000
7161788.368084 7161788.368084 1.000000
7162003.561410 7162003.561410 1.000000
7162434.184690 7162434.184690 1.000000
7161599.608722 7161599.608722 1.000000
7161447.498463 7161447.498463 1.000000
7161369.736546 7161369.736546 1.000000
7161706.025830 7161706.025830 1.000000
7161316.599180 7161316.599180 1.000000
7161521.275244 7161521.275244 1.000000
7161395.969523 7161395.969523 1.000000
7161504.557382 7161504.557382 1.000000
7161902.695134 7161902.695134 1.000000
7162010.744651 7162010.744651 1.000000
7161829.066459 7161829.066459 1.000000
7161762.098574 7161762.098574 1.000000
7161655.386998 7161655.386998 1.000000
7161465.625021 7161465.625021 1.000000
7161420.808566 7161420.808566 1.000000
7161630.023845 7161630.023845 1.000000
7161935.699035 7161935.699035 1.000000
7161957.802476 7161957.802476 1.000000
7162128.928476 7162128.928476 1.000000
7161932.572190 7161932.572190 1.000000
7162353.472181 7162353.472181 1.000000
7162663.303991 7162663.303991 1.000000
7162525.025125 7162525.025125 1.000000
7162402.550695 7162402.550695 1.000000
7161996.799673 7161996.799673 1.000000
7161852.249211 7161852.249211 1.000000
7161678.955897 7161678.955897 1.000000
7161741.614498 7161741.614498 1.000000
7161423.724328 7161423.724328 1.000000
7161371.913660 7161371.913660 1.000000
7161562.859278 7161562.859278 1.000000
7161654.529410 7161654.529410 1.000000
7161389.112772 7161389.112772 1.000000
7161453.474095 7161453.474095 1.000000
7161493.664678 7161493.664678 1.000000
7161416.966760 7161416.966760 1.000000
7161061.657619 7161061.657619 1.000000
7160874.985489 7160874.985489 1.000000
7160390.241196 7160390.241196 1.000000
7160121.455629 7160121.455629 1.000000
7160082.522317 7160082.522317 1.000000
7159987.751299 7159987.751299 1.000000
7159622.570769 7159622.570769 1.000000
7159289.995322 7159289.995322 1.000000
7159163.707096 7159163.707096 1.000000
7159032.228469 7159032.228469 1.000000
7158908.238356 7158908.238356 1.000000
7158852.536427 7158852.536427 1.000000
7158649.116235 7158649.116235 1.000000
7159246.501087 7159246.501087 1.000000
7159167.820510 7159167.820510 1.000000
7158857.435675 7158857.435675 1.000000
7158866.938716 7158866.938716 1.000000
7158202.986859 7158202.986859 1.000000
7158141.053876 7158141.053876 1.000000
7158485.789579 7158485.789579 1.000000
7158664.570127 7158664.570127 1.000000
7157947.803791 7157947.803791 1.000000
7157976.461118 7157976.461118 1.000000
7158001.561910 7158001.561910 1.000000
7158284.723923 7158284.723923 1.000000
7158019.885712 7158019.885712 1.000000
7157868.041480 7157868.041480 1.000000
7158008.402670 7158008.402670 1.000000
7157690.192199 7157690.192199 1.000000
7157824.838836 7157824.838836 1.000000
7156959.872416 7156959.872416 1.000000
7157016.940249 7157016.940249 1.000000
7156846.929524 7156846.929524 1.000000
7156653.584558 7156653.584558 1.000000
7156757.095793 7156757.095793 1.000000
7157125.905134 7157125.905134 1.000000
7156248.285645 7156248.285645 1.000000
7157208.120140 7157208.120140 1.000000
7157104.645943 7157104.645943 1.000000
7156766.716024 7156766.716024 1.000000
7157256.796660 7157256.796660 1.000000
7156900.538076 7156900.538076 1.000000
7156768.138472 7156768.138472 1.000000
7157119.896185 7157119.896185 1.000000
7156952.505886 7156952.505886 1.000000
7157371.813825 7157371.813825 1.000000
7157154.506035 7157154.506035 1.000000
7157151.584995 7157151.584995 1.000000
7156897.683716 7156897.683716 1.000000
7156900.350268 7156900.350268 1.000000
7156863.345636 7156863.345636 1.000000
7156776.100765 7156776.100765 1.000000
7157501.420967 7157501.420967 1.000000
7157086.730717 7157086.730717 1.000000
7157445.677569 7157445.677569 1.000000
7158132.446932 7158132.446932 1.000000
7157723.347719 7157723.347719 1.000000
7157492.874198 7157492.874198 1.000000
7157598.160849 7157598.160849 1.000000
7157995.507798 7157995.507798 1.000000
7157125.627068 7157125.627068 1.000000
7157508.721910 7157508.721910 1.000000
7157245.857596 7157245.857596 1.000000
7156620.351581 7156620.351581 1.000000
7157391.817034 7157391.817034 1.000000
7157538.213747 7157538.213747 1.000000
7157595.774261 7157595.774261 1.000000
7157496.666569 7157496.666569 1.000000
7158177.818823 7158177.818823 1.000000
7157852.440133 7157852.440133 1.000000
7158009.839040 7158009.839040 1.000000
7157799.975805 7157799.975805 1.000000
7157343.980131 7157343.980131 1.000000
7158088.955745 7158088.955745 1.000000
7158612.570594 7158612.570594 1.000000
7157763.309456 7157763.309456 1.000000
7157405.003336 7157405.003336 1.000000
7157174.134742 7157174.134742 1.000000
7157530.704673 7157530.704673 1.000000
7157309.208826 7157309.208826 1.000000
7156517.803265 7156517.803265 1.000000
7156564.914083 7156564.914083 1.000000
7156199.113776 7156199.113776 1.000000
7156128.903761 7156128.903761 1.000000
7156300.440782 7156300.440782 1.000000
7156358.711267 7156358.711267 1.000000
7156412.946337 7156412.946337 1.000000
7156820.305551 7156820.305551 1.000000
7156927.213351 7156927.213351 1.000000
7156949.893082 7156949.893082 1.000000
7157020.532749 7157020.532749 1.000000
7157174.941944 7157174.941944 1.000000
7157365.160694 7157365.160694 1.000000
7157671.238481 7157671.238481 1.000000
7157530.546885 7157530.546885 1.000000
7157857.703033 7157857.703033 1.000000
7157486.978569 7157486.978569 1.000000
7157928.726188 7157928.726188 1.000000
7157568.801167 7157568.801167 1.000000
7157564.699220 7157564.699220 1.000000
7157085.498465 7157085.498465 1.000000
7156438.029342 7156438.029342 1.000000
7155973.026242 7155973.026242 1.000000
7156927.898954 7156927.898954 1.000000
7156878.044517 7156878.044517 1.000000
7157354.954001 7157354.954001 1.000000
7157231.272283 7157231.272283 1.000000
7157095.352391 7157095.352391 1.000000
7156225.804009 7156225.804009 1.000000
7156703.784408 7156703.784408 1.000000
7156709.827668 7156709.827668 1.000000
7156593.972790 7156593.972790 1.000000
7156682.735537 7156682.735537 1.000000
7155962.187909 7155962.187909 1.000000
7155445.943584 7155445.943584 1.000000
7155728.686825 7155728.686825 1.000000
7155540.630758 7155540.630758 1.000000
7155179.582214 7155179.582214 1.000000
7155089.087679 7155089.087679 1.000000
7155335.443692 7155335.443692 1.000000
7155226.882548 7155226.882548 1.000000
7155166.212207 7155166.212207 1.000000
7154982.561641 7154982.561641 1.000000
7155082.031668 7155082.031668 1.000000
7154935.500329 7154935.500329 1.000000
7154928.608651 7154928.608651 1.000000
7155064.253512 7155064.253512 1.000000
7155152.618702 7155152.618702 1.000000
7155140.274406 7155140.274406 1.000000
7155214.959355 7155214.959355 1.000000
7155339.009393 7155339.009393 1.000000
7155412.969458 7155412.969458 1.000000
7155604.658757 7155604.658757 1.000000
7155592.079077 7155592.079077 1.000000
7156133.991548 7156133.991548 1.000000
7156094.030005 7156094.030005 1.000000
7156707.872962 7156707.872962 1.000000
7156865.981501 7156865.981501 1.000000
7157486.643471 7157486.643471 1.000000
7157912.638713 7157912.638713 1.000000
7158511.158395 7158511.158395 1.000000
7158538.800800 7158538.800800 1.000000
7158769.511651 7158769.511651 1.000000
7158969.570574 7158969.570574 1.000000
7159500.645845 7159500.645845 1.000000
7160178.549853 7160178.549853 1.000000
7160224.192266 7160224.192266 1.000000
7160490.198739 7160490.198739 1.000000
7160884.906754 7160884.906754 1.000000
7160969.772132 7160969.772132 1.000000
7161253.586628 7161253.586628 1.000000
7161444.165871 7161444.165871 1.000000
7161738.946539 7161738.946539 1.000000
7161205.678699 7161205.678699 1.000000
7161313.427717 7161313.427717 1.000000
7161907.982400 7161907.982400 1.000000
7161741.941014 7161741.941014 1.000000
7161622.992834 7161622.992834 1.000000
7160967.170063 7160967.170063 1.000000
7161128.027828 7161128.027828 1.000000
7161359.575173 7161359.575173 1.000000
7160774.183851 7160774.183851 1.000000
7160517.669049 7160517.669049 1.000000
7160373.701664 7160373.701664 1.000000
7159733.818379 7159733.818379 1.000000
7160391.593521 7160391.593521 1.000000
7160264.087205 7160264.087205 1.000000
7160067.913803 7160067.913803 1.000000
7160305.642360 7160305.642360 1.000000
7160051.296926 7160051.296926 1.000000
7160326.011119 7160326.011119 1.000000
7160754.832659 7160754.832659 1.000000
7161287.213030 7161287.213030 1.000000
7161788.084872 7161788.084872 1.000000
7161850.570101 7161850.570101 1.000000
7161178.681016 7161178.681016 1.000000
7161063.929146 7161063.929146 1.000000
7161176.172548 7161176.172548 1.000000
7160971.464326 7160971.464326 1.000000
7160356.299904 7160356.299904 1.000000
7160421.980540 7160421.980540 1.000000
7160654.157860 7160654.157860 1.000000
7161540.826425 7161540.826425 1.000000
7161418.727150 7161418.727150 1.000000
7161709.234523 7161709.234523 1.000000
7161809.472280 7161809.472280 1.000000
7161312.674432 7161312.674432 1.000000
7161125.836649 7161125.836649 1.000000
7160419.036883 7160419.036883 1.000000
7160467.369874 7160467.369874 1.000000
7160415.896866 7160415.896866 1.000000
7160569.022940 7160569.022940 1.000000
7160386.176880 7160386.176880 1.000000
7159823.823744 7159823.823744 1.000000
7159817.393387 7159817.393387 1.000000
7159657.203903 7159657.203903 1.000000
7159499.612949 7159499.612949 1.000000
7159509.311199 7159509.311199 1.000000
7159343.343797 7159343.343797 1.000000
7159812.187800 7159812.187800 1.000000
7159825.336931 7159825.336931 1.000000
7160231.832424 7160231.832424 1.000000
7160495.747844 7160495.747844 1.000000
7161010.043953 7161010.043953 1.000000
7161549.981825 7161549.981825 1.000000
7160968.079013 7160968.079013 1.000000
7160997.651246 7160997.651246 1.000000
7160877.577487 7160877.577487 1.000000
7160714.249431 7160714.249431 1.000000
7160322.869009 7160322.869009 1.000000
7160149.190957 7160149.190957 1.000000
7160086.577621 7160086.577621 1.000000
7160975.219563 7160975.219563 1.000000
7161210.526664 7161210.526664 1.000000
7160905.364746 7160905.364746 1.000000
7160979.301948 7160979.301948 1.000000
7160637.482659 7160637.482659 1.000000
7161627.503580 7161627.503580 1.000000
7160808.474938 7160808.474938 1.000000
7160686.708102 7160686.708102 1.000000
7160928.133266 7160928.133266 1.000000
7160741.163306 7160741.163306 1.000000
7161250.248634 7161250.248634 1.000000
7161434.736851 7161434.736851 1.000000
7161773.544324 7161773.544324 1.000000
7161927.739186 7161927.739186 1.000000
7161512.960066 7161512.960066 1.000000
7161301.828504 7161301.828504 1.000000
7160645.851484 7160645.851484 1.000000
7160752.655268 7160752.655268 1.000000
7160580.436761 7160580.436761 1.000000
7160795.923785 7160795.923785 1.000000
7160490.095546 7160490.095546 1.000000
7161137.101454 7161137.101454 1.000000
7160799.407183 7160799.407183 1.000000
7161279.826314 7161279.826314 1.000000
7161067.843469 7161067.843469 1.000000
7160967.853266 7160967.853266 1.000000
7160108.534389 7160108.534389 1.000000
7159997.484463 7159997.484463 1.000000
7159591.339443 7159591.339443 1.000000
7158914.855215 7158914.855215 1.000000
7159290.547867 7159290.547867 1.000000
7159118.110232 7159118.110232 1.000000
7159067.269747 7159067.269747 1.000000
7158903.437288 7158903.437288 1.000000
7159321.190708 7159321.190708 1.000000
7159618.058214 7159618.058214 1.000000
7159758.127822 7159758.127822 1.000000
7159491.173716 7159491.173716 1.000000
7159631.304940 7159631.304940 1.000000
7160398.338053 7160398.338053 1.000000
7160097.847123 7160097.847123 1.000000
7159926.130780 7159926.130780 1.000000
7160119.145363 7160119.145363 1.000000
7160152.528593 7160152.528593 1.000000
7159871.902599 7159871.902599 1.000000
7159698.642661 7159698.642661 1.000000
7159919.269118 7159919.269118 1.000000
7160265.848902 7160265.848902 1.000000
7159812.812855 7159812.812855 1.000000
7159315.411485 7159315.411485 1.000000
7159419.106864 7159419.106864 1.000000
7159293.834714 7159293.834714 1.000000
7159193.946325 7159193.946325 1.000000
7159247.620807 7159247.620807 1.000000
7159515.189455 7159515.189455 1.000000
7158957.449771 7158957.449771 1.000000
7158739.842708 7158739.842708 1.000000
7158634.342514 7158634.342514 1.000000
7158945.699578 7158945.699578 1.000000
7158800.468335 7158800.468335 1.000000
7157961.253302 7157961.253302 1.000000
7158233.174013 7158233.174013 1.000000
7157589.242036 7157589.242036 1.000000
7157425.044806 7157425.044806 1.000000
7157367.777999 7157367.777999 1.000000
7157543.818221 7157543.818221 1.000000
7157872.438582 7157872.438582 1.000000
7157799.546951 7157799.546951 1.000000
7158327.547157 7158327.547157 1.000000
7158352.535409 7158352.535409 1.000000
7158221.639258 7158221.639258 1.000000
7158814.635271 7158814.635271 1.000000
7158802.625624 7158802.625624 1.000000
7158922.499481 7158922.499481 1.000000
7159123.742741 7159123.742741 1.000000
7159022.825321 7159022.825321 1.000000
7159254.515565 7159254.515565 1.000000
7159203.039622 7159203.039622 1.000000
7159074.957954 7159074.957954 1.000000
7159492.274530 7159492.274530 1.000000
7159301.831715 7159301.831715 1.000000
7159435.083067 7159435.083067 1.000000
7160044.759543 7160044.759543 1.000000
7159974.909768 7159974.909768 1.000000
7159844.045181 7159844.045181 1.000000
7158847.300051 7158847.300051 1.000000
7158962.105861 7158962.105861 1.000000
7159643.902373 7159643.902373 1.000000
7159515.594290 7159515.594290 1.000000
7159557.877719 7159557.877719 1.000000
7159711.156011 7159711.156011 1.000000
7159976.681534 7159976.681534 1.000000
7159703.130335 7159703.130335 1.000000
7159398.146144 7159398.146144 1.000000
7160021.856153 7160021.856153 1.000000
7159779.211990 7159779.211990 1.000000
7159723.439258 7159723.439258 1.000000
7159635.685266 7159635.685266 1.000000
7159276.274615 7159276.274615 1.000000
7159992.713906 7159992.713906 1.000000
7159597.611983 7159597.611983 1.000000
7159610.042600 7159610.042600 1.000000
7159978.473153 7159978.473153 1.000000
7159865.752678 7159865.752678 1.000000
7160185.414206 7160185.414206 1.000000
7160025.527458 7160025.527458 1.000000
7160339.908350 7160339.908350 1.000000
7159979.482477 7159979.482477 1.000000
7160370.314752 7160370.314752 1.000000
7160723.607240 7160723.607240 1.000000
7160598.204164 7160598.204164 1.000000
7160702.488173 7160702.488173 1.000000
7160780.594253 7160780.594253 1.000000
7160430.911018 7160430.911018 1.000000
7160728.297090 7160728.297090 1.000000
7160661.157792 7160661.157792 1.000000
7160857.757793 7160857.757793 1.000000
7160733.757066 7160733.757066 1.000000
7160869.364548 7160869.364548 1.000000
7161284.859930 7161284.859930 1.000000
7161401.679224 7161401.679224 1.000000
7161525.687141 7161525.687141 1.000000
7160928.682741 7160928.682741 1.000000
7160474.807203 7160474.807203 1.000000
7161140.423253 7161140.423253 1.000000
7161634.875133 7161634.875133 1.000000
7161151.336040 7161151.336040 1.000000
7161277.808449 7161277.808449 1.000000
7160997.502773 7160997.502773 1.000000
7160697.409927 7160697.409927 1.000000
7160967.269529 7160967.269529 1.000000
7160100.236502 7160100.236502 1.000000
7160202.032562 7160202.032562 1.000000
7159324.129379 7159324.129379 1.000000
7159647.303895 7159647.303895 1.000000
7159126.665235 7159126.665235 1.000000
7158547.863054 7158547.863054 1.000000
7158282.696949 7158282.696949 1.000000
7157788.943840 7157788.943840 1.000000
7157547.117244 7157547.117244 1.000000
7158117.054426 7158117.054426 1.000000
7158098.995235 7158098.995235 1.000000
7158132.978343 7158132.978343 1.000000
7158161.482667 7158161.482667 1.000000
7158505.926769 7158505.926769 1.000000
7157893.815105 7157893.815105 1.000000
7158598.115096 7158598.115096 1.000000
7158597.405648 7158597.405648 1.000000
7158757.043954 7158757.043954 1.000000
7158763.257747 7158763.257747 1.000000
7158465.118685 7158465.118685 1.000000
7158050.039589 7158050.039589 1.000000
7157659.614797 7157659.614797 1.000000
7157273.676853 7157273.676853 1.000000
7156889.857821 7156889.857821 1.000000
7156508.920900 7156508.920900 1.000000
7156128.477485 7156128.477485 1.000000
7155747.307295 7155747.307295 1.000000
7155360.243749 7155360.243749 1.000000
7154960.996863 7154960.996863 1.000000
7154572.773776 7154572.773776 1.000000
7154195.740806 7154195.740806 1.000000
7153805.890384 7153805.890384 1.000000
7153415.538440 7153415.538440 1.000000
7153014.560640 7153014.560640 1.000000
7152633.366622 7152633.366622 1.000000
7152247.234980 7152247.234980 1.000000
7151860.428225 7151860.428225 1.000000
7151476.568233 7151476.568233 1.000000
7151088.561536 7151088.561536 1.000000
7150705.644555 7150705.644555 1.000000
7150323.252041 7150323.252041 1.000000
7149932.678345 7149932.678345 1.000000
7149548.728226 7149548.728226 1.000000
7149164.747847 7149164.747847 1.000000
7148792.364213 7148792.364213 1.000000
7148409.116282 7148409.116282 1.000000
7148016.033004 7148016.033004 1.000000
7147627.255049 7147627.255049 1.000000
7147240.203484 7147240.203484 1.000000
7146853.523069 7146853.523069 1.000000
7146465.153323 7146465.153323 1.000000
7146083.057976 7146083.057976 1.000000
7145695.309693 7145695.309693 1.000000
7145302.049316 7145302.049316 1.000000
7144922.871407 7144922.871407 1.000000
7144524.917167 7144524.917167 1.000000
7144138.480057 7144138.480057 1.000000
7143751.369039 7143751.369039 1.000000
7143366.004133 7143366.004133 1.000000
7142974.961072 7142974.961072 1.000000
7142566.622313 7142566.622313 1.000000
7142185.482996 7142185.482996 1.000000
7141785.497126 7141785.497126 1.000000
7141400.571790 7141400.571790 1.000000
7141019.308941 7141019.308941 1.000000
7140633.298205 7140633.298205 1.000000
7140243.075128 7140243.075128 1.000000
7139852.539940 7139852.539940 1.000000
7139456.518865 7139456.518865 1.000000
7139060.960791 7139060.960791 1.000000
7138661.490979 7138661.490979 1.000000
7138263.131822 7138263.131822 1.000000
7137872.413219 7137872.413219 1.000000
7137476.638791 7137476.638791 1.000000
7137081.046086 7137081.046086 1.000000
7136681.068050 7136681.068050 1.000000
7136292.223479 7136292.223479 1.000000
7135899.097557 7135899.097557 1.000000
7135500.189834 7135500.189834 1.000000
7135104.998274 7135104.998274 1.000000
7134708.126598 7134708.126598 1.000000
7134302.181057 7134302.181057 1.000000
7133911.344619 7133911.344619 1.000000
7133522.278532 7133522.278532 1.000000
7133127.242723 7133127.242723 1.000000
7132734.575422 7132734.575422 1.000000
7132342.458563 7132342.458563 1.000000
7131938.781021 7131938.781021 1.000000
7131530.390040 7131530.390040 1.000000
7131131.473040 7131131.473040 1.000000
7130732.305816 7130732.305816 1.000000
7130333.571882 7130333.571882 1.000000
7129937.867822 7129937.867822 1.000000
7129545.493452 7129545.493452 1.000000
7129149.551232 7129149.551232 1.000000
7128748.349581 7128748.349581 1.000000
7128343.075869 7128343.075869 1.000000
7127952.444977 7127952.444977 1.000000
7127551.315909 7127551.315909 1.000000
7127152.752846 7127152.752846 1.000000
7126734.450614 7126734.450614 1.000000
7126324.480903 7126324.480903 1.000000
7125918.835131 7125918.835131 1.000000
7125504.705814 7125504.705814 1.000000
7125100.275019 7125100.275019 1.000000
7124691.418175 7124691.418175 1.000000
7124282.169797 7124282.169797 1.000000
7123873.653851 7123873.653851 1.000000
7123471.833704 7123471.833704 1.000000
7123062.571392 7123062.571392 1.000000
7122651.413603 7122651.413603 1.000000
7122242.423533 7122242.423533 1.000000
7121836.597230 7121836.597230 1.000000
7121431.670486 7121431.670486 1.000000
7121028.572952 7121028.572952 1.000000
7120623.452655 7120623.452655 1.000000
7120222.992663 7120222.992663 1.000000
7119809.838800 7119809.838800 1.000000
7119398.459473 7119398.459473 1.000000
7118992.032647 7118992.032647 1.000000
7118579.852959 7118579.852959 1.000000
7118167.408961 7118167.408961 1.000000
7117760.880655 7117760.880655 1.000000
7117351.315606 7117351.315606 1.000000
7116942.751910 7116942.751910 1.000000
7116530.137040 7116530.137040 1.000000
7116115.129427 7116115.129427 1.000000
7115705.440422 7115705.440422 1.000000
7115300.930064 7115300.930064 1.000000
7114887.541344 7114887.541344 1.000000
7114487.174169 7114487.174169 1.000000
7114074.536152 7114074.536152 1.000000
7113673.089063 7113673.089063 1.000000
7113255.188889 7113255.188889 1.000000
7112849.411512 7112849.411512 1.000000
7112445.224740 7112445.224740 1.000000
7112033.403202 7112033.403202 1.000000
7111624.045015 7111624.045015 1.000000
7111206.186861 7111206.186861 1.000000
7110795.266238 7110795.266238 1.000000
7110393.598437 7110393.598437 1.000000
7109980.017350 7109980.017350 1.000000
7109563.740435 7109563.740435 1.000000
7109152.225618 7109152.225618 1.000000
7108742.603618 7108742.603618 1.000000
7108332.732352 7108332.732352 1.000000
7107918.815436 7107918.815436 1.000000
7107515.301180 7107515.301180 1.000000
7107094.332546 7107094.332546 1.000000
7106682.630375 7106682.630375 1.000000
7106269.882324 7106269.882324 1.000000
7105854.726107 7105854.726107 1.000000
7105436.933637 7105436.933637 1.000000
7105015.069225 7105015.069225 1.000000
7104596.971622 7104596.971622 1.000000
7104182.413797 7104182.413797 1.000000
7103761.255928 7103761.255928 1.000000
7103342.796410 7103342.796410 1.000000
7102925.066374 7102925.066374 1.000000
7102511.142606 7102511.142606 1.000000
7102090.155144 7102090.155144 1.000000
7101673.461611 7101673.461611 1.000000
7101263.391438 7101263.391438 1.000000
7100842.933026 7100842.933026 1.000000
7100431.110428 7100431.110428 1.000000
7100020.742458 7100020.742458 1.000000
7099608.411657 7099608.411657 1.000000
7099193.052305 7099193.052305 1.000000
7098788.843437 7098788.843437 1.000000
7098380.342678 7098380.342678 1.000000
7097967.528262 7097967.528262 1.000000
7097561.656176 7097561.656176 1.000000
7097140.826881 7097140.826881 1.000000
7096723.973629 7096723.973629 1.000000
7096305.360055 7096305.360055 1.000000
7095879.470773 7095879.470773 1.000000
7095455.287121 7095455.287121 1.000000
7095034.934490 7095034.934490 1.000000
7094621.194976 7094621.194976 1.000000
7094213.428566 7094213.428566 1.000000
7093803.812417 7093803.812417 1.000000
7093396.361914 7093396.361914 1.000000
7092983.625335 7092983.625335 1.000000
7092573.236594 7092573.236594 1.000000
7092156.256782 7092156.256782 1.000000
7091754.603476 7091754.603476 1.000000
7091347.759738 7091347.759738 1.000000
7090945.000202 7090945.000202 1.000000
7090542.062039 7090542.062039 1.000000
7090123.781858 7090123.781858 1.000000
7089727.395319 7089727.395319 1.000000
7089316.787700 7089316.787700 1.000000
7088915.157743 7088915.157743 1.000000
7088506.419755 7088506.419755 1.000000
7088105.594517 7088105.594517 1.000000
7087708.290486 7087708.290486 1.000000
7087300.742731 7087300.742731 1.000000
7086903.654345 7086903.654345 1.000000
7086497.391190 7086497.391190 1.000000
7086091.844069 7086091.844069 1.000000
7085689.655527 7085689.655527 1.000000
7085289.171195 7085289.171195 1.000000
7084887.727660 7084887.727660 1.000000
7084481.857605 7084481.857605 1.000000
7084074.384811 7084074.384811 1.000000
7083661.511325 7083661.511325 1.000000
7083252.795932 7083252.795932 1.000000
7082848.967538 7082848.967538 1.000000
7082441.602928 7082441.602928 1.000000
7082034.949002 7082034.949002 1.000000
7081629.297961 7081629.297961 1.000000
7081222.995886 7081222.995886 1.000000
7080813.965973 7080813.965973 1.000000
7080402.043548 7080402.043548 1.000000
7079990.040387 7079990.040387 1.000000
7079581.179975 7079581.179975 1.000000
7079169.806548 7079169.806548 1.000000
7078748.827272 7078748.827272 1.000000
7078338.417800 7078338.417800 1.000000
7077922.918351 7077922.918351 1.000000
7077518.411991 7077518.411991 1.000000
7077105.388269 7077105.388269 1.000000
7076684.147122 7076684.147122 1.000000
7076280.099637 7076280.099637 1.000000
7075880.648223 7075880.648223 1.000000
7075481.024083 7075481.024083 1.000000
7075086.235580 7075086.235580 1.000000
7074676.809460 7074676.809460 1.000000
7074280.286487 7074280.286487 1.000000
7073892.514688 7073892.514688 1.000000
7073500.021359 7073500.021359 1.000000
7073107.105807 7073107.105807 1.000000
7072711.211527 7072711.211527 1.000000
7072316.300942 7072316.300942 1.000000
7071919.784372 7071919.784372 1.000000
7071530.197689 7071530.197689 1.000000
7071130.468402 7071130.468402 1.000000
7070733.076379 7070733.076379 1.000000
7070342.807034 7070342.807034 1.000000
7069946.368381 7069946.368381 1.000000
7069557.137141 7069557.137141 1.000000
7069162.946545 7069162.946545 1.000000
7068757.514122 7068757.514122 1.000000
7068357.895699 7068357.895699 1.000000
7067962.844931 7067962.844931 1.000000
7067561.553950 7067561.553950 1.000000
7067161.225647 7067161.225647 1.000000
7066768.087452 7066768.087452 1.000000
7066366.202626 7066366.202626 1.000000
7065969.469814 7065969.469814 1.000000
7065571.609436 7065571.609436 1.000000
7065171.087729 7065171.087729 1.000000
7064778.496526 7064778.496526 1.000000
7064386.807548 7064386.807548 1.000000
7063992.805002 7063992.805002 1.000000
7063590.678310 7063590.678310 1.000000
7063192.280047 7063192.280047 1.000000
7062790.707534 7062790.707534 1.000000
7062394.544607 7062394.544607 1.000000
7062003.171640 7062003.171640 1.000000
7061605.549767 7061605.549767 1.000000
7061210.823496 7061210.823496 1.000000
7060813.468876 7060813.468876 1.000000
7060410.150236 7060410.150236 1.000000
7060010.900029 7060010.900029 1.000000
7059606.388433 7059606.388433 1.000000
7059211.530182 7059211.530182 1.000000
7058793.846576 7058793.846576 1.000000
7058391.076491 7058391.076491 1.000000
7057991.255865 7057991.255865 1.000000
7057586.843859 7057586.843859 1.000000
7057189.119871 7057189.119871 1.000000
7056784.760633 7056784.760633 1.000000
7056383.956162 7056383.956162 1.000000
7055978.608919 7055978.608919 1.000000
7055570.781100 7055570.781100 1.000000
7055162.817446 7055162.817446 1.000000
7054749.355106 7054749.355106 1.000000
7054344.228411 7054344.228411 1.000000
7053934.074772 7053934.074772 1.000000
7053524.720524 7053524.720524 1.000000
7053115.608485 7053115.608485 1.000000
7052706.393432 7052706.393432 1.000000
7052291.053831 7052291.053831 1.000000
7051881.211347 7051881.211347 1.000000
7051477.961347 7051477.961347 1.000000
7051058.723602 7051058.723602 1.000000
7050651.554215 7050651.554215 1.000000
7050251.903194 7050251.903194 1.000000
7049840.731555 7049840.731555 1.000000
7049430.804660 7049430.804660 1.000000
7049020.625836 7049020.625836 1.000000
7048617.081254 7048617.081254 1.000000
7048212.111210 7048212.111210 1.000000
7047808.955632 7047808.955632 1.000000
7047400.162303 7047400.162303 1.000000
7046989.978223 7046989.978223 1.000000
7046577.065891 7046577.065891 1.000000
7046165.853819 7046165.853819 1.000000
7045755.602692 7045755.602692 1.000000
7045342.906151 7045342.906151 1.000000
7044937.688982 7044937.688982 1.000000
7044531.246668 7044531.246668 1.000000
7044127.905755 7044127.905755 1.000000
7043712.342566 7043712.342566 1.000000
7043310.376817 7043310.376817 1.000000
7042909.627227 7042909.627227 1.000000
7042509.106131 7042509.106131 1.000000
7042085.357014 7042085.357014 1.000000
7041678.628352 7041678.628352 1.000000
7041271.124152 7041271.124152 1.000000
7040868.912190 7040868.912190 1.000000
7040457.251544 7040457.251544 1.000000
7040045.787078 7040045.787078 1.000000
7039638.737193 7039638.737193 1.000000
7039237.957225 7039237.957225 1.000000
7038827.566741 7038827.566741 1.000000
7038414.078924 7038414.078924 1.000000
7037993.708470 7037993.708470 1.000000
7037586.563781 7037586.563781 1.000000
7037179.610014 7037179.610014 1.000000
7036772.722732 7036772.722732 1.000000
7036363.564289 7036363.564289 1.000000
7035955.851615 7035955.851615 1.000000
7035545.893562 7035545.893562 1.000000
7035128.965787 7035128.965787 1.000000
7034713.683102 7034713.683102 1.000000
7034309.055136 7034309.055136 1.000000
7033911.986477 7033911.986477 1.000000
7033511.351463 7033511.351463 1.000000
7033104.427407 7033104.427407 1.000000
7032705.172141 7032705.172141 1.000000
7032296.280905 7032296.280905 1.000000
7031887.672764 7031887.672764 1.000000
7031479.634542 7031479.634542 1.000000
7031065.149291 7031065.149291 1.000000
7030650.189993 7030650.189993 1.000000
7030242.222669 7030242.222669 1.000000
7029834.642602 7029834.642602 1.000000
7029424.158983 7029424.158983 1.000000
7029018.310722 7029018.310722 1.000000
7028607.164136 7028607.164136 1.000000
7028200.938852 7028200.938852 1.000000
7027793.441407 7027793.441407 1.000000
7027384.790997 7027384.790997 1.000000
7026968.910548 7026968.910548 1.000000
7026552.569243 7026552.569243 1.000000
7026145.974874 7026145.974874 1.000000
7025726.203618 7025726.203618 1.000000
7025306.848237 7025306.848237 1.000000
7024888.577340 7024888.577340 1.000000
7024472.462899 7024472.462899 1.000000
7024062.210025 7024062.210025 1.000000
7023653.752327 7023653.752327 1.000000
7023246.190899 7023246.190899 1.000000
7022844.219233 7022844.219233 1.000000
7022428.519439 7022428.519439 1.000000
7022018.271342 7022018.271342 1.000000
7021605.871059 7021605.871059 1.000000
7021201.033239 7021201.033239 1.000000
7020798.038126 7020798.038126 1.000000
7020377.415974 7020377.415974 1.000000
7019974.391949 7019974.391949 1.000000
7019551.427104 7019551.427104 1.000000
7019140.431856 7019140.431856 1.000000
7018729.853541 7018729.853541 1.000000
7018329.464486 7018329.464486 1.000000
7017922.739820 7017922.739820 1.000000
7017517.942954 7017517.942954 1.000000
7017109.807705 7017109.807705 1.000000
7016692.052256 7016692.052256 1.000000
7016284.634434 7016284.634434 1.000000
7015878.388330 7015878.388330 1.000000
7015473.698137 7015473.698137 1.000000
7015063.779401 7015063.779401 1.000000
7014654.588082 7014654.588082 1.000000
7014246.740032 7014246.740032 1.000000
7013836.414666 7013836.414666 1.000000
7013411.136761 7013411.136761 1.000000
7012999.817037 7012999.817037 1.000000
7012590.021916 7012590.021916 1.000000
7012180.384868 7012180.384868 1.000000
7011772.062099 7011772.062099 1.000000
7011370.572341 7011370.572341 1.000000
7010960.245001 7010960.245001 1.000000
7010549.885165 7010549.885165 1.000000
7010133.688097 7010133.688097 1.000000
7009723.614918 7009723.614918 1.000000
7009321.912939 7009321.912939 1.000000
7008913.324288 7008913.324288 1.000000
7008498.101398 7008498.101398 1.000000
7008092.724925 7008092.724925 1.000000
7007684.556162 7007684.556162 1.000000
7007286.487347 7007286.487347 1.000000
7006880.765569 7006880.765569 1.000000
7006477.119755 7006477.119755 1.000000
7006070.653724 7006070.653724 1.000000
7005662.201494 7005662.201494 1.000000
7005248.877693 7005248.877693 1.000000
7004835.930253 7004835.930253 1.000000
7004434.357829 7004434.357829 1.000000
7004019.996618 7004019.996618 1.000000
7003602.788836 7003602.788836 1.000000
7003189.218766 7003189.218766 1.000000
7002778.553989 7002778.553989 1.000000
7002360.636497 7002360.636497 1.000000
7001941.769880 7001941.769880 1.000000
7001519.815246 7001519.815246 1.000000
7001098.224271 7001098.224271 1.000000
7000669.116013 7000669.116013 1.000000
7000236.665641 7000236.665641 1.000000
6999801.562037 6999801.562037 1.000000
6999379.524786 6999379.524786 1.000000
6998957.578777 6998957.578777 1.000000
6998527.186844 6998527.186844 1.000000
6998097.147749 6998097.147749 1.000000
6997665.909020 6997665.909020 1.000000
6997235.172188 6997235.172188 1.000000
6996806.381539 6996806.381539 1.000000
6996382.476761 6996382.476761 1.000000
6995956.321707 6995956.321707 1.000000
6995532.518857 6995532.518857 1.000000
6995098.583334 6995098.583334 1.000000
6994671.391787 6994671.391787 1.000000
6994254.074819 6994254.074819 1.000000
6993841.487048 6993841.487048 1.000000
6993427.757788 6993427.757788 1.000000
6993015.094377 6993015.094377 1.000000
6992601.672917 6992601.672917 1.000000
6992188.797402 6992188.797402 1.000000
6991783.084046 6991783.084046 1.000000
6991378.729155 6991378.729155 1.000000
6990970.322434 6990970.322434 1.000000
6990562.241724 6990562.241724 1.000000
6990156.479399 6990156.479399 1.000000
6989747.153828 6989747.153828 1.000000
6989341.427663 6989341.427663 1.000000
6988936.586795 6988936.586795 1.000000
6988529.612733 6988529.612733 1.000000
6988116.736164 6988116.736164 1.000000
6987700.213053 6987700.213053 1.000000
6987287.262417 6987287.262417 1.000000
6986874.144961 6986874.144961 1.000000
6986465.503393 6986465.503393 1.000000
6986050.404246 6986050.404246 1.000000
6985648.897764 6985648.897764 1.000000
6985246.563342 6985246.563342 1.000000
6984843.222374 6984843.222374 1.000000
6984439.359948 6984439.359948 1.000000
6984036.035936 6984036.035936 1.000000
6983632.326790 6983632.326790 1.000000
6983229.184204 6983229.184204 1.000000
6982826.340677 6982826.340677 1.000000
6982421.773061 6982421.773061 1.000000
6982015.948852 6982015.948852 1.000000
6981603.162630 6981603.162630 1.000000
6981188.727338 6981188.727338 1.000000
6980775.201639 6980775.201639 1.000000
6980365.677833 6980365.677833 1.000000
6979954.418404 6979954.418404 1.000000
6979546.766260 6979546.766260 1.000000
6979134.082877 6979134.082877 1.000000
6978719.876083 6978719.876083 1.000000
6978300.568745 6978300.568745 1.000000
6977877.060344 6977877.060344 1.000000
6977456.379352 6977456.379352 1.000000
6977023.861372 6977023.861372 1.000000
6976597.779319 6976597.779319 1.000000
6976174.337147 6976174.337147 1.000000
6975746.123081 6975746.123081 1.000000
6975325.606685 6975325.606685 1.000000
6974904.975645 6974904.975645 1.000000
6974488.640596 6974488.640596 1.000000
6974064.227296 6974064.227296 1.000000
6973644.830844 6973644.830844 1.000000
6973226.633887 6973226.633887 1.000000
6972815.316419 6972815.316419 1.000000
6972398.985087 6972398.985087 1.000000
6971986.155343 6971986.155343 1.000000
6971565.402155 6971565.402155 1.000000
6971146.481618 6971146.481618 1.000000
6970733.150246 6970733.150246 1.000000
6970316.306560 6970316.306560 1.000000
6969898.003753 6969898.003753 1.000000
6969475.390575 6969475.390575 1.000000
6969059.195242 6969059.195242 1.000000
6968643.339292 6968643.339292 1.000000
6968217.347884 6968217.347884 1.000000
6967793.214510 6967793.214510 1.000000
6967352.385393 6967352.385393 1.000000
6966926.600432 6966926.600432 1.000000
6966505.384796 6966505.384796 1.000000
6966078.960964 6966078.960964 1.000000
6965661.506047 6965661.506047 1.000000
6965241.752271 6965241.752271 1.000000
6964810.128675 6964810.128675 1.000000
6964384.167490 6964384.167490 1.000000
6963956.476148 6963956.476148 1.000000
6963536.353167 6963536.353167 1.000000
6963113.642434 6963113.642434 1.000000
6962685.603120 6962685.603120 1.000000
6962260.239258 6962260.239258 1.000000
6961836.948667 6961836.948667 1.000000
6961422.943449 6961422.943449 1.000000
6961010.963578 6961010.963578 1.000000
6960595.883106 6960595.883106 1.000000
6960174.053264 6960174.053264 1.000000
6959759.624244 6959759.624244 1.000000
6959341.885022 6959341.885022 1.000000
6958921.377734 6958921.377734 1.000000
6958512.144167 6958512.144167 1.000000
6958086.709114 6958086.709114 1.000000
6957671.941076 6957671.941076 1.000000
6957261.776241 6957261.776241 1.000000
6956849.852746 6956849.852746 1.000000
6956442.470905 6956442.470905 1.000000
6956029.606107 6956029.606107 1.000000
6955620.275186 6955620.275186 1.000000
6955209.952088 6955209.952088 1.000000
6954804.149732 6954804.149732 1.000000
6954402.186209 6954402.186209 1.000000
6953988.457639 6953988.457639 1.000000
6953585.913648 6953585.913648 1.000000
6953185.117105 6953185.117105 1.000000
6952782.983646 6952782.983646 1.000000
6952378.997878 6952378.997878 1.000000
6951969.829534 6951969.829534 1.000000
6951568.137702 6951568.137702 1.000000
6951170.108721 6951170.108721 1.000000
6950775.465513 6950775.465513 1.000000
6950379.219602 6950379.219602 1.000000
6949979.543715 6949979.543715 1.000000
6949579.050223 6949579.050223 1.000000
6949179.836754 6949179.836754 1.000000
6948782.706723 6948782.706723 1.000000
6948382.297207 6948382.297207 1.000000
6947980.446669 6947980.446669 1.000000
6947585.970209 6947585.970209 1.000000
6947185.070829 6947185.070829 1.000000
6946783.347101 6946783.347101 1.000000
6946377.687264 6946377.687264 1.000000
6945975.107119 6945975.107119 1.000000
6945577.571723 6945577.571723 1.000000
6945177.755162 6945177.755162 1.000000
6944772.492873 6944772.492873 1.000000
6944371.922168 6944371.922168 1.000000
6943967.208492 6943967.208492 1.000000
6943557.391256 6943557.391256 1.000000
6943151.066198 6943151.066198 1.000000
6942752.004390 6942752.004390 1.000000
6942351.370976 6942351.370976 1.000000
6941942.963296 6941942.963296 1.000000
6941533.046386 6941533.046386 1.000000
6941133.362464 6941133.362464 1.000000
6940716.758908 6940716.758908 1.000000
6940303.247562 6940303.247562 1.000000
6939879.036849 6939879.036849 1.000000
6939450.932080 6939450.932080 1.000000
6939026.020619 6939026.020619 1.000000
6938601.367319 6938601.367319 1.000000
6938181.201524 6938181.201524 1.000000
6937755.068776 6937755.068776 1.000000
6937338.782173 6937338.782173 1.000000
6936913.597221 6936913.597221 1.000000
6936492.611431 6936492.611431 1.000000
6936073.086679 6936073.086679 1.000000
6935657.703360 6935657.703360 1.000000
6935236.814312 6935236.814312 1.000000
6934816.340665 6934816.340665 1.000000
6934393.036298 6934393.036298 1.000000
6933974.973796 6933974.973796 1.000000
6933564.413994 6933564.413994 1.000000
6933150.699582 6933150.699582 1.000000
6932725.109776 6932725.109776 1.000000
6932306.063986 6932306.063986 1.000000
6931889.228122 6931889.228122 1.000000
6931472.998048 6931472.998048 1.000000
6931058.742890 6931058.742890 1.000000
6930645.408020 6930645.408020 1.000000
6930238.364175 6930238.364175 1.000000
6929832.122965 6929832.122965 1.000000
6929428.809097 6929428.809097 1.000000
6929028.779975 6929028.779975 1.000000
6928626.766175 6928626.766175 1.000000
6928228.607239 6928228.607239 1.000000
6927829.103553 6927829.103553 1.000000
6927433.278605 6927433.278605 1.000000
6927037.761641 6927037.761641 1.000000
6926630.416744 6926630.416744 1.000000
6926222.967443 6926222.967443 1.000000
6925815.651988 6925815.651988 1.000000
6925406.916257 6925406.916257 1.000000
6924998.958123 6924998.958123 1.000000
6924595.937863 6924595.937863 1.000000
6924187.835327 6924187.835327 1.000000
6923780.131464 6923780.131464 1.000000
6923374.307167 6923374.307167 1.000000
6922958.763070 6922958.763070 1.000000
6922553.657342 6922553.657342 1.000000
6922145.814850 6922145.814850 1.000000
6921743.194656 6921743.194656 1.000000
6921341.443982 6921341.443982 1.000000
6920939.228838 6920939.228838 1.000000
6920536.025215 6920536.025215 1.000000
6920133.519751 6920133.519751 1.000000
6919726.089059 6919726.089059 1.000000
6919315.274305 6919315.274305 1.000000
6918912.186007 6918912.186007 1.000000
6918514.436786 6918514.436786 1.000000
6918118.082647 6918118.082647 1.000000
6917715.365430 6917715.365430 1.000000
6917313.210065 6917313.210065 1.000000
6916906.894693 6916906.894693 1.000000
6916504.296006 6916504.296006 1.000000
6916095.260920 6916095.260920 1.000000
6915693.700042 6915693.700042 1.000000
6915284.731658 6915284.731658 1.000000
6914863.532447 6914863.532447 1.000000
6914460.051744 6914460.051744 1.000000
6914052.939640 6914052.939640 1.000000
6913639.798290 6913639.798290 1.000000
6913235.151963 6913235.151963 1.000000
6912825.665325 6912825.665325 1.000000
6912415.772681 6912415.772681 1.000000
6911997.084675 6911997.084675 1.000000
6911583.090396 6911583.090396 1.000000
6911167.772748 6911167.772748 1.000000
6910756.035257 6910756.035257 1.000000
6910343.411066 6910343.411066 1.000000
6909928.935375 6909928.935375 1.000000
6909513.676835 6909513.676835 1.000000
6909099.749277 6909099.749277 1.000000
6908692.198079 6908692.198079 1.000000
6908280.643549 6908280.643549 1.000000
6907874.945225 6907874.945225 1.000000
6907467.710099 6907467.710099 1.000000
6907061.980792 6907061.980792 1.000000
6906633.683727 6906633.683727 1.000000
6906219.300860 6906219.300860 1.000000
6905806.321943 6905806.321943 1.000000
6905381.095419 6905381.095419 1.000000
6904956.309381 6904956.309381 1.000000
6904539.820521 6904539.820521 1.000000
6904123.494284 6904123.494284 1.000000
6903717.481640 6903717.481640 1.000000
6903313.679117 6903313.679117 1.000000
6902908.752916 6902908.752916 1.000000
6902503.829285 6902503.829285 1.000000
6902108.895278 6902108.895278 1.000000
6901710.532891 6901710.532891 1.000000
6901308.676841 6901308.676841 1.000000
6900898.975502 6900898.975502 1.000000
6900492.229096 6900492.229096 1.000000
6900081.901768 6900081.901768 1.000000
6899666.005325 6899666.005325 1.000000
6899255.245775 6899255.245775 1.000000
6898841.016654 6898841.016654 1.000000
6898425.248692 6898425.248692 1.000000
6898008.972889 6898008.972889 1.000000
6897591.290712 6897591.290712 1.000000
6897181.068285 6897181.068285 1.000000
6896763.577066 6896763.577066 1.000000
6896346.843506 6896346.843506 1.000000
6895935.185555 6895935.185555 1.000000
6895521.781869 6895521.781869 1.000000
6895108.555107 6895108.555107 1.000000
6894706.174289 6894706.174289 1.000000
6894302.287219 6894302.287219 1.000000
6893903.098954 6893903.098954 1.000000
6893496.429774 6893496.429774 1.000000
6893087.285870 6893087.285870 1.000000
6892682.968209 6892682.968209 1.000000
6892271.191933 6892271.191933 1.000000
6891874.035563 6891874.035563 1.000000
6891464.746242 6891464.746242 1.000000
6891055.940826 6891055.940826 1.000000
6890638.843368 6890638.843368 1.000000
6890228.508139 6890228.508139 1.000000
6889816.897931 6889816.897931 1.000000
6889415.102892 6889415.102892 1.000000
6889012.260257 6889012.260257 1.000000
6888595.128130 6888595.128130 1.000000
6888177.192872 6888177.192872 1.000000
6887778.896581 6887778.896581 1.000000
6887378.786251 6887378.786251 1.000000
6886973.131011 6886973.131011 1.000000
6886552.930451 6886552.930451 1.000000
6886142.291961 6886142.291961 1.000000
6885737.472437 6885737.472437 1.000000
6885332.825236 6885332.825236 1.000000
6884931.254960 6884931.254960 1.000000
6884528.121781 6884528.121781 1.000000
6884118.781763 6884118.781763 1.000000
6883711.025643 6883711.025643 1.000000
6883295.782147 6883295.782147 1.000000
6882894.496085 6882894.496085 1.000000
6882498.011545 6882498.011545 1.000000
6882091.376259 6882091.376259 1.000000
6881682.382165 6881682.382165 1.000000
6881276.129919 6881276.129919 1.000000
6880868.059662 6880868.059662 1.000000
6880459.116789 6880459.116789 1.000000
6880053.583213 6880053.583213 1.000000
6879634.955413 6879634.955413 1.000000
6879228.706116 6879228.706116 1.000000
6878814.470104 6878814.470104 1.000000
6878398.809199 6878398.809199 1.000000
6877982.465095 6877982.465095 1.000000
6877561.848244 6877561.848244 1.000000
6877156.349100 6877156.349100 1.000000
6876734.221462 6876734.221462 1.000000
6876312.106901 6876312.106901 1.000000
6875900.001907 6875900.001907 1.000000
6875492.152008 6875492.152008 1.000000
6875077.659645 6875077.659645 1.000000
6874661.795331 6874661.795331 1.000000
6874239.445822 6874239.445822 1.000000
6873820.523178 6873820.523178 1.000000
6873391.976149 6873391.976149 1.000000
6872972.564529 6872972.564529 1.000000
6872558.955727 6872558.955727 1.000000
6872135.868074 6872135.868074 1.000000
6871703.207948 6871703.207948 1.000000
6871285.999149 6871285.999149 1.000000
6870863.496277 6870863.496277 1.000000
6870447.693141 6870447.693141 1.000000
6870028.721234 6870028.721234 1.000000
6869613.283717 6869613.283717 1.000000
6869197.870766 6869197.870766 1.000000
6868780.603396 6868780.603396 1.000000
6868368.543782 6868368.543782 1.000000
6867958.161505 6867958.161505 1.000000
6867543.573875 6867543.573875 1.000000
6867137.339561 6867137.339561 1.000000
6866713.927325 6866713.927325 1.000000
6866300.519113 6866300.519113 1.000000
6865885.172348 6865885.172348 1.000000
6865482.694118 6865482.694118 1.000000
6865077.886099 6865077.886099 1.000000
6864671.809330 6864671.809330 1.000000
6864263.149191 6864263.149191 1.000000
6863863.729618 6863863.729618 1.000000
6863456.834697 6863456.834697 1.000000
6863052.236318 6863052.236318 1.000000
6862646.073155 6862646.073155 1.000000
6862232.540576 6862232.540576 1.000000
6861818.628377 6861818.628377 1.000000
6861404.128202 6861404.128202 1.000000
6860995.815543 6860995.815543 1.000000
6860573.624956 6860573.624956 1.000000
6860153.702913 6860153.702913 1.000000
6859731.924257 6859731.924257 1.000000
6859319.545817 6859319.545817 1.000000
6858905.642951 6858905.642951 1.000000
6858484.256467 6858484.256467 1.000000
6858065.596103 6858065.596103 1.000000
6857645.942353 6857645.942353 1.000000
6857234.652031 6857234.652031 1.000000
6856818.006201 6856818.006201 1.000000
6856399.269224 6856399.269224 1.000000
6855980.743600 6855980.743600 1.000000
6855571.866587 6855571.866587 1.000000
6855156.454373 6855156.454373 1.000000
6854746.272994 6854746.272994 1.000000
6854332.440323 6854332.440323 1.000000
6853917.085986 6853917.085986 1.000000
6853504.047499 6853504.047499 1.000000
6853093.340328 6853093.340328 1.000000
6852684.347292 6852684.347292 1.000000
6852269.944557 6852269.944557 1.000000
6851865.370001 6851865.370001 1.000000
6851449.034556 6851449.034556 1.000000
6851039.380098 6851039.380098 1.000000
6850631.254690 6850631.254690 1.000000
6850224.092445 6850224.092445 1.000000
6849808.322447 6849808.322447 1.000000
6849393.760846 6849393.760846 1.000000
6848976.933030 6848976.933030 1.000000
6848540.661070 6848540.661070 1.000000
6848116.996559 6848116.996559 1.000000
6847689.040012 6847689.040012 1.000000
6847263.522726 6847263.522726 1.000000
6846842.917884 6846842.917884 1.000000
6846427.318372 6846427.318372 1.000000
6846011.205332 6846011.205332 1.000000
6845590.485327 6845590.485327 1.000000
6845161.858668 6845161.858668 1.000000
6844739.119218 6844739.119218 1.000000
6844308.684101 6844308.684101 1.000000
6843873.758198 6843873.758198 1.000000
6843442.361718 6843442.361718 1.000000
6843006.105088 6843006.105088 1.000000
6842578.583109 6842578.583109 1.000000
6842151.502949 6842151.502949 1.000000
6841722.778805 6841722.778805 1.000000
6841294.939025 6841294.939025 1.000000
6840857.813430 6840857.813430 1.000000
6840432.380819 6840432.380819 1.000000
6840007.455972 6840007.455972 1.000000
6839569.316044 6839569.316044 1.000000
6839148.413928 6839148.413928 1.000000
6838730.193769 6838730.193769 1.000000
6838308.389936 6838308.389936 1.000000
6837885.859822 6837885.859822 1.000000
6837467.136424 6837467.136424 1.000000
6837760.641913 6837760.641913 1.000000
6838023.172115 6838023.172115 1.000000
6838240.802260 6838240.802260 1.000000
6838440.779200 6838440.779200 1.000000
6838792.594619 6838792.594619 1.000000
6839005.805728 6839005.805728 1.000000
6838482.025568 6838482.025568 1.000000
6838916.135559 6838916.135559 1.000000
