7418794.870412 7418794.870412 1.000000
7419331.082885 7419331.082885 1.000000
7419744.941831 7419744.941831 1.000000
7420076.475955 7420076.475955 1.000000
7420130.074236 7420130.074236 1.000000
7419666.239794 7419666.239794 1.000000
7420284.964542 7420284.964542 1.000000
7420485.028077 7420485.028077 1.000000
7421004.308471 7421004.308471 1.000000
7421474.007908 7421474.007908 1.000000
7419795.146045 7419795.146045 1.000000
7419672.471937 7419672.471937 1.000000
7418497.841731 7418497.841731 1.000000
7418826.662577 7418826.662577 1.000000
7419021.827557 7419021.827557 1.000000
7419180.826779 7419180.826779 1.000000
7419624.288681 7419624.288681 1.000000
7420081.998080 7420081.998080 1.000000
7420296.210716 7420296.210716 1.000000
7420714.665186 7420714.665186 1.000000
7420775.922088 7420775.922088 1.000000
7420938.688367 7420938.688367 1.000000
7421517.489307 7421517.489307 1.000000
7421409.519905 7421409.519905 1.000000
7419144.504727 7419144.504727 1.000000
7419330.200086 7419330.200086 1.000000
7419699.216395 7419699.216395 1.000000
7419808.961885 7419808.961885 1.000000
7418906.221011 7418906.221011 1.000000
7418636.916468 7418636.916468 1.000000
7418954.127775 7418954.127775 1.000000
7418643.939034 7418643.939034 1.000000
7418112.483191 7418112.483191 1.000000
7418328.175687 7418328.175687 1.000000
7417689.324514 7417689.324514 1.000000
7417863.702910 7417863.702910 1.000000
7418443.810699 7418443.810699 1.000000
7418503.402422 7418503.402422 1.000000
7418951.658632 7418951.658632 1.000000
7416429.584753 7416429.584753 1.000000
7416699.487413 7416699.487413 1.000000
7415931.171828 7415931.171828 1.000000
7416205.252714 7416205.252714 1.000000
7416750.305644 7416750.305644 1.000000
7417285.086438 7417285.086438 1.000000
7417595.432029 7417595.432029 1.000000
7414320.745788 7414320.745788 1.000000
7415319.812438 7415319.812438 1.000000
7415525.161931 7415525.161931 1.000000
7415477.688213 7415477.688213 1.000000
7415958.199258 7415958.199258 1.000000
7416702.067083 7416702.067083 1.000000
7417404.926944 7417404.926944 1.000000
7417586.342778 7417586.342778 1.000000
7417890.743480 7417890.743480 1.000000
7418239.758350 7418239.758350 1.000000
7418350.631917 7418350.631917 1.000000
7418874.954272 7418874.954272 1.000000
7417661.282212 7417661.282212 1.000000
7417825.851692 7417825.851692 1.000000
7418053.145676 7418053.145676 1.000000
7418505.761184 7418505.761184 1.000000
7418139.254219 7418139.254219 1.000000
7418712.383264 7418712.383264 1.000000
7419359.467529 7419359.467529 1.000000
7419413.023426 7419413.023426 1.000000
7419747.280625 7419747.280625 1.000000
7419223.847315 7419223.847315 1.000000
7419301.725568 7419301.725568 1.000000
7419339.328342 7419339.328342 1.000000
7417313.116420 7417313.116420 1.000000
7417187.551546 7417187.551546 1.000000
7417300.362767 7417300.362767 1.000000
7417006.715131 7417006.715131 1.000000
7415318.127949 7415318.127949 1.000000
7415509.448804 7415509.448804 1.000000
7416283.794475 7416283.794475 1.000000
7415105.028122 7415105.028122 1.000000
7415253.398876 7415253.398876 1.000000
7414392.293244 7414392.293244 1.000000
7413730.561171 7413730.561171 1.000000
7414026.292858 7414026.292858 1.000000
7414041.394157 7414041.394157 1.000000
7414242.079688 7414242.079688 1.000000
7414180.526166 7414180.526166 1.000000
7414239.276041 7414239.276041 1.000000
7414436.389132 7414436.389132 1.000000
7414125.574172 7414125.574172 1.000000
7414170.928708 7414170.928708 1.000000
7413146.948903 7413146.948903 1.000000
7412975.843445 7412975.843445 1.000000
7412434.846089 7412434.846089 1.000000
7413178.997258 7413178.997258 1.000000
7413913.382609 7413913.382609 1.000000
7413693.794341 7413693.794341 1.000000
7413851.306886 7413851.306886 1.000000
7414293.897998 7414293.897998 1.000000
7414743.464247 7414743.464247 1.000000
7415089.326580 7415089.326580 1.000000
7415405.264845 7415405.264845 1.000000
7415817.645044 7415817.645044 1.000000
7416140.168749 7416140.168749 1.000000
7415270.316831 7415270.316831 1.000000
7415545.203975 7415545.203975 1.000000
7415458.711201 7415458.711201 1.000000
7415311.819135 7415311.819135 1.000000
7415635.189356 7415635.189356 1.000000
7414205.971444 7414205.971444 1.000000
7414368.795866 7414368.795866 1.000000
7414022.943110 7414022.943110 1.000000
7412585.076644 7412585.076644 1.000000
7413093.530977 7413093.530977 1.000000
7413206.124674 7413206.124674 1.000000
7413604.931503 7413604.931503 1.000000
7413698.825682 7413698.825682 1.000000
7413852.680564 7413852.680564 1.000000
7412903.614216 7412903.614216 1.000000
7412501.701959 7412501.701959 1.000000
7412898.075674 7412898.075674 1.000000
7413063.612641 7413063.612641 1.000000
7413184.956048 7413184.956048 1.000000
7412301.463062 7412301.463062 1.000000
7412312.513220 7412312.513220 1.000000
7412217.963084 7412217.963084 1.000000
7412386.544775 7412386.544775 1.000000
7412128.911687 7412128.911687 1.000000
7412520.167001 7412520.167001 1.000000
7413109.480075 7413109.480075 1.000000
7413269.485491 7413269.485491 1.000000
7413584.244998 7413584.244998 1.000000
7413899.623128 7413899.623128 1.000000
7414128.731100 7414128.731100 1.000000
7414087.147877 7414087.147877 1.000000
7414445.621141 7414445.621141 1.000000
7414723.063392 7414723.063392 1.000000
7414907.246105 7414907.246105 1.000000
7414683.317480 7414683.317480 1.000000
7415246.987990 7415246.987990 1.000000
7415228.063245 7415228.063245 1.000000
7415580.291683 7415580.291683 1.000000
7416125.186947 7416125.186947 1.000000
7416603.634307 7416603.634307 1.000000
7416952.856222 7416952.856222 1.000000
7417080.921276 7417080.921276 1.000000
7416971.089372 7416971.089372 1.000000
7416485.386724 7416485.386724 1.000000
7417020.228592 7417020.228592 1.000000
7417084.780541 7417084.780541 1.000000
7416452.068511 7416452.068511 1.000000
7416888.406361 7416888.406361 1.000000
7417292.705868 7417292.705868 1.000000
7417345.520833 7417345.520833 1.000000
7417443.840679 7417443.840679 1.000000
7417707.458243 7417707.458243 1.000000
7416893.487709 7416893.487709 1.000000
7417118.115788 7417118.115788 1.000000
7417214.337366 7417214.337366 1.000000
7417378.225442 7417378.225442 1.000000
7416986.338462 7416986.338462 1.000000
7417789.901815 7417789.901815 1.000000
7418090.426913 7418090.426913 1.000000
7418313.543961 7418313.543961 1.000000
7418365.296996 7418365.296996 1.000000
7418885.016440 7418885.016440 1.000000
7419291.030347 7419291.030347 1.000000
7419522.645500 7419522.645500 1.000000
7418731.369925 7418731.369925 1.000000
7418725.209291 7418725.209291 1.000000
7418963.823442 7418963.823442 1.000000
7419164.589468 7419164.589468 1.000000
7418714.285389 7418714.285389 1.000000
7418339.141146 7418339.141146 1.000000
7417666.553822 7417666.553822 1.000000
7416540.446911 7416540.446911 1.000000
7415463.213284 7415463.213284 1.000000
7415871.470126 7415871.470126 1.000000
7414387.065566 7414387.065566 1.000000
7413561.308260 7413561.308260 1.000000
7414287.649072 7414287.649072 1.000000
7414663.517407 7414663.517407 1.000000
7414861.074837 7414861.074837 1.000000
7415219.480425 7415219.480425 1.000000
7415254.797886 7415254.797886 1.000000
7415796.673158 7415796.673158 1.000000
7416068.714448 7416068.714448 1.000000
7417514.015777 7417514.015777 1.000000
7417970.443859 7417970.443859 1.000000
7416717.396582 7416717.396582 1.000000
7417609.559170 7417609.559170 1.000000
7418354.136073 7418354.136073 1.000000
7418370.815405 7418370.815405 1.000000
7417642.997360 7417642.997360 1.000000
7416523.537295 7416523.537295 1.000000
7416541.479763 7416541.479763 1.000000
7414953.696597 7414953.696597 1.000000
7415243.733148 7415243.733148 1.000000
7415886.189124 7415886.189124 1.000000
7416332.053710 7416332.053710 1.000000
7416619.697219 7416619.697219 1.000000
7417128.116578 7417128.116578 1.000000
7417871.592570 7417871.592570 1.000000
7416244.257196 7416244.257196 1.000000
7417181.598111 7417181.598111 1.000000
7415482.739284 7415482.739284 1.000000
7414799.669945 7414799.669945 1.000000
7414059.034123 7414059.034123 1.000000
7414892.168489 7414892.168489 1.000000
7411658.012006 7411658.012006 1.000000
7412003.567624 7412003.567624 1.000000
7412459.827115 7412459.827115 1.000000
7410183.316139 7410183.316139 1.000000
7409277.305782 7409277.305782 1.000000
7408863.315034 7408863.315034 1.000000
7407349.030627 7407349.030627 1.000000
7407270.948104 7407270.948104 1.000000
7405711.695441 7405711.695441 1.000000
7404877.291908 7404877.291908 1.000000
7403666.732658 7403666.732658 1.000000
7404555.314998 7404555.314998 1.000000
7402352.211244 7402352.211244 1.000000
7402839.992883 7402839.992883 1.000000
7403264.647139 7403264.647139 1.000000
7403932.595142 7403932.595142 1.000000
7404079.986739 7404079.986739 1.000000
7404278.084821 7404278.084821 1.000000
7404483.978994 7404483.978994 1.000000
7404640.737520 7404640.737520 1.000000
7405184.653009 7405184.653009 1.000000
7401910.486902 7401910.486902 1.000000
7402822.700244 7402822.700244 1.000000
7403506.830149 7403506.830149 1.000000
7403779.442837 7403779.442837 1.000000
7404761.469717 7404761.469717 1.000000
7404993.715665 7404993.715665 1.000000
7405367.563403 7405367.563403 1.000000
7405554.772190 7405554.772190 1.000000
7403490.965524 7403490.965524 1.000000
7403651.912333 7403651.912333 1.000000
7405216.031777 7405216.031777 1.000000
7407234.094747 7407234.094747 1.000000
7406997.047410 7406997.047410 1.000000
7407675.413634 7407675.413634 1.000000
7407912.470379 7407912.470379 1.000000
7407954.286104 7407954.286104 1.000000
7408070.612784 7408070.612784 1.000000
7408470.278668 7408470.278668 1.000000
7409072.057528 7409072.057528 1.000000
7408187.263909 7408187.263909 1.000000
7405703.822802 7405703.822802 1.000000
7406767.884415 7406767.884415 1.000000
7408602.091190 7408602.091190 1.000000
7408467.135311 7408467.135311 1.000000
7409120.447509 7409120.447509 1.000000
7410067.448096 7410067.448096 1.000000
7411005.974016 7411005.974016 1.000000
7411060.684682 7411060.684682 1.000000
7411289.411926 7411289.411926 1.000000
7411345.067335 7411345.067335 1.000000
7411722.453924 7411722.453924 1.000000
7411741.849788 7411741.849788 1.000000
7412049.060920 7412049.060920 1.000000
7412634.024803 7412634.024803 1.000000
7413129.783153 7413129.783153 1.000000
7413778.273927 7413778.273927 1.000000
7414618.309960 7414618.309960 1.000000
7414525.427324 7414525.427324 1.000000
7414834.625355 7414834.625355 1.000000
7413884.211009 7413884.211009 1.000000
7413784.403519 7413784.403519 1.000000
7414356.817959 7414356.817959 1.000000
7413208.484890 7413208.484890 1.000000
7413979.742814 7413979.742814 1.000000
7414602.180073 7414602.180073 1.000000
7414156.913913 7414156.913913 1.000000
7414566.956693 7414566.956693 1.000000
7415047.528277 7415047.528277 1.000000
7415234.209755 7415234.209755 1.000000
7414405.175494 7414405.175494 1.000000
7414496.674670 7414496.674670 1.000000
7414820.475683 7414820.475683 1.000000
7414111.509180 7414111.509180 1.000000
7411458.843341 7411458.843341 1.000000
7412104.284957 7412104.284957 1.000000
7412624.361321 7412624.361321 1.000000
7413316.632309 7413316.632309 1.000000
7410193.330375 7410193.330375 1.000000
7410536.411535 7410536.411535 1.000000
7411222.599306 7411222.599306 1.000000
7411774.658680 7411774.658680 1.000000
7411864.565996 7411864.565996 1.000000
7412351.044858 7412351.044858 1.000000
7412630.646709 7412630.646709 1.000000
7412561.243626 7412561.243626 1.000000
7411482.729905 7411482.729905 1.000000
7411951.027012 7411951.027012 1.000000
7412244.656126 7412244.656126 1.000000
7412640.897519 7412640.897519 1.000000
7412891.884051 7412891.884051 1.000000
7413084.820860 7413084.820860 1.000000
7413455.056672 7413455.056672 1.000000
7413667.536763 7413667.536763 1.000000
7413994.155286 7413994.155286 1.000000
7414398.675321 7414398.675321 1.000000
7415053.293076 7415053.293076 1.000000
7415389.775424 7415389.775424 1.000000
7415537.959088 7415537.959088 1.000000
7414174.486420 7414174.486420 1.000000
7413878.830613 7413878.830613 1.000000
7412226.460658 7412226.460658 1.000000
7411402.845785 7411402.845785 1.000000
7410710.554355 7410710.554355 1.000000
7410835.927226 7410835.927226 1.000000
7411279.144157 7411279.144157 1.000000
7412138.461501 7412138.461501 1.000000
7412651.420194 7412651.420194 1.000000
7414249.679790 7414249.679790 1.000000
7414140.564363 7414140.564363 1.000000
7414780.513402 7414780.513402 1.000000
7415474.554147 7415474.554147 1.000000
7416190.386448 7416190.386448 1.000000
7417019.186181 7417019.186181 1.000000
7417245.667350 7417245.667350 1.000000
7417806.219530 7417806.219530 1.000000
7418456.363898 7418456.363898 1.000000
7419307.751090 7419307.751090 1.000000
7419474.925085 7419474.925085 1.000000
7419992.533353 7419992.533353 1.000000
7419476.427973 7419476.427973 1.000000
7418902.405095 7418902.405095 1.000000
7418241.552336 7418241.552336 1.000000
7418709.598024 7418709.598024 1.000000
7418769.743172 7418769.743172 1.000000
7419337.253405 7419337.253405 1.000000
7419190.656757 7419190.656757 1.000000
7419256.561181 7419256.561181 1.000000
7419926.793188 7419926.793188 1.000000
7420031.414896 7420031.414896 1.000000
7420229.332748 7420229.332748 1.000000
7420467.734145 7420467.734145 1.000000
7420876.576783 7420876.576783 1.000000
7420974.845555 7420974.845555 1.000000
7421404.931224 7421404.931224 1.000000
7421423.982343 7421423.982343 1.000000
7421977.984788 7421977.984788 1.000000
7422141.207257 7422141.207257 1.000000
7420987.225257 7420987.225257 1.000000
7421297.295602 7421297.295602 1.000000
7421327.533185 7421327.533185 1.000000
7418496.460777 7418496.460777 1.000000
7418638.234790 7418638.234790 1.000000
7418726.047337 7418726.047337 1.000000
7417947.215207 7417947.215207 1.000000
7417297.896700 7417297.896700 1.000000
7415919.848517 7415919.848517 1.000000
7414800.246288 7414800.246288 1.000000
7413945.438116 7413945.438116 1.000000
7412828.025518 7412828.025518 1.000000
7412491.558814 7412491.558814 1.000000
7412535.107764 7412535.107764 1.000000
7413132.202210 7413132.202210 1.000000
7413297.860079 7413297.860079 1.000000
7412267.209045 7412267.209045 1.000000
7413332.153110 7413332.153110 1.000000
7413840.199484 7413840.199484 1.000000
7413970.418309 7413970.418309 1.000000
7414760.047017 7414760.047017 1.000000
7415145.085351 7415145.085351 1.000000
7415459.363035 7415459.363035 1.000000
7415761.827831 7415761.827831 1.000000
7416010.960952 7416010.960952 1.000000
7416266.440100 7416266.440100 1.000000
7416421.542780 7416421.542780 1.000000
7417337.932813 7417337.932813 1.000000
7417861.214167 7417861.214167 1.000000
7417182.667874 7417182.667874 1.000000
7417448.901648 7417448.901648 1.000000
7418159.108921 7418159.108921 1.000000
7418203.489733 7418203.489733 1.000000
7418264.258917 7418264.258917 1.000000
7418519.052138 7418519.052138 1.000000
7419382.046472 7419382.046472 1.000000
7416319.476482 7416319.476482 1.000000
7418439.193897 7418439.193897 1.000000
7418435.173903 7418435.173903 1.000000
7418950.324403 7418950.324403 1.000000
7419689.399711 7419689.399711 1.000000
7416952.884000 7416952.884000 1.000000
7417574.965559 7417574.965559 1.000000
7417811.357316 7417811.357316 1.000000
7416426.603310 7416426.603310 1.000000
7416954.883982 7416954.883982 1.000000
7418126.029233 7418126.029233 1.000000
7418183.359002 7418183.359002 1.000000
7417403.370246 7417403.370246 1.000000
7415089.562973 7415089.562973 1.000000
7416082.865549 7416082.865549 1.000000
7416580.787418 7416580.787418 1.000000
7417687.174513 7417687.174513 1.000000
7418733.737360 7418733.737360 1.000000
7416074.073328 7416074.073328 1.000000
7415710.600214 7415710.600214 1.000000
7416214.839412 7416214.839412 1.000000
7415408.252931 7415408.252931 1.000000
7415928.931548 7415928.931548 1.000000
7416217.492056 7416217.492056 1.000000
7416075.809563 7416075.809563 1.000000
7416674.345086 7416674.345086 1.000000
7417448.383349 7417448.383349 1.000000
7417835.879001 7417835.879001 1.000000
7418297.612423 7418297.612423 1.000000
7415773.809745 7415773.809745 1.000000
7410863.541633 7410863.541633 1.000000
7410964.098800 7410964.098800 1.000000
7408519.442969 7408519.442969 1.000000
7409334.425546 7409334.425546 1.000000
7409036.485653 7409036.485653 1.000000
7406860.720174 7406860.720174 1.000000
7405989.777105 7405989.777105 1.000000
7404012.922605 7404012.922605 1.000000
7404167.526900 7404167.526900 1.000000
7402477.660541 7402477.660541 1.000000
7402788.273169 7402788.273169 1.000000
7401642.650743 7401642.650743 1.000000
7402219.567781 7402219.567781 1.000000
7402995.778149 7402995.778149 1.000000
7404302.290236 7404302.290236 1.000000
7404658.873263 7404658.873263 1.000000
7404835.513345 7404835.513345 1.000000
7405611.057994 7405611.057994 1.000000
7406153.933563 7406153.933563 1.000000
7406476.599767 7406476.599767 1.000000
7406287.478268 7406287.478268 1.000000
7406054.677087 7406054.677087 1.000000
7406625.369797 7406625.369797 1.000000
7406927.520188 7406927.520188 1.000000
7406375.413068 7406375.413068 1.000000
7406480.874218 7406480.874218 1.000000
7406584.094304 7406584.094304 1.000000
7406836.864185 7406836.864185 1.000000
7407550.137500 7407550.137500 1.000000
7407386.237522 7407386.237522 1.000000
7407969.259940 7407969.259940 1.000000
7408297.207352 7408297.207352 1.000000
7408604.541994 7408604.541994 1.000000
7409121.493207 7409121.493207 1.000000
7410024.124847 7410024.124847 1.000000
7410312.944601 7410312.944601 1.000000
7410458.453604 7410458.453604 1.000000
7410917.602827 7410917.602827 1.000000
7411675.446418 7411675.446418 1.000000
7412122.721635 7412122.721635 1.000000
7412443.265331 7412443.265331 1.000000
7412989.894410 7412989.894410 1.000000
7413402.246990 7413402.246990 1.000000
7413491.942085 7413491.942085 1.000000
7414142.770123 7414142.770123 1.000000
7414484.257187 7414484.257187 1.000000
7414939.828325 7414939.828325 1.000000
7415006.852556 7415006.852556 1.000000
7415282.048234 7415282.048234 1.000000
7415827.123818 7415827.123818 1.000000
7416212.626808 7416212.626808 1.000000
7416706.270344 7416706.270344 1.000000
7416194.531677 7416194.531677 1.000000
7415928.206227 7415928.206227 1.000000
7416352.236485 7416352.236485 1.000000
7416882.937736 7416882.937736 1.000000
7417543.562240 7417543.562240 1.000000
7416577.441946 7416577.441946 1.000000
7416356.732916 7416356.732916 1.000000
7416783.369223 7416783.369223 1.000000
7417073.036373 7417073.036373 1.000000
7417670.935541 7417670.935541 1.000000
7417900.815741 7417900.815741 1.000000
7418549.925461 7418549.925461 1.000000
7418857.314788 7418857.314788 1.000000
7419070.147362 7419070.147362 1.000000
7419335.292970 7419335.292970 1.000000
7419421.232417 7419421.232417 1.000000
7418613.898909 7418613.898909 1.000000
7416057.355415 7416057.355415 1.000000
7414651.335012 7414651.335012 1.000000
7414975.083694 7414975.083694 1.000000
7415401.569622 7415401.569622 1.000000
7415276.943508 7415276.943508 1.000000
7415456.796520 7415456.796520 1.000000
7414815.138321 7414815.138321 1.000000
7415355.847811 7415355.847811 1.000000
7415805.521666 7415805.521666 1.000000
7416109.115673 7416109.115673 1.000000
7416927.318770 7416927.318770 1.000000
7417501.497751 7417501.497751 1.000000
7417952.626036 7417952.626036 1.000000
7417952.544031 7417952.544031 1.000000
7418429.071392 7418429.071392 1.000000
7418503.554544 7418503.554544 1.000000
7418635.577537 7418635.577537 1.000000
7418647.410070 7418647.410070 1.000000
7419339.478636 7419339.478636 1.000000
7419414.622136 7419414.622136 1.000000
7418173.709596 7418173.709596 1.000000
7416296.335362 7416296.335362 1.000000
7416657.267521 7416657.267521 1.000000
7416926.743960 7416926.743960 1.000000
7411912.944060 7411912.944060 1.000000
7408872.012113 7408872.012113 1.000000
7407406.903160 7407406.903160 1.000000
7405757.910868 7405757.910868 1.000000
7406042.203231 7406042.203231 1.000000
7406161.506970 7406161.506970 1.000000
7405989.923745 7405989.923745 1.000000
7405328.577802 7405328.577802 1.000000
7405902.557294 7405902.557294 1.000000
7406518.188993 7406518.188993 1.000000
7406702.326470 7406702.326470 1.000000
7406822.526222 7406822.526222 1.000000
7407138.267812 7407138.267812 1.000000
7407334.703045 7407334.703045 1.000000
7408008.655707 7408008.655707 1.000000
7408214.255593 7408214.255593 1.000000
7407999.206542 7407999.206542 1.000000
7407368.708757 7407368.708757 1.000000
7407648.615640 7407648.615640 1.000000
7407838.032955 7407838.032955 1.000000
7407958.371770 7407958.371770 1.000000
7408505.263765 7408505.263765 1.000000
7409085.717744 7409085.717744 1.000000
7410490.807454 7410490.807454 1.000000
7410356.777727 7410356.777727 1.000000
7410435.534695 7410435.534695 1.000000
7410983.008131 7410983.008131 1.000000
7411098.389458 7411098.389458 1.000000
7411359.147128 7411359.147128 1.000000
7409448.021076 7409448.021076 1.000000
7409799.923597 7409799.923597 1.000000
7410545.380900 7410545.380900 1.000000
7411593.265072 7411593.265072 1.000000
7411749.561236 7411749.561236 1.000000
7412199.938044 7412199.938044 1.000000
7412283.084939 7412283.084939 1.000000
7412929.604396 7412929.604396 1.000000
7413208.667267 7413208.667267 1.000000
7413411.369704 7413411.369704 1.000000
7413819.649077 7413819.649077 1.000000
7414619.520753 7414619.520753 1.000000
7415199.583937 7415199.583937 1.000000
7415289.781578 7415289.781578 1.000000
7415826.351430 7415826.351430 1.000000
7416205.940260 7416205.940260 1.000000
7416122.811371 7416122.811371 1.000000
7416309.236956 7416309.236956 1.000000
7416435.920291 7416435.920291 1.000000
7416087.483373 7416087.483373 1.000000
7415861.997373 7415861.997373 1.000000
7415284.624999 7415284.624999 1.000000
7415156.559712 7415156.559712 1.000000
7414873.637754 7414873.637754 1.000000
7414138.448433 7414138.448433 1.000000
7414278.597410 7414278.597410 1.000000
7413549.684808 7413549.684808 1.000000
7413249.627889 7413249.627889 1.000000
7413916.372361 7413916.372361 1.000000
7414213.701208 7414213.701208 1.000000
7412464.266765 7412464.266765 1.000000
7412879.769638 7412879.769638 1.000000
7412972.429414 7412972.429414 1.000000
7412559.110025 7412559.110025 1.000000
7412580.057728 7412580.057728 1.000000
7412846.787195 7412846.787195 1.000000
7413223.683001 7413223.683001 1.000000
7412899.081460 7412899.081460 1.000000
7413122.517366 7413122.517366 1.000000
7413537.316917 7413537.316917 1.000000
7413838.580317 7413838.580317 1.000000
7413988.805292 7413988.805292 1.000000
7414114.368227 7414114.368227 1.000000
7414274.198736 7414274.198736 1.000000
7415199.447794 7415199.447794 1.000000
7415272.213868 7415272.213868 1.000000
7415883.622066 7415883.622066 1.000000
7416177.073199 7416177.073199 1.000000
7416191.064471 7416191.064471 1.000000
7416488.720252 7416488.720252 1.000000
7416836.107869 7416836.107869 1.000000
7417881.216368 7417881.216368 1.000000
7417457.325025 7417457.325025 1.000000
7417641.472193 7417641.472193 1.000000
7417388.749670 7417388.749670 1.000000
7417911.413087 7417911.413087 1.000000
7418423.402715 7418423.402715 1.000000
7419232.081065 7419232.081065 1.000000
7419260.998203 7419260.998203 1.000000
7419496.003230 7419496.003230 1.000000
7418824.922788 7418824.922788 1.000000
7419361.524309 7419361.524309 1.000000
7419791.919036 7419791.919036 1.000000
7419987.729647 7419987.729647 1.000000
7420504.061208 7420504.061208 1.000000
7420679.263802 7420679.263802 1.000000
7420527.488593 7420527.488593 1.000000
7420672.843474 7420672.843474 1.000000
7420898.622614 7420898.622614 1.000000
7421014.022327 7421014.022327 1.000000
7421357.243836 7421357.243836 1.000000
7421868.070867 7421868.070867 1.000000
7421189.871525 7421189.871525 1.000000
7420905.349777 7420905.349777 1.000000
7421066.295768 7421066.295768 1.000000
7421338.246187 7421338.246187 1.000000
7421936.498499 7421936.498499 1.000000
7422402.007340 7422402.007340 1.000000
7422571.648981 7422571.648981 1.000000
7422829.603200 7422829.603200 1.000000
7422591.556114 7422591.556114 1.000000
7419558.929873 7419558.929873 1.000000
7418453.946391 7418453.946391 1.000000
7417402.203327 7417402.203327 1.000000
7417933.280763 7417933.280763 1.000000
7418226.905065 7418226.905065 1.000000
7416660.046878 7416660.046878 1.000000
7415937.482744 7415937.482744 1.000000
7417070.860835 7417070.860835 1.000000
7417680.297255 7417680.297255 1.000000
7417849.114531 7417849.114531 1.000000
7418723.381632 7418723.381632 1.000000
7417949.920090 7417949.920090 1.000000
7418136.616558 7418136.616558 1.000000
7416895.578124 7416895.578124 1.000000
7415436.508053 7415436.508053 1.000000
7415599.550141 7415599.550141 1.000000
7415759.376816 7415759.376816 1.000000
7416786.746441 7416786.746441 1.000000
7417534.702108 7417534.702108 1.000000
7418490.426175 7418490.426175 1.000000
7417887.018005 7417887.018005 1.000000
7417465.933703 7417465.933703 1.000000
7417645.577900 7417645.577900 1.000000
7417689.955204 7417689.955204 1.000000
7416360.628722 7416360.628722 1.000000
7416502.572359 7416502.572359 1.000000
7417668.148259 7417668.148259 1.000000
7418561.562429 7418561.562429 1.000000
7419421.238590 7419421.238590 1.000000
7420108.715137 7420108.715137 1.000000
7420483.758692 7420483.758692 1.000000
7420291.293755 7420291.293755 1.000000
7419878.450200 7419878.450200 1.000000
7420334.000227 7420334.000227 1.000000
7421065.010190 7421065.010190 1.000000
7420891.605637 7420891.605637 1.000000
7421367.570381 7421367.570381 1.000000
7420746.791407 7420746.791407 1.000000
7417191.287127 7417191.287127 1.000000
7412723.625672 7412723.625672 1.000000
7411300.439791 7411300.439791 1.000000
7409423.331911 7409423.331911 1.000000
7408316.184332 7408316.184332 1.000000
7406530.959442 7406530.959442 1.000000
7406543.775516 7406543.775516 1.000000
7406824.254847 7406824.254847 1.000000
7404204.679722 7404204.679722 1.000000
7402074.568473 7402074.568473 1.000000
7402350.470020 7402350.470020 1.000000
7402785.762100 7402785.762100 1.000000
7403221.089685 7403221.089685 1.000000
7403859.937817 7403859.937817 1.000000
7404092.820230 7404092.820230 1.000000
7404333.204549 7404333.204549 1.000000
7404439.825369 7404439.825369 1.000000
7404971.761806 7404971.761806 1.000000
7405331.817450 7405331.817450 1.000000
7404558.909429 7404558.909429 1.000000
7405321.368600 7405321.368600 1.000000
7405949.156428 7405949.156428 1.000000
7406346.121531 7406346.121531 1.000000
7407701.574474 7407701.574474 1.000000
7408134.423702 7408134.423702 1.000000
7408942.070943 7408942.070943 1.000000
7409700.745674 7409700.745674 1.000000
7410277.215533 7410277.215533 1.000000
7410931.178600 7410931.178600 1.000000
7411770.854229 7411770.854229 1.000000
7413046.655582 7413046.655582 1.000000
7413859.802775 7413859.802775 1.000000
7414173.165779 7414173.165779 1.000000
7412542.751666 7412542.751666 1.000000
7412797.169024 7412797.169024 1.000000
7410874.657171 7410874.657171 1.000000
7411655.541417 7411655.541417 1.000000
7412429.220690 7412429.220690 1.000000
7413318.070588 7413318.070588 1.000000
7413911.190886 7413911.190886 1.000000
7414207.018555 7414207.018555 1.000000
7414674.443231 7414674.443231 1.000000
7415018.497129 7415018.497129 1.000000
7415477.107088 7415477.107088 1.000000
7414715.508176 7414715.508176 1.000000
7414764.845544 7414764.845544 1.000000
7414980.537123 7414980.537123 1.000000
7415213.264232 7415213.264232 1.000000
7415330.958995 7415330.958995 1.000000
7412985.634068 7412985.634068 1.000000
7412988.039671 7412988.039671 1.000000
7412804.763968 7412804.763968 1.000000
7413308.051365 7413308.051365 1.000000
7413164.536189 7413164.536189 1.000000
7414665.431075 7414665.431075 1.000000
7415302.648761 7415302.648761 1.000000
7415830.030322 7415830.030322 1.000000
7416205.817995 7416205.817995 1.000000
7416500.979462 7416500.979462 1.000000
7416661.840384 7416661.840384 1.000000
7416209.296178 7416209.296178 1.000000
7417090.587526 7417090.587526 1.000000
7417551.381239 7417551.381239 1.000000
7417265.153734 7417265.153734 1.000000
7417380.300882 7417380.300882 1.000000
7417570.491398 7417570.491398 1.000000
7416399.685518 7416399.685518 1.000000
7416391.228075 7416391.228075 1.000000
7416296.379859 7416296.379859 1.000000
7416416.842411 7416416.842411 1.000000
7416495.376464 7416495.376464 1.000000
7416592.955676 7416592.955676 1.000000
7415084.736552 7415084.736552 1.000000
7414989.132594 7414989.132594 1.000000
7415477.296809 7415477.296809 1.000000
7414193.829869 7414193.829869 1.000000
7414543.435109 7414543.435109 1.000000
7414910.440066 7414910.440066 1.000000
7415210.509984 7415210.509984 1.000000
7415746.250564 7415746.250564 1.000000
7415977.944829 7415977.944829 1.000000
7416346.245806 7416346.245806 1.000000
7416128.704582 7416128.704582 1.000000
7416871.042729 7416871.042729 1.000000
7417442.121306 7417442.121306 1.000000
7417730.963492 7417730.963492 1.000000
7418522.682237 7418522.682237 1.000000
7419745.901263 7419745.901263 1.000000
7419410.442795 7419410.442795 1.000000
7420285.420603 7420285.420603 1.000000
7420551.282431 7420551.282431 1.000000
7420996.155542 7420996.155542 1.000000
7419878.405127 7419878.405127 1.000000
7420645.541528 7420645.541528 1.000000
7419447.225876 7419447.225876 1.000000
7419308.231168 7419308.231168 1.000000
7419498.281377 7419498.281377 1.000000
7417411.091914 7417411.091914 1.000000
7417437.905749 7417437.905749 1.000000
7417967.199321 7417967.199321 1.000000
7418332.931419 7418332.931419 1.000000
7418875.480155 7418875.480155 1.000000
7419802.087882 7419802.087882 1.000000
7415760.644508 7415760.644508 1.000000
7416336.769427 7416336.769427 1.000000
7414702.922691 7414702.922691 1.000000
7415026.682926 7415026.682926 1.000000
7415166.036082 7415166.036082 1.000000
7415820.067791 7415820.067791 1.000000
7415911.967199 7415911.967199 1.000000
7416355.998952 7416355.998952 1.000000
7416483.814155 7416483.814155 1.000000
7416504.674458 7416504.674458 1.000000
7415820.651284 7415820.651284 1.000000
7416024.402290 7416024.402290 1.000000
7413338.082989 7413338.082989 1.000000
7412504.484429 7412504.484429 1.000000
7410062.388157 7410062.388157 1.000000
7410651.296137 7410651.296137 1.000000
7411753.195165 7411753.195165 1.000000
7412754.992185 7412754.992185 1.000000
7413321.200630 7413321.200630 1.000000
7414454.538983 7414454.538983 1.000000
7415239.424307 7415239.424307 1.000000
7415425.380169 7415425.380169 1.000000
7416860.854678 7416860.854678 1.000000
7416970.626354 7416970.626354 1.000000
7417063.977622 7417063.977622 1.000000
7416060.573064 7416060.573064 1.000000
7415104.537246 7415104.537246 1.000000
7415345.075631 7415345.075631 1.000000
