7334850.030240 7334850.030240 1.000000
7335083.611898 7335083.611898 1.000000
7335357.424046 7335357.424046 1.000000
7335582.783616 7335582.783616 1.000000
7335830.370864 7335830.370864 1.000000
7336081.040005 7336081.040005 1.000000
7336288.903324 7336288.903324 1.000000
7336545.819141 7336545.819141 1.000000
7336772.287989 7336772.287989 1.000000
7337004.990120 7337004.990120 1.000000
7337231.852657 7337231.852657 1.000000
7337540.355438 7337540.355438 1.000000
7337812.186162 7337812.186162 1.000000
7338036.035717 7338036.035717 1.000000
7338250.499194 7338250.499194 1.000000
7338489.129765 7338489.129765 1.000000
7338711.671130 7338711.671130 1.000000
7338884.003862 7338884.003862 1.000000
7339082.342046 7339082.342046 1.000000
7339324.866199 7339324.866199 1.000000
7339528.536731 7339528.536731 1.000000
7339725.249655 7339725.249655 1.000000
7340026.185857 7340026.185857 1.000000
7340275.561392 7340275.561392 1.000000
7340468.525500 7340468.525500 1.000000
7340721.011312 7340721.011312 1.000000
7340959.135890 7340959.135890 1.000000
7341170.504510 7341170.504510 1.000000
7341376.726080 7341376.726080 1.000000
7341551.459814 7341551.459814 1.000000
7341764.096423 7341764.096423 1.000000
7341969.653000 7341969.653000 1.000000
7342185.163522 7342185.163522 1.000000
7342411.753482 7342411.753482 1.000000
7342603.224885 7342603.224885 1.000000
7342808.012104 7342808.012104 1.000000
7343026.687464 7343026.687464 1.000000
7343271.005322 7343271.005322 1.000000
7343495.654845 7343495.654845 1.000000
7343726.095382 7343726.095382 1.000000
7334821.710516 7334821.710516 1.000000
7335016.055829 7335016.055829 1.000000
7335267.111619 7335267.111619 1.000000
7335455.394221 7335455.394221 1.000000
7335692.735354 7335692.735354 1.000000
7335881.859094 7335881.859094 1.000000
7336144.675330 7336144.675330 1.000000
7336367.536067 7336367.536067 1.000000
7336588.478773 7336588.478773 1.000000
7336780.995032 7336780.995032 1.000000
7336991.028249 7336991.028249 1.000000
7337190.761015 7337190.761015 1.000000
7337424.426491 7337424.426491 1.000000
7337603.435284 7337603.435284 1.000000
7337843.059315 7337843.059315 1.000000
7338077.592101 7338077.592101 1.000000
7338287.131812 7338287.131812 1.000000
7338504.207075 7338504.207075 1.000000
7338724.373545 7338724.373545 1.000000
7338939.362291 7338939.362291 1.000000
7339146.304665 7339146.304665 1.000000
7339362.381645 7339362.381645 1.000000
7339598.774793 7339598.774793 1.000000
7339812.120420 7339812.120420 1.000000
7340026.382406 7340026.382406 1.000000
7340222.044190 7340222.044190 1.000000
7340439.265991 7340439.265991 1.000000
7340660.608785 7340660.608785 1.000000
7340889.970572 7340889.970572 1.000000
7341104.427786 7341104.427786 1.000000
7341331.446278 7341331.446278 1.000000
7341544.163663 7341544.163663 1.000000
7341733.885832 7341733.885832 1.000000
7341954.508442 7341954.508442 1.000000
7342126.399587 7342126.399587 1.000000
7342352.654775 7342352.654775 1.000000
7342591.362547 7342591.362547 1.000000
7342766.226327 7342766.226327 1.000000
7343007.913443 7343007.913443 1.000000
7343226.234998 7343226.234998 1.000000
7343392.540402 7343392.540402 1.000000
7343546.841008 7343546.841008 1.000000
7343696.169235 7343696.169235 1.000000
7343876.239182 7343876.239182 1.000000
7344071.243152 7344071.243152 1.000000
7344282.515926 7344282.515926 1.000000
7344449.395281 7344449.395281 1.000000
7344639.920128 7344639.920128 1.000000
7344814.211688 7344814.211688 1.000000
7345061.242450 7345061.242450 1.000000
7345236.750959 7345236.750959 1.000000
7345433.887022 7345433.887022 1.000000
7345622.950094 7345622.950094 1.000000
7345846.212961 7345846.212961 1.000000
7346037.713464 7346037.713464 1.000000
7346211.067817 7346211.067817 1.000000
7346443.260132 7346443.260132 1.000000
7346631.767338 7346631.767338 1.000000
7346836.608114 7346836.608114 1.000000
7347043.350027 7347043.350027 1.000000
7347233.763562 7347233.763562 1.000000
7347430.286063 7347430.286063 1.000000
7347636.550347 7347636.550347 1.000000
7347837.567641 7347837.567641 1.000000
7348064.941801 7348064.941801 1.000000
7348248.981445 7348248.981445 1.000000
7348473.246557 7348473.246557 1.000000
7348672.341938 7348672.341938 1.000000
7348869.776522 7348869.776522 1.000000
7349080.353048 7349080.353048 1.000000
7349280.244764 7349280.244764 1.000000
7349463.827068 7349463.827068 1.000000
7349617.857782 7349617.857782 1.000000
7349810.414144 7349810.414144 1.000000
7349963.411811 7349963.411811 1.000000
7350144.182787 7350144.182787 1.000000
7350358.231960 7350358.231960 1.000000
7350533.985169 7350533.985169 1.000000
7350677.807977 7350677.807977 1.000000
7350809.267848 7350809.267848 1.000000
7350988.776797 7350988.776797 1.000000
7351105.350816 7351105.350816 1.000000
7351232.743457 7351232.743457 1.000000
7351375.908221 7351375.908221 1.000000
7351505.306326 7351505.306326 1.000000
7351681.930425 7351681.930425 1.000000
7351834.082543 7351834.082543 1.000000
7352031.759849 7352031.759849 1.000000
7352169.941600 7352169.941600 1.000000
7352318.152301 7352318.152301 1.000000
7352497.857225 7352497.857225 1.000000
7352600.721118 7352600.721118 1.000000
7352747.655852 7352747.655852 1.000000
7352865.766712 7352865.766712 1.000000
7353033.980854 7353033.980854 1.000000
7353235.999733 7353235.999733 1.000000
7353399.047707 7353399.047707 1.000000
7353563.143844 7353563.143844 1.000000
7353787.203094 7353787.203094 1.000000
7353955.768657 7353955.768657 1.000000
7354139.074967 7354139.074967 1.000000
7354311.023701 7354311.023701 1.000000
7354465.496756 7354465.496756 1.000000
7354599.276752 7354599.276752 1.000000
7354769.819691 7354769.819691 1.000000
7354937.217127 7354937.217127 1.000000
7355121.090043 7355121.090043 1.000000
7355284.219325 7355284.219325 1.000000
7355428.204879 7355428.204879 1.000000
7355604.307543 7355604.307543 1.000000
7355750.879511 7355750.879511 1.000000
7355867.536157 7355867.536157 1.000000
7356037.245182 7356037.245182 1.000000
7356203.111372 7356203.111372 1.000000
7356324.599745 7356324.599745 1.000000
7356470.255197 7356470.255197 1.000000
7356635.535281 7356635.535281 1.000000
7356749.214406 7356749.214406 1.000000
7356884.428839 7356884.428839 1.000000
7357035.927453 7357035.927453 1.000000
7357204.986637 7357204.986637 1.000000
7357334.286084 7357334.286084 1.000000
7357483.171287 7357483.171287 1.000000
7357612.648930 7357612.648930 1.000000
7357764.359013 7357764.359013 1.000000
7357871.245875 7357871.245875 1.000000
7357981.165720 7357981.165720 1.000000
7358084.358233 7358084.358233 1.000000
7358242.113220 7358242.113220 1.000000
7358394.256927 7358394.256927 1.000000
7358529.955764 7358529.955764 1.000000
7358698.423685 7358698.423685 1.000000
7358822.005704 7358822.005704 1.000000
7358926.654882 7358926.654882 1.000000
7359047.434333 7359047.434333 1.000000
7359173.649861 7359173.649861 1.000000
7359294.324696 7359294.324696 1.000000
7359433.119294 7359433.119294 1.000000
7359553.959545 7359553.959545 1.000000
7359681.070327 7359681.070327 1.000000
7359809.489786 7359809.489786 1.000000
7359946.314569 7359946.314569 1.000000
7360067.466313 7360067.466313 1.000000
7360216.076810 7360216.076810 1.000000
7360371.577572 7360371.577572 1.000000
7360530.288064 7360530.288064 1.000000
7360663.835114 7360663.835114 1.000000
7360821.059364 7360821.059364 1.000000
7360934.528223 7360934.528223 1.000000
7361060.810039 7361060.810039 1.000000
7361220.268342 7361220.268342 1.000000
7361338.186614 7361338.186614 1.000000
7361486.475544 7361486.475544 1.000000
7361614.732990 7361614.732990 1.000000
7361760.112230 7361760.112230 1.000000
7361905.732162 7361905.732162 1.000000
7362035.753249 7362035.753249 1.000000
7426180.762984 7426180.762984 1.000000
7425213.683658 7425213.683658 1.000000
7425102.762440 7425102.762440 1.000000
7424174.374673 7424174.374673 1.000000
7423430.789376 7423430.789376 1.000000
7422798.390569 7422798.390569 1.000000
7422022.253064 7422022.253064 1.000000
7421656.210688 7421656.210688 1.000000
7421246.204548 7421246.204548 1.000000
7420717.190390 7420717.190390 1.000000
7420297.777169 7420297.777169 1.000000
7419770.375576 7419770.375576 1.000000
7419161.377550 7419161.377550 1.000000
7418394.860307 7418394.860307 1.000000
7417710.504185 7417710.504185 1.000000
7416821.249260 7416821.249260 1.000000
7416407.575779 7416407.575779 1.000000
7415775.577941 7415775.577941 1.000000
7415237.543152 7415237.543152 1.000000
7414619.890388 7414619.890388 1.000000
7414047.499689 7414047.499689 1.000000
7413442.299501 7413442.299501 1.000000
7412737.476479 7412737.476479 1.000000
7411985.088141 7411985.088141 1.000000
7411660.145510 7411660.145510 1.000000
7411157.634719 7411157.634719 1.000000
7410853.172386 7410853.172386 1.000000
7410726.839575 7410726.839575 1.000000
7410517.742933 7410517.742933 1.000000
7409848.227060 7409848.227060 1.000000
7409378.924907 7409378.924907 1.000000
7409517.597875 7409517.597875 1.000000
7409338.822230 7409338.822230 1.000000
7408969.430009 7408969.430009 1.000000
7408686.438508 7408686.438508 1.000000
7408220.325534 7408220.325534 1.000000
7408020.814650 7408020.814650 1.000000
7407540.227076 7407540.227076 1.000000
7407366.847010 7407366.847010 1.000000
7406985.087229 7406985.087229 1.000000
7406597.423038 7406597.423038 1.000000
7406279.164982 7406279.164982 1.000000
7406464.421822 7406464.421822 1.000000
7406638.488344 7406638.488344 1.000000
7406801.951405 7406801.951405 1.000000
7406989.519688 7406989.519688 1.000000
7406169.215204 7406169.215204 1.000000
7406654.307817 7406654.307817 1.000000
7406990.686853 7406990.686853 1.000000
7407185.890310 7407185.890310 1.000000
7407438.045886 7407438.045886 1.000000
7407857.118288 7407857.118288 1.000000
7408028.858731 7408028.858731 1.000000
7407450.030966 7407450.030966 1.000000
7407637.801767 7407637.801767 1.000000
7407772.588555 7407772.588555 1.000000
7407607.331802 7407607.331802 1.000000
7407424.415198 7407424.415198 1.000000
7407781.029074 7407781.029074 1.000000
7407925.229402 7407925.229402 1.000000
7407611.398011 7407611.398011 1.000000
7407459.827671 7407459.827671 1.000000
7407542.525861 7407542.525861 1.000000
7407969.008978 7407969.008978 1.000000
7408595.321023 7408595.321023 1.000000
7408417.517636 7408417.517636 1.000000
7408761.196556 7408761.196556 1.000000
7409296.342634 7409296.342634 1.000000
7408606.333182 7408606.333182 1.000000
7408438.441181 7408438.441181 1.000000
7408264.285498 7408264.285498 1.000000
7408460.923168 7408460.923168 1.000000
7408620.013663 7408620.013663 1.000000
7408781.129071 7408781.129071 1.000000
7408660.549031 7408660.549031 1.000000
7408466.871280 7408466.871280 1.000000
7409279.069515 7409279.069515 1.000000
7408415.369482 7408415.369482 1.000000
7408449.167112 7408449.167112 1.000000
7408640.358697 7408640.358697 1.000000
7408834.496089 7408834.496089 1.000000
7408938.503069 7408938.503069 1.000000
7409153.192492 7409153.192492 1.000000
7409270.064852 7409270.064852 1.000000
7409451.536828 7409451.536828 1.000000
7409809.189485 7409809.189485 1.000000
7408868.859353 7408868.859353 1.000000
7408739.888875 7408739.888875 1.000000
7409460.562813 7409460.562813 1.000000
7409588.422163 7409588.422163 1.000000
7409364.447379 7409364.447379 1.000000
7408926.707318 7408926.707318 1.000000
7408818.525937 7408818.525937 1.000000
7409031.109544 7409031.109544 1.000000
7408916.915377 7408916.915377 1.000000
7409127.934240 7409127.934240 1.000000
7409550.304992 7409550.304992 1.000000
7409879.474920 7409879.474920 1.000000
7410255.615837 7410255.615837 1.000000
7410775.468840 7410775.468840 1.000000
7410927.905601 7410927.905601 1.000000
7410591.682030 7410591.682030 1.000000
7410942.301085 7410942.301085 1.000000
7411202.188136 7411202.188136 1.000000
7411033.513369 7411033.513369 1.000000
7410857.018774 7410857.018774 1.000000
7410107.225507 7410107.225507 1.000000
7410300.507729 7410300.507729 1.000000
7410170.824465 7410170.824465 1.000000
7409543.911140 7409543.911140 1.000000
7409357.844860 7409357.844860 1.000000
7409626.735892 7409626.735892 1.000000
7409952.816168 7409952.816168 1.000000
7410145.653362 7410145.653362 1.000000
7410022.459441 7410022.459441 1.000000
7410418.735238 7410418.735238 1.000000
7410564.519675 7410564.519675 1.000000
7411322.411103 7411322.411103 1.000000
7412260.081694 7412260.081694 1.000000
7412397.133013 7412397.133013 1.000000
7412719.420223 7412719.420223 1.000000
7412918.164413 7412918.164413 1.000000
7413825.127820 7413825.127820 1.000000
7414108.662690 7414108.662690 1.000000
7414633.515594 7414633.515594 1.000000
7414895.427110 7414895.427110 1.000000
7414300.521890 7414300.521890 1.000000
7414297.980910 7414297.980910 1.000000
7414006.705300 7414006.705300 1.000000
7414141.518804 7414141.518804 1.000000
7413279.708173 7413279.708173 1.000000
7413513.412622 7413513.412622 1.000000
7413793.125004 7413793.125004 1.000000
7413948.628092 7413948.628092 1.000000
7414177.466053 7414177.466053 1.000000
7413269.162183 7413269.162183 1.000000
7413388.670207 7413388.670207 1.000000
7413525.697226 7413525.697226 1.000000
7413747.306514 7413747.306514 1.000000
7414084.407912 7414084.407912 1.000000
7414343.977659 7414343.977659 1.000000
7414851.747421 7414851.747421 1.000000
7415135.265935 7415135.265935 1.000000
7415479.761132 7415479.761132 1.000000
7415656.235670 7415656.235670 1.000000
7415948.010814 7415948.010814 1.000000
7416444.464361 7416444.464361 1.000000
7416752.290642 7416752.290642 1.000000
7417229.907192 7417229.907192 1.000000
7417555.574041 7417555.574041 1.000000
7417906.100161 7417906.100161 1.000000
7418157.157382 7418157.157382 1.000000
7418557.709137 7418557.709137 1.000000
7418836.081738 7418836.081738 1.000000
7419315.231304 7419315.231304 1.000000
7420299.990179 7420299.990179 1.000000
7420642.948733 7420642.948733 1.000000
7420810.016890 7420810.016890 1.000000
7421327.612246 7421327.612246 1.000000
7421743.937107 7421743.937107 1.000000
7422413.186561 7422413.186561 1.000000
7422698.225102 7422698.225102 1.000000
7422926.039690 7422926.039690 1.000000
7422004.983516 7422004.983516 1.000000
7422179.361528 7422179.361528 1.000000
7422742.455577 7422742.455577 1.000000
7423116.655146 7423116.655146 1.000000
7423333.286530 7423333.286530 1.000000
7422882.686205 7422882.686205 1.000000
7422989.664355 7422989.664355 1.000000
7422647.469819 7422647.469819 1.000000
7422296.638205 7422296.638205 1.000000
7421859.232094 7421859.232094 1.000000
7421465.096008 7421465.096008 1.000000
7420912.470349 7420912.470349 1.000000
7421190.517538 7421190.517538 1.000000
7420425.967976 7420425.967976 1.000000
7419786.880826 7419786.880826 1.000000
7419419.682879 7419419.682879 1.000000
7418461.120344 7418461.120344 1.000000
7418132.247007 7418132.247007 1.000000
7417900.592568 7417900.592568 1.000000
7417675.761739 7417675.761739 1.000000
7417549.948803 7417549.948803 1.000000
7417271.442987 7417271.442987 1.000000
7416634.030428 7416634.030428 1.000000
7415650.214897 7415650.214897 1.000000
7415921.277175 7415921.277175 1.000000
7415819.488157 7415819.488157 1.000000
7416011.710332 7416011.710332 1.000000
7415639.177015 7415639.177015 1.000000
7415454.435940 7415454.435940 1.000000
7416425.869148 7416425.869148 1.000000
7416201.262770 7416201.262770 1.000000
7416070.607737 7416070.607737 1.000000
7415843.767153 7415843.767153 1.000000
7416030.916705 7416030.916705 1.000000
7415810.224096 7415810.224096 1.000000
7415205.509856 7415205.509856 1.000000
7414829.463711 7414829.463711 1.000000
7414274.504844 7414274.504844 1.000000
7413909.776690 7413909.776690 1.000000
7414025.778914 7414025.778914 1.000000
7413605.693787 7413605.693787 1.000000
7413065.210312 7413065.210312 1.000000
7412777.651122 7412777.651122 1.000000
7412634.845967 7412634.845967 1.000000
7413042.408003 7413042.408003 1.000000
7412539.276206 7412539.276206 1.000000
7412171.786484 7412171.786484 1.000000
7412304.908285 7412304.908285 1.000000
7411985.605879 7411985.605879 1.000000
7411146.207538 7411146.207538 1.000000
7411636.786902 7411636.786902 1.000000
7411500.094084 7411500.094084 1.000000
7411078.958005 7411078.958005 1.000000
7411498.606129 7411498.606129 1.000000
7411284.163107 7411284.163107 1.000000
7411541.780702 7411541.780702 1.000000
7412219.041541 7412219.041541 1.000000
7411977.348075 7411977.348075 1.000000
7412645.428644 7412645.428644 1.000000
7412543.165816 7412543.165816 1.000000
7412428.359831 7412428.359831 1.000000
7412406.566585 7412406.566585 1.000000
7412856.330848 7412856.330848 1.000000
7412092.616783 7412092.616783 1.000000
7411887.645746 7411887.645746 1.000000
7412678.279151 7412678.279151 1.000000
7411904.975861 7411904.975861 1.000000
7412538.447114 7412538.447114 1.000000
7412100.899521 7412100.899521 1.000000
7411799.671470 7411799.671470 1.000000
7411445.444705 7411445.444705 1.000000
7411265.795876 7411265.795876 1.000000
7411390.860781 7411390.860781 1.000000
7411249.261630 7411249.261630 1.000000
7410655.894811 7410655.894811 1.000000
7410339.586184 7410339.586184 1.000000
7410081.873839 7410081.873839 1.000000
7409930.540272 7409930.540272 1.000000
7410268.289361 7410268.289361 1.000000
7410112.360560 7410112.360560 1.000000
7409188.317978 7409188.317978 1.000000
7408989.292972 7408989.292972 1.000000
7408294.815974 7408294.815974 1.000000
7409223.310116 7409223.310116 1.000000
7408342.539445 7408342.539445 1.000000
7408166.929890 7408166.929890 1.000000
7407934.262405 7407934.262405 1.000000
7407467.367569 7407467.367569 1.000000
