7255737.889129 7255737.889129 1.000000
7223124.876209 7223124.876209 1.000000
7209283.172782 7209283.172782 1.000000
7200841.124591 7200841.124591 1.000000
7195336.638929 7195336.638929 1.000000
7192056.410236 7192056.410236 1.000000
7189644.536709 7189644.536709 1.000000
7187290.425734 7187290.425734 1.000000
7185506.370322 7185506.370322 1.000000
7184064.256418 7184064.256418 1.000000
7182710.735464 7182710.735464 1.000000
7181601.098920 7181601.098920 1.000000
7180714.939742 7180714.939742 1.000000
7180192.138142 7180192.138142 1.000000
7179460.298032 7179460.298032 1.000000
7178880.853424 7178880.853424 1.000000
7178364.857847 7178364.857847 1.000000
7177919.637615 7177919.637615 1.000000
7177544.255997 7177544.255997 1.000000
7177082.815786 7177082.815786 1.000000
7176828.369689 7176828.369689 1.000000
7176634.417773 7176634.417773 1.000000
7176410.832092 7176410.832092 1.000000
7176211.763453 7176211.763453 1.000000
7176064.714500 7176064.714500 1.000000
7175777.544867 7175777.544867 1.000000
7175643.177433 7175643.177433 1.000000
7174863.899280 7174863.899280 1.000000
7174748.609654 7174748.609654 1.000000
7174607.839406 7174607.839406 1.000000
7174493.461450 7174493.461450 1.000000
7174239.517779 7174239.517779 1.000000
7174039.213439 7174039.213439 1.000000
7173541.353088 7173541.353088 1.000000
7173257.916763 7173257.916763 1.000000
7173035.110885 7173035.110885 1.000000
7173227.343832 7173227.343832 1.000000
7172638.203628 7172638.203628 1.000000
7172759.627626 7172759.627626 1.000000
7173666.409533 7173666.409533 1.000000
7173500.322987 7173500.322987 1.000000
7173333.101975 7173333.101975 1.000000
7173888.562678 7173888.562678 1.000000
7173912.309818 7173912.309818 1.000000
7173669.193989 7173669.193989 1.000000
7172505.713025 7172505.713025 1.000000
7173384.922663 7173384.922663 1.000000
7173212.789824 7173212.789824 1.000000
7173042.505231 7173042.505231 1.000000
7172592.766552 7172592.766552 1.000000
7172908.175975 7172908.175975 1.000000
7172699.018559 7172699.018559 1.000000
7172551.897199 7172551.897199 1.000000
7173322.702854 7173322.702854 1.000000
7172386.129656 7172386.129656 1.000000
7172129.083615 7172129.083615 1.000000
7172236.744035 7172236.744035 1.000000
7172076.560926 7172076.560926 1.000000
7171881.252220 7171881.252220 1.000000
7171693.085589 7171693.085589 1.000000
7172261.763161 7172261.763161 1.000000
7171810.886674 7171810.886674 1.000000
7170990.995174 7170990.995174 1.000000
7171222.865792 7171222.865792 1.000000
7170296.847936 7170296.847936 1.000000
7170988.152719 7170988.152719 1.000000
7170417.323798 7170417.323798 1.000000
7170444.825863 7170444.825863 1.000000
7169924.321412 7169924.321412 1.000000
7170685.679814 7170685.679814 1.000000
7170580.035673 7170580.035673 1.000000
7170421.961496 7170421.961496 1.000000
7170609.277682 7170609.277682 1.000000
7170880.260092 7170880.260092 1.000000
7171640.717422 7171640.717422 1.000000
7171400.900790 7171400.900790 1.000000
7171565.791928 7171565.791928 1.000000
7171541.782433 7171541.782433 1.000000
7171656.671712 7171656.671712 1.000000
7171080.954667 7171080.954667 1.000000
7170383.156563 7170383.156563 1.000000
7170831.410154 7170831.410154 1.000000
7170837.800217 7170837.800217 1.000000
7171769.363783 7171769.363783 1.000000
7172031.501393 7172031.501393 1.000000
7172615.201069 7172615.201069 1.000000
7171883.910808 7171883.910808 1.000000
7172868.631125 7172868.631125 1.000000
7173103.216507 7173103.216507 1.000000
7173230.902737 7173230.902737 1.000000
7173400.284651 7173400.284651 1.000000
7173876.309123 7173876.309123 1.000000
7173666.200599 7173666.200599 1.000000
7174383.841362 7174383.841362 1.000000
7174211.539896 7174211.539896 1.000000
7174043.472398 7174043.472398 1.000000
7175033.629078 7175033.629078 1.000000
7175285.283689 7175285.283689 1.000000
7175299.823968 7175299.823968 1.000000
7175043.271280 7175043.271280 1.000000
7176027.906468 7176027.906468 1.000000
7175873.115521 7175873.115521 1.000000
7175300.215103 7175300.215103 1.000000
7175555.327478 7175555.327478 1.000000
7175191.218127 7175191.218127 1.000000
7174691.741612 7174691.741612 1.000000
7175015.359774 7175015.359774 1.000000
7175429.961288 7175429.961288 1.000000
7174884.009240 7174884.009240 1.000000
7175821.144858 7175821.144858 1.000000
7175572.595947 7175572.595947 1.000000
7175766.192304 7175766.192304 1.000000
7175677.218677 7175677.218677 1.000000
7175358.548955 7175358.548955 1.000000
7176005.038459 7176005.038459 1.000000
7175648.365480 7175648.365480 1.000000
7175318.384789 7175318.384789 1.000000
7175029.022994 7175029.022994 1.000000
7174255.081382 7174255.081382 1.000000
7174570.716804 7174570.716804 1.000000
7174264.020043 7174264.020043 1.000000
7174372.190376 7174372.190376 1.000000
7174131.088755 7174131.088755 1.000000
7173674.699037 7173674.699037 1.000000
7173788.458991 7173788.458991 1.000000
7174421.116392 7174421.116392 1.000000
7175234.099312 7175234.099312 1.000000
7175596.541115 7175596.541115 1.000000
7175448.920959 7175448.920959 1.000000
7176042.468461 7176042.468461 1.000000
7176806.729311 7176806.729311 1.000000
7176364.577625 7176364.577625 1.000000
7176203.898711 7176203.898711 1.000000
7176046.056036 7176046.056036 1.000000
7175134.395728 7175134.395728 1.000000
7175473.860529 7175473.860529 1.000000
7175967.988542 7175967.988542 1.000000
7176932.970909 7176932.970909 1.000000
7177898.725863 7177898.725863 1.000000
7178388.311943 7178388.311943 1.000000
7178930.624468 7178930.624468 1.000000
7179207.596558 7179207.596558 1.000000
7179056.022416 7179056.022416 1.000000
7179160.474831 7179160.474831 1.000000
7178925.686427 7178925.686427 1.000000
7178749.384016 7178749.384016 1.000000
7178007.310560 7178007.310560 1.000000
7178007.935572 7178007.935572 1.000000
7178191.077548 7178191.077548 1.000000
7178647.848211 7178647.848211 1.000000
7178378.772349 7178378.772349 1.000000
7178206.789684 7178206.789684 1.000000
7178480.864010 7178480.864010 1.000000
7178154.694277 7178154.694277 1.000000
7178810.251374 7178810.251374 1.000000
7178609.468334 7178609.468334 1.000000
7178410.854238 7178410.854238 1.000000
7178264.779064 7178264.779064 1.000000
7177553.744408 7177553.744408 1.000000
7177428.433891 7177428.433891 1.000000
7177271.143334 7177271.143334 1.000000
7176967.166974 7176967.166974 1.000000
7177204.088504 7177204.088504 1.000000
7176936.819287 7176936.819287 1.000000
7177058.435583 7177058.435583 1.000000
7177503.563567 7177503.563567 1.000000
7176666.252662 7176666.252662 1.000000
7176684.031201 7176684.031201 1.000000
7177116.082216 7177116.082216 1.000000
7177543.337981 7177543.337981 1.000000
7177730.714169 7177730.714169 1.000000
7177875.260317 7177875.260317 1.000000
7177747.442006 7177747.442006 1.000000
7177611.935027 7177611.935027 1.000000
7177375.276295 7177375.276295 1.000000
7178278.365081 7178278.365081 1.000000
7177785.964098 7177785.964098 1.000000
7178157.251064 7178157.251064 1.000000
7177546.214424 7177546.214424 1.000000
7177836.833998 7177836.833998 1.000000
7177980.997047 7177980.997047 1.000000
7178097.528548 7178097.528548 1.000000
7178202.222920 7178202.222920 1.000000
7178634.005685 7178634.005685 1.000000
7178308.268213 7178308.268213 1.000000
7178435.293181 7178435.293181 1.000000
7179428.757172 7179428.757172 1.000000
7179911.121035 7179911.121035 1.000000
7179063.971746 7179063.971746 1.000000
7179872.927521 7179872.927521 1.000000
7179161.755161 7179161.755161 1.000000
7179268.818935 7179268.818935 1.000000
7178378.436588 7178378.436588 1.000000
7177673.486993 7177673.486993 1.000000
7176950.797129 7176950.797129 1.000000
7176828.655586 7176828.655586 1.000000
7177823.589298 7177823.589298 1.000000
7178112.491512 7178112.491512 1.000000
7178316.125313 7178316.125313 1.000000
7178461.151635 7178461.151635 1.000000
7178754.359315 7178754.359315 1.000000
7179024.226486 7179024.226486 1.000000
7179320.746372 7179320.746372 1.000000
7179721.475981 7179721.475981 1.000000
7180527.414694 7180527.414694 1.000000
7181066.157643 7181066.157643 1.000000
7182109.638595 7182109.638595 1.000000
7182418.992811 7182418.992811 1.000000
7182943.128509 7182943.128509 1.000000
7183200.449207 7183200.449207 1.000000
7183602.831792 7183602.831792 1.000000
7183939.798428 7183939.798428 1.000000
7184823.043272 7184823.043272 1.000000
7183891.860560 7183891.860560 1.000000
7182947.422447 7182947.422447 1.000000
7184754.691499 7184754.691499 1.000000
7186703.987367 7186703.987367 1.000000
7188350.587402 7188350.587402 1.000000
7188520.569940 7188520.569940 1.000000
7189017.705722 7189017.705722 1.000000
7189178.154697 7189178.154697 1.000000
7189020.551899 7189020.551899 1.000000
7188608.784854 7188608.784854 1.000000
7188389.467855 7188389.467855 1.000000
7188526.969197 7188526.969197 1.000000
7188254.904154 7188254.904154 1.000000
7188088.915432 7188088.915432 1.000000
7188394.652210 7188394.652210 1.000000
7189160.142423 7189160.142423 1.000000
7188570.927463 7188570.927463 1.000000
7188727.613922 7188727.613922 1.000000
7187967.641795 7187967.641795 1.000000
7187830.267363 7187830.267363 1.000000
7187036.871810 7187036.871810 1.000000
7186177.777386 7186177.777386 1.000000
7186726.972675 7186726.972675 1.000000
7186994.356564 7186994.356564 1.000000
7186759.141432 7186759.141432 1.000000
7187505.271053 7187505.271053 1.000000
7187689.582630 7187689.582630 1.000000
7186823.114949 7186823.114949 1.000000
7186606.647338 7186606.647338 1.000000
7186097.879652 7186097.879652 1.000000
7185742.108274 7185742.108274 1.000000
7186093.682253 7186093.682253 1.000000
7186977.258215 7186977.258215 1.000000
7186853.488450 7186853.488450 1.000000
7186350.068770 7186350.068770 1.000000
7186637.961450 7186637.961450 1.000000
7186755.380158 7186755.380158 1.000000
7186722.593595 7186722.593595 1.000000
7187379.110522 7187379.110522 1.000000
7187489.141162 7187489.141162 1.000000
7187221.139287 7187221.139287 1.000000
7186534.631228 7186534.631228 1.000000
7186613.247706 7186613.247706 1.000000
7187036.582930 7187036.582930 1.000000
7186901.815316 7186901.815316 1.000000
7187156.293052 7187156.293052 1.000000
7187062.906380 7187062.906380 1.000000
7186645.239134 7186645.239134 1.000000
7186763.467489 7186763.467489 1.000000
7186962.796224 7186962.796224 1.000000
7187183.878301 7187183.878301 1.000000
7187044.456214 7187044.456214 1.000000
7186839.713436 7186839.713436 1.000000
7187273.224583 7187273.224583 1.000000
7187605.470781 7187605.470781 1.000000
7188486.448864 7188486.448864 1.000000
7188630.347461 7188630.347461 1.000000
7188143.626086 7188143.626086 1.000000
7188255.717443 7188255.717443 1.000000
7188535.446147 7188535.446147 1.000000
7188203.510530 7188203.510530 1.000000
7187587.255767 7187587.255767 1.000000
7187715.746077 7187715.746077 1.000000
7188091.702501 7188091.702501 1.000000
7187988.347247 7187988.347247 1.000000
7188253.954805 7188253.954805 1.000000
7187745.642448 7187745.642448 1.000000
7187561.812361 7187561.812361 1.000000
7187755.305147 7187755.305147 1.000000
7187890.241819 7187890.241819 1.000000
7188429.140877 7188429.140877 1.000000
7188330.325389 7188330.325389 1.000000
7187682.445257 7187682.445257 1.000000
7187482.723338 7187482.723338 1.000000
7187670.887310 7187670.887310 1.000000
7187561.747245 7187561.747245 1.000000
7187434.522694 7187434.522694 1.000000
7187030.903618 7187030.903618 1.000000
7186230.477687 7186230.477687 1.000000
7185735.736863 7185735.736863 1.000000
7185735.768558 7185735.768558 1.000000
7185584.453529 7185584.453529 1.000000
7185981.516559 7185981.516559 1.000000
7185012.374003 7185012.374003 1.000000
7185153.449820 7185153.449820 1.000000
7185781.099756 7185781.099756 1.000000
7186010.895741 7186010.895741 1.000000
7186369.000988 7186369.000988 1.000000
7186231.771175 7186231.771175 1.000000
7186672.175582 7186672.175582 1.000000
7185866.711565 7185866.711565 1.000000
7185715.807357 7185715.807357 1.000000
7185365.674088 7185365.674088 1.000000
7184663.494184 7184663.494184 1.000000
7184764.410186 7184764.410186 1.000000
7184896.457674 7184896.457674 1.000000
7184789.216061 7184789.216061 1.000000
7185337.780649 7185337.780649 1.000000
7185633.809226 7185633.809226 1.000000
7185306.660943 7185306.660943 1.000000
7186147.441473 7186147.441473 1.000000
7186147.320947 7186147.320947 1.000000
7185888.403345 7185888.403345 1.000000
7186187.596616 7186187.596616 1.000000
7186759.592178 7186759.592178 1.000000
7186474.237147 7186474.237147 1.000000
7186126.232332 7186126.232332 1.000000
7185899.415107 7185899.415107 1.000000
7186004.124524 7186004.124524 1.000000
7186191.285685 7186191.285685 1.000000
7186324.710856 7186324.710856 1.000000
7186995.329214 7186995.329214 1.000000
7187102.370150 7187102.370150 1.000000
7187437.160796 7187437.160796 1.000000
7187577.195104 7187577.195104 1.000000
7188052.262729 7188052.262729 1.000000
7187553.996513 7187553.996513 1.000000
7187739.046449 7187739.046449 1.000000
7188422.191543 7188422.191543 1.000000
7187873.655705 7187873.655705 1.000000
7188002.361745 7188002.361745 1.000000
7188208.846664 7188208.846664 1.000000
7187888.844450 7187888.844450 1.000000
7187346.521878 7187346.521878 1.000000
7186380.683651 7186380.683651 1.000000
7186560.779870 7186560.779870 1.000000
7187165.888195 7187165.888195 1.000000
7187937.753226 7187937.753226 1.000000
7187203.128376 7187203.128376 1.000000
7187218.615668 7187218.615668 1.000000
7186770.839663 7186770.839663 1.000000
7186887.302452 7186887.302452 1.000000
7187036.468059 7187036.468059 1.000000
7187185.271045 7187185.271045 1.000000
7187219.171885 7187219.171885 1.000000
7187035.400976 7187035.400976 1.000000
7187183.776605 7187183.776605 1.000000
7187423.932605 7187423.932605 1.000000
7187872.975981 7187872.975981 1.000000
7187909.575005 7187909.575005 1.000000
7187685.675248 7187685.675248 1.000000
7187134.563586 7187134.563586 1.000000
7187430.480589 7187430.480589 1.000000
7187922.789775 7187922.789775 1.000000
7187659.131245 7187659.131245 1.000000
7187489.308803 7187489.308803 1.000000
7187324.296972 7187324.296972 1.000000
7186795.789862 7186795.789862 1.000000
7186953.407034 7186953.407034 1.000000
7187131.032763 7187131.032763 1.000000
7186556.747788 7186556.747788 1.000000
7187163.218060 7187163.218060 1.000000
7187320.564586 7187320.564586 1.000000
7187983.013538 7187983.013538 1.000000
7187982.995792 7187982.995792 1.000000
7187296.293479 7187296.293479 1.000000
7187371.825039 7187371.825039 1.000000
7187605.123957 7187605.123957 1.000000
7187464.980492 7187464.980492 1.000000
7187428.305785 7187428.305785 1.000000
7187980.465789 7187980.465789 1.000000
7187979.824816 7187979.824816 1.000000
7188169.484094 7188169.484094 1.000000
7187832.278389 7187832.278389 1.000000
7187704.274700 7187704.274700 1.000000
7187943.167177 7187943.167177 1.000000
7188311.839280 7188311.839280 1.000000
7188475.782571 7188475.782571 1.000000
7187881.719484 7187881.719484 1.000000
7187998.558617 7187998.558617 1.000000
7187274.004329 7187274.004329 1.000000
7187379.393415 7187379.393415 1.000000
7187499.367218 7187499.367218 1.000000
7186944.407665 7186944.407665 1.000000
7187155.932126 7187155.932126 1.000000
7187646.622736 7187646.622736 1.000000
7188068.381862 7188068.381862 1.000000
7188474.100114 7188474.100114 1.000000
7188616.860357 7188616.860357 1.000000
7188122.651844 7188122.651844 1.000000
7188631.096101 7188631.096101 1.000000
7188475.268866 7188475.268866 1.000000
7188510.619226 7188510.619226 1.000000
7187788.243440 7187788.243440 1.000000
7187648.807302 7187648.807302 1.000000
7187486.364375 7187486.364375 1.000000
7188451.158076 7188451.158076 1.000000
7188568.746568 7188568.746568 1.000000
7188734.676948 7188734.676948 1.000000
7188943.780979 7188943.780979 1.000000
7189248.503333 7189248.503333 1.000000
7189655.146300 7189655.146300 1.000000
7189900.754424 7189900.754424 1.000000
7190504.159711 7190504.159711 1.000000
7191069.065535 7191069.065535 1.000000
7191994.280193 7191994.280193 1.000000
7191643.661408 7191643.661408 1.000000
7191758.935677 7191758.935677 1.000000
7191912.981419 7191912.981419 1.000000
7192202.142377 7192202.142377 1.000000
7192366.496126 7192366.496126 1.000000
7192505.696247 7192505.696247 1.000000
7192404.851399 7192404.851399 1.000000
7192505.500890 7192505.500890 1.000000
7193437.660063 7193437.660063 1.000000
7193244.051487 7193244.051487 1.000000
7193730.321208 7193730.321208 1.000000
7193184.517102 7193184.517102 1.000000
7193355.460173 7193355.460173 1.000000
7192744.461091 7192744.461091 1.000000
7193211.621298 7193211.621298 1.000000
7193101.201874 7193101.201874 1.000000
7193586.356641 7193586.356641 1.000000
7193630.232504 7193630.232504 1.000000
7194520.340867 7194520.340867 1.000000
7193888.458712 7193888.458712 1.000000
7194262.655341 7194262.655341 1.000000
7194318.586819 7194318.586819 1.000000
7193908.042206 7193908.042206 1.000000
7193093.524852 7193093.524852 1.000000
7192664.488695 7192664.488695 1.000000
7193541.814932 7193541.814932 1.000000
7194190.751436 7194190.751436 1.000000
7193690.392002 7193690.392002 1.000000
7193593.534721 7193593.534721 1.000000
7193814.020108 7193814.020108 1.000000
7193262.543183 7193262.543183 1.000000
7194078.509760 7194078.509760 1.000000
7194358.287012 7194358.287012 1.000000
7193745.165794 7193745.165794 1.000000
7193972.660379 7193972.660379 1.000000
7193703.836316 7193703.836316 1.000000
7193371.667912 7193371.667912 1.000000
7193474.549957 7193474.549957 1.000000
7194087.009164 7194087.009164 1.000000
7194346.760844 7194346.760844 1.000000
7194852.770143 7194852.770143 1.000000
7194605.060803 7194605.060803 1.000000
7194493.804099 7194493.804099 1.000000
7194236.492027 7194236.492027 1.000000
7194394.419558 7194394.419558 1.000000
7194012.427736 7194012.427736 1.000000
7194672.643462 7194672.643462 1.000000
7194410.195232 7194410.195232 1.000000
7193780.328021 7193780.328021 1.000000
7193947.030329 7193947.030329 1.000000
7193784.753244 7193784.753244 1.000000
7193384.938368 7193384.938368 1.000000
7193567.542807 7193567.542807 1.000000
7193286.185012 7193286.185012 1.000000
7193546.781494 7193546.781494 1.000000
7193198.636668 7193198.636668 1.000000
7193821.833646 7193821.833646 1.000000
7193278.227398 7193278.227398 1.000000
7193450.939503 7193450.939503 1.000000
7192929.363613 7192929.363613 1.000000
7192619.426392 7192619.426392 1.000000
7193006.306721 7193006.306721 1.000000
7193628.761765 7193628.761765 1.000000
7193729.499235 7193729.499235 1.000000
7194333.305071 7194333.305071 1.000000
7194110.823730 7194110.823730 1.000000
7193270.340552 7193270.340552 1.000000
7193131.703062 7193131.703062 1.000000
7192933.345167 7192933.345167 1.000000
7192612.098859 7192612.098859 1.000000
7192712.767241 7192712.767241 1.000000
7192394.021217 7192394.021217 1.000000
7192757.696130 7192757.696130 1.000000
7192867.382575 7192867.382575 1.000000
7193222.442721 7193222.442721 1.000000
7192316.339905 7192316.339905 1.000000
7192060.839143 7192060.839143 1.000000
7192888.277679 7192888.277679 1.000000
7192705.495591 7192705.495591 1.000000
7192349.372745 7192349.372745 1.000000
7192241.253291 7192241.253291 1.000000
7192395.340174 7192395.340174 1.000000
7192274.241251 7192274.241251 1.000000
7192171.533390 7192171.533390 1.000000
7192281.386499 7192281.386499 1.000000
7191909.256415 7191909.256415 1.000000
7191705.662272 7191705.662272 1.000000
7191931.908762 7191931.908762 1.000000
7192100.700306 7192100.700306 1.000000
7191839.055985 7191839.055985 1.000000
7191663.266355 7191663.266355 1.000000
7191796.604247 7191796.604247 1.000000
7191943.488856 7191943.488856 1.000000
7192229.530980 7192229.530980 1.000000
7192253.400487 7192253.400487 1.000000
7192150.651878 7192150.651878 1.000000
7191638.118382 7191638.118382 1.000000
7191091.662607 7191091.662607 1.000000
7190817.295562 7190817.295562 1.000000
7191102.019499 7191102.019499 1.000000
7190823.332085 7190823.332085 1.000000
7191078.530671 7191078.530671 1.000000
7190928.830204 7190928.830204 1.000000
7190531.741026 7190531.741026 1.000000
7190406.982218 7190406.982218 1.000000
7190542.248581 7190542.248581 1.000000
7191212.598641 7191212.598641 1.000000
7191315.467473 7191315.467473 1.000000
7192064.771303 7192064.771303 1.000000
7191506.219726 7191506.219726 1.000000
7190727.366684 7190727.366684 1.000000
7191497.544817 7191497.544817 1.000000
7191798.354602 7191798.354602 1.000000
7191744.396213 7191744.396213 1.000000
7191910.596691 7191910.596691 1.000000
7192012.733851 7192012.733851 1.000000
7191835.996208 7191835.996208 1.000000
7190385.186840 7190385.186840 1.000000
7189737.347491 7189737.347491 1.000000
7189560.377683 7189560.377683 1.000000
7188744.174153 7188744.174153 1.000000
7188566.236627 7188566.236627 1.000000
7188541.560254 7188541.560254 1.000000
7188682.777623 7188682.777623 1.000000
7188581.633405 7188581.633405 1.000000
7188935.732701 7188935.732701 1.000000
7189619.279018 7189619.279018 1.000000
7188827.621719 7188827.621719 1.000000
7189363.538186 7189363.538186 1.000000
7189740.524873 7189740.524873 1.000000
7189598.628329 7189598.628329 1.000000
7189806.579899 7189806.579899 1.000000
7188811.923090 7188811.923090 1.000000
7188569.640226 7188569.640226 1.000000
7187781.873107 7187781.873107 1.000000
7188171.116727 7188171.116727 1.000000
7187283.962537 7187283.962537 1.000000
7187249.170293 7187249.170293 1.000000
7186805.867349 7186805.867349 1.000000
7186805.965226 7186805.965226 1.000000
7187056.358460 7187056.358460 1.000000
7188021.079265 7188021.079265 1.000000
7188256.299571 7188256.299571 1.000000
7188560.829418 7188560.829418 1.000000
7188413.442209 7188413.442209 1.000000
7188403.786908 7188403.786908 1.000000
7188750.150703 7188750.150703 1.000000
7189481.576818 7189481.576818 1.000000
7189767.137297 7189767.137297 1.000000
7189524.591718 7189524.591718 1.000000
7189570.272095 7189570.272095 1.000000
7189414.341440 7189414.341440 1.000000
7189437.341558 7189437.341558 1.000000
7189302.290744 7189302.290744 1.000000
7189129.295267 7189129.295267 1.000000
7189255.356525 7189255.356525 1.000000
7189347.789100 7189347.789100 1.000000
7189404.174448 7189404.174448 1.000000
7190037.207914 7190037.207914 1.000000
7189803.429795 7189803.429795 1.000000
7189676.680657 7189676.680657 1.000000
7189396.603574 7189396.603574 1.000000
7188761.789235 7188761.789235 1.000000
7188835.006865 7188835.006865 1.000000
7189388.836470 7189388.836470 1.000000
7189254.567422 7189254.567422 1.000000
7189625.628116 7189625.628116 1.000000
7189768.030305 7189768.030305 1.000000
7189963.942551 7189963.942551 1.000000
7190937.724593 7190937.724593 1.000000
7191262.677395 7191262.677395 1.000000
7191137.472099 7191137.472099 1.000000
7190980.288298 7190980.288298 1.000000
7191168.040883 7191168.040883 1.000000
7190946.780927 7190946.780927 1.000000
7190699.074343 7190699.074343 1.000000
7189797.954233 7189797.954233 1.000000
7189599.293532 7189599.293532 1.000000
7190420.898139 7190420.898139 1.000000
7189637.150451 7189637.150451 1.000000
7188750.114898 7188750.114898 1.000000
7189004.815606 7189004.815606 1.000000
7188889.471197 7188889.471197 1.000000
7189036.232579 7189036.232579 1.000000
7189339.612118 7189339.612118 1.000000
7190103.004992 7190103.004992 1.000000
7189680.653132 7189680.653132 1.000000
7189462.752075 7189462.752075 1.000000
7189327.294035 7189327.294035 1.000000
7188506.551909 7188506.551909 1.000000
7188396.946876 7188396.946876 1.000000
7188288.932276 7188288.932276 1.000000
7188061.440555 7188061.440555 1.000000
7188628.970808 7188628.970808 1.000000
7188507.857178 7188507.857178 1.000000
7188637.400361 7188637.400361 1.000000
7188747.773533 7188747.773533 1.000000
7188630.637703 7188630.637703 1.000000
7189240.805409 7189240.805409 1.000000
7189499.781332 7189499.781332 1.000000
7189568.311653 7189568.311653 1.000000
7189170.139192 7189170.139192 1.000000
7189519.232379 7189519.232379 1.000000
7189885.181658 7189885.181658 1.000000
7189768.741484 7189768.741484 1.000000
7190122.066145 7190122.066145 1.000000
7190354.557244 7190354.557244 1.000000
7190169.197353 7190169.197353 1.000000
7189786.987428 7189786.987428 1.000000
7190590.317764 7190590.317764 1.000000
7190467.630336 7190467.630336 1.000000
7191293.322234 7191293.322234 1.000000
7191146.766180 7191146.766180 1.000000
7190941.357055 7190941.357055 1.000000
7190786.644551 7190786.644551 1.000000
7191190.093904 7191190.093904 1.000000
7191184.268031 7191184.268031 1.000000
7190635.147383 7190635.147383 1.000000
7191188.217842 7191188.217842 1.000000
7190805.905884 7190805.905884 1.000000
7190692.440391 7190692.440391 1.000000
7190348.252113 7190348.252113 1.000000
7190170.709278 7190170.709278 1.000000
7189183.522191 7189183.522191 1.000000
7188424.501183 7188424.501183 1.000000
7188866.844711 7188866.844711 1.000000
7188994.740380 7188994.740380 1.000000
7189862.114691 7189862.114691 1.000000
7190090.471331 7190090.471331 1.000000
7190381.239930 7190381.239930 1.000000
7190559.680164 7190559.680164 1.000000
7190458.171096 7190458.171096 1.000000
7190277.516415 7190277.516415 1.000000
7190167.433698 7190167.433698 1.000000
7190252.395035 7190252.395035 1.000000
7189926.023997 7189926.023997 1.000000
7189774.190661 7189774.190661 1.000000
7189091.884666 7189091.884666 1.000000
7188299.931539 7188299.931539 1.000000
7188211.647892 7188211.647892 1.000000
7189107.754430 7189107.754430 1.000000
7189883.748906 7189883.748906 1.000000
7189850.599572 7189850.599572 1.000000
7190008.867087 7190008.867087 1.000000
7190130.313191 7190130.313191 1.000000
7190961.507136 7190961.507136 1.000000
7190808.186555 7190808.186555 1.000000
7190479.091936 7190479.091936 1.000000
7190384.198286 7190384.198286 1.000000
7190507.683720 7190507.683720 1.000000
7189978.919148 7189978.919148 1.000000
7189744.842589 7189744.842589 1.000000
7188841.059816 7188841.059816 1.000000
7189355.613939 7189355.613939 1.000000
7189565.785871 7189565.785871 1.000000
7189903.036435 7189903.036435 1.000000
7189366.430657 7189366.430657 1.000000
7189216.582655 7189216.582655 1.000000
7188565.304964 7188565.304964 1.000000
7188872.146185 7188872.146185 1.000000
7188980.215092 7188980.215092 1.000000
7189620.805587 7189620.805587 1.000000
7189179.574426 7189179.574426 1.000000
7189617.136373 7189617.136373 1.000000
7189900.587497 7189900.587497 1.000000
7190141.969675 7190141.969675 1.000000
7189925.508394 7189925.508394 1.000000
7189649.411591 7189649.411591 1.000000
7189047.254620 7189047.254620 1.000000
7188679.848772 7188679.848772 1.000000
7187974.239997 7187974.239997 1.000000
7188367.632594 7188367.632594 1.000000
7188278.062830 7188278.062830 1.000000
7187871.705815 7187871.705815 1.000000
7187849.471991 7187849.471991 1.000000
7188195.230326 7188195.230326 1.000000
7188319.505767 7188319.505767 1.000000
7188177.766421 7188177.766421 1.000000
7188925.729951 7188925.729951 1.000000
7188563.121682 7188563.121682 1.000000
7187574.699441 7187574.699441 1.000000
7187438.915574 7187438.915574 1.000000
7186678.157724 7186678.157724 1.000000
7186370.511501 7186370.511501 1.000000
7186722.035881 7186722.035881 1.000000
7187086.949372 7187086.949372 1.000000
7186903.782693 7186903.782693 1.000000
7187845.881678 7187845.881678 1.000000
7188164.746906 7188164.746906 1.000000
7188312.802383 7188312.802383 1.000000
7187834.356429 7187834.356429 1.000000
7187965.496135 7187965.496135 1.000000
7188352.337330 7188352.337330 1.000000
7188028.054498 7188028.054498 1.000000
7188303.150661 7188303.150661 1.000000
7187348.640309 7187348.640309 1.000000
7188229.800077 7188229.800077 1.000000
7187256.178697 7187256.178697 1.000000
7186293.228954 7186293.228954 1.000000
7186975.395093 7186975.395093 1.000000
7186773.611083 7186773.611083 1.000000
7187045.513363 7187045.513363 1.000000
7187571.925095 7187571.925095 1.000000
7187948.381589 7187948.381589 1.000000
7188684.054583 7188684.054583 1.000000
7189065.095317 7189065.095317 1.000000
7189172.082971 7189172.082971 1.000000
7189285.202906 7189285.202906 1.000000
7188852.970114 7188852.970114 1.000000
7189034.253334 7189034.253334 1.000000
7189953.240499 7189953.240499 1.000000
7189540.381442 7189540.381442 1.000000
7189389.192304 7189389.192304 1.000000
7189286.723639 7189286.723639 1.000000
7188907.059737 7188907.059737 1.000000
7189802.547760 7189802.547760 1.000000
7189178.857864 7189178.857864 1.000000
7188555.548054 7188555.548054 1.000000
7189528.539336 7189528.539336 1.000000
7188983.268293 7188983.268293 1.000000
7188813.883237 7188813.883237 1.000000
7188701.299031 7188701.299031 1.000000
7188413.268165 7188413.268165 1.000000
7188108.569716 7188108.569716 1.000000
7187479.397486 7187479.397486 1.000000
7188009.553969 7188009.553969 1.000000
7187805.258630 7187805.258630 1.000000
7187995.742536 7187995.742536 1.000000
7188111.236028 7188111.236028 1.000000
7187613.894421 7187613.894421 1.000000
7187377.927808 7187377.927808 1.000000
7187576.662010 7187576.662010 1.000000
7188343.093768 7188343.093768 1.000000
7189089.402392 7189089.402392 1.000000
7188953.809765 7188953.809765 1.000000
7188376.118876 7188376.118876 1.000000
7188240.560127 7188240.560127 1.000000
7187629.102504 7187629.102504 1.000000
7187887.366033 7187887.366033 1.000000
7188062.183027 7188062.183027 1.000000
7187810.445851 7187810.445851 1.000000
7188012.992911 7188012.992911 1.000000
7188134.056126 7188134.056126 1.000000
7188912.801453 7188912.801453 1.000000
7189869.763565 7189869.763565 1.000000
7190233.267349 7190233.267349 1.000000
7190363.463170 7190363.463170 1.000000
7190844.367583 7190844.367583 1.000000
7191463.527441 7191463.527441 1.000000
7192052.807759 7192052.807759 1.000000
7192223.581404 7192223.581404 1.000000
7192349.693294 7192349.693294 1.000000
7192990.480330 7192990.480330 1.000000
7192816.459829 7192816.459829 1.000000
7192960.051375 7192960.051375 1.000000
7193223.168974 7193223.168974 1.000000
7193090.198698 7193090.198698 1.000000
7192603.184651 7192603.184651 1.000000
7192623.469555 7192623.469555 1.000000
7193197.806108 7193197.806108 1.000000
7193524.718820 7193524.718820 1.000000
7194122.619488 7194122.619488 1.000000
7193691.739822 7193691.739822 1.000000
7194126.043532 7194126.043532 1.000000
7194258.461002 7194258.461002 1.000000
7193853.623116 7193853.623116 1.000000
7193635.531475 7193635.531475 1.000000
7193256.347275 7193256.347275 1.000000
7193433.108609 7193433.108609 1.000000
7194382.774596 7194382.774596 1.000000
7194716.832956 7194716.832956 1.000000
7194950.235473 7194950.235473 1.000000
7194481.401289 7194481.401289 1.000000
7195268.733381 7195268.733381 1.000000
7194875.074346 7194875.074346 1.000000
7195179.217168 7195179.217168 1.000000
7194768.126160 7194768.126160 1.000000
7195025.646202 7195025.646202 1.000000
7194536.827947 7194536.827947 1.000000
7194761.651092 7194761.651092 1.000000
7194235.271869 7194235.271869 1.000000
7194054.318403 7194054.318403 1.000000
7194803.484857 7194803.484857 1.000000
7194676.550241 7194676.550241 1.000000
7194487.411367 7194487.411367 1.000000
7194327.384916 7194327.384916 1.000000
7193654.604829 7193654.604829 1.000000
7193675.348012 7193675.348012 1.000000
7193402.047509 7193402.047509 1.000000
7192986.212929 7192986.212929 1.000000
7192576.188763 7192576.188763 1.000000
7192385.535055 7192385.535055 1.000000
7191861.252167 7191861.252167 1.000000
7191725.981849 7191725.981849 1.000000
7190897.873822 7190897.873822 1.000000
7190700.890830 7190700.890830 1.000000
7190277.303420 7190277.303420 1.000000
7190176.008897 7190176.008897 1.000000
7191148.735211 7191148.735211 1.000000
7190426.125004 7190426.125004 1.000000
7189521.057410 7189521.057410 1.000000
7189361.604361 7189361.604361 1.000000
7188898.351675 7188898.351675 1.000000
7189211.317859 7189211.317859 1.000000
7189849.086882 7189849.086882 1.000000
7190686.537002 7190686.537002 1.000000
7190532.816995 7190532.816995 1.000000
7190405.600341 7190405.600341 1.000000
7190289.835452 7190289.835452 1.000000
7189797.851775 7189797.851775 1.000000
7189467.677076 7189467.677076 1.000000
7189596.832406 7189596.832406 1.000000
7189765.903294 7189765.903294 1.000000
7189366.541432 7189366.541432 1.000000
7189844.089516 7189844.089516 1.000000
7189735.185817 7189735.185817 1.000000
7189488.985182 7189488.985182 1.000000
7189343.811105 7189343.811105 1.000000
7189806.677377 7189806.677377 1.000000
7189262.564303 7189262.564303 1.000000
7188910.200456 7188910.200456 1.000000
7189602.248412 7189602.248412 1.000000
7189437.226559 7189437.226559 1.000000
7189214.155780 7189214.155780 1.000000
7189343.592441 7189343.592441 1.000000
7189332.172573 7189332.172573 1.000000
7189090.927323 7189090.927323 1.000000
7188777.011441 7188777.011441 1.000000
7189111.633007 7189111.633007 1.000000
7189969.387941 7189969.387941 1.000000
7189431.114980 7189431.114980 1.000000
7190176.806915 7190176.806915 1.000000
7190014.802024 7190014.802024 1.000000
7189688.362446 7189688.362446 1.000000
7190181.123123 7190181.123123 1.000000
7189547.272465 7189547.272465 1.000000
7189320.669524 7189320.669524 1.000000
7188828.429649 7188828.429649 1.000000
7188402.873120 7188402.873120 1.000000
7189396.586917 7189396.586917 1.000000
7189238.751603 7189238.751603 1.000000
7189033.207306 7189033.207306 1.000000
7188830.781394 7188830.781394 1.000000
7188681.417383 7188681.417383 1.000000
7188247.360539 7188247.360539 1.000000
7188085.624331 7188085.624331 1.000000
7187850.183218 7187850.183218 1.000000
7187709.632478 7187709.632478 1.000000
7187576.677827 7187576.677827 1.000000
7187439.350615 7187439.350615 1.000000
7186866.596066 7186866.596066 1.000000
7186744.435532 7186744.435532 1.000000
7186304.566515 7186304.566515 1.000000
7185928.392309 7185928.392309 1.000000
7186063.376065 7186063.376065 1.000000
7186746.769158 7186746.769158 1.000000
7186286.838458 7186286.838458 1.000000
7186171.259665 7186171.259665 1.000000
7186316.492018 7186316.492018 1.000000
7186522.009923 7186522.009923 1.000000
7186193.854060 7186193.854060 1.000000
7186168.298116 7186168.298116 1.000000
7186039.398467 7186039.398467 1.000000
7186005.358036 7186005.358036 1.000000
7185841.009614 7185841.009614 1.000000
7185312.470388 7185312.470388 1.000000
7185482.344983 7185482.344983 1.000000
7185755.118607 7185755.118607 1.000000
7185425.642962 7185425.642962 1.000000
7185562.103427 7185562.103427 1.000000
7184859.439496 7184859.439496 1.000000
7184600.193973 7184600.193973 1.000000
7185081.528536 7185081.528536 1.000000
7184262.035017 7184262.035017 1.000000
7184418.466339 7184418.466339 1.000000
7183569.462311 7183569.462311 1.000000
7183224.559855 7183224.559855 1.000000
7182949.494565 7182949.494565 1.000000
7183101.211673 7183101.211673 1.000000
7183266.748214 7183266.748214 1.000000
7184140.829670 7184140.829670 1.000000
7183560.972174 7183560.972174 1.000000
7183260.278016 7183260.278016 1.000000
7183467.480785 7183467.480785 1.000000
7183297.633859 7183297.633859 1.000000
7183462.367215 7183462.367215 1.000000
7182728.496859 7182728.496859 1.000000
7182251.903647 7182251.903647 1.000000
7182254.185856 7182254.185856 1.000000
7182818.000203 7182818.000203 1.000000
7183086.456267 7183086.456267 1.000000
7183374.254356 7183374.254356 1.000000
7183532.157344 7183532.157344 1.000000
7183844.543095 7183844.543095 1.000000
7183740.913597 7183740.913597 1.000000
7183591.567959 7183591.567959 1.000000
7183395.080470 7183395.080470 1.000000
7183517.594387 7183517.594387 1.000000
7183655.750110 7183655.750110 1.000000
7184071.343738 7184071.343738 1.000000
7184379.725453 7184379.725453 1.000000
7183788.753660 7183788.753660 1.000000
7184012.509091 7184012.509091 1.000000
7184341.398966 7184341.398966 1.000000
7184243.202429 7184243.202429 1.000000
7184715.969939 7184715.969939 1.000000
7184935.110239 7184935.110239 1.000000
7185048.462186 7185048.462186 1.000000
7185078.126809 7185078.126809 1.000000
7185418.510663 7185418.510663 1.000000
7185430.101370 7185430.101370 1.000000
7185327.629726 7185327.629726 1.000000
7184874.262314 7184874.262314 1.000000
7185408.324344 7185408.324344 1.000000
7184902.895366 7184902.895366 1.000000
7184446.244826 7184446.244826 1.000000
7184611.509444 7184611.509444 1.000000
7184500.690090 7184500.690090 1.000000
7184192.490732 7184192.490732 1.000000
7184378.131354 7184378.131354 1.000000
7184628.192422 7184628.192422 1.000000
7185302.928645 7185302.928645 1.000000
7185458.902789 7185458.902789 1.000000
7185884.539366 7185884.539366 1.000000
7185319.860547 7185319.860547 1.000000
7185195.833002 7185195.833002 1.000000
7185734.342974 7185734.342974 1.000000
7185242.713529 7185242.713529 1.000000
7185348.483918 7185348.483918 1.000000
7185196.192880 7185196.192880 1.000000
7184255.889015 7184255.889015 1.000000
7183664.822855 7183664.822855 1.000000
7184040.286399 7184040.286399 1.000000
7183832.085237 7183832.085237 1.000000
7183948.183035 7183948.183035 1.000000
7184100.766384 7184100.766384 1.000000
7184028.420227 7184028.420227 1.000000
7184149.378261 7184149.378261 1.000000
7183752.670960 7183752.670960 1.000000
7184065.906388 7184065.906388 1.000000
7184274.918806 7184274.918806 1.000000
7184004.983093 7184004.983093 1.000000
7183269.313320 7183269.313320 1.000000
7182907.549909 7182907.549909 1.000000
7182362.008015 7182362.008015 1.000000
7183160.561109 7183160.561109 1.000000
7182559.193885 7182559.193885 1.000000
7182305.850021 7182305.850021 1.000000
7181521.666180 7181521.666180 1.000000
7181974.231096 7181974.231096 1.000000
7182744.676347 7182744.676347 1.000000
7182192.822755 7182192.822755 1.000000
7183044.123761 7183044.123761 1.000000
7182600.899849 7182600.899849 1.000000
7182206.977804 7182206.977804 1.000000
7182737.288056 7182737.288056 1.000000
7182234.078019 7182234.078019 1.000000
7182109.238403 7182109.238403 1.000000
7181615.044602 7181615.044602 1.000000
7181467.388276 7181467.388276 1.000000
7181358.684679 7181358.684679 1.000000
7180873.772567 7180873.772567 1.000000
7180982.808264 7180982.808264 1.000000
7180783.872148 7180783.872148 1.000000
7180511.284654 7180511.284654 1.000000
7180335.736229 7180335.736229 1.000000
7180951.637985 7180951.637985 1.000000
7181933.591811 7181933.591811 1.000000
7181658.871631 7181658.871631 1.000000
7181965.112257 7181965.112257 1.000000
7182127.266958 7182127.266958 1.000000
7182258.911414 7182258.911414 1.000000
7181377.669262 7181377.669262 1.000000
7180667.684173 7180667.684173 1.000000
7180924.190766 7180924.190766 1.000000
7181325.982944 7181325.982944 1.000000
7181353.996545 7181353.996545 1.000000
7181198.070508 7181198.070508 1.000000
7181079.824820 7181079.824820 1.000000
7180884.012224 7180884.012224 1.000000
7180225.639563 7180225.639563 1.000000
7180222.462011 7180222.462011 1.000000
7180398.211794 7180398.211794 1.000000
7180679.017525 7180679.017525 1.000000
7179969.666176 7179969.666176 1.000000
7179833.594513 7179833.594513 1.000000
7180659.228415 7180659.228415 1.000000
7181022.069768 7181022.069768 1.000000
7180867.537104 7180867.537104 1.000000
7180745.787772 7180745.787772 1.000000
7180221.256938 7180221.256938 1.000000
7180086.634937 7180086.634937 1.000000
7180532.593742 7180532.593742 1.000000
7179979.848505 7179979.848505 1.000000
7179731.908374 7179731.908374 1.000000
7178816.646867 7178816.646867 1.000000
7178599.680897 7178599.680897 1.000000
7178959.995825 7178959.995825 1.000000
7179327.781937 7179327.781937 1.000000
