7269647.064371 7269647.064371 1.000000
7269285.418553 7269285.418553 1.000000
7268850.628203 7268850.628203 1.000000
7268423.180109 7268423.180109 1.000000
7268064.506839 7268064.506839 1.000000
7267665.451245 7267665.451245 1.000000
7267305.196245 7267305.196245 1.000000
7266965.212043 7266965.212043 1.000000
7266593.320128 7266593.320128 1.000000
7266230.351345 7266230.351345 1.000000
7265871.733490 7265871.733490 1.000000
7265540.122414 7265540.122414 1.000000
7265188.585110 7265188.585110 1.000000
7264834.110318 7264834.110318 1.000000
7264409.033880 7264409.033880 1.000000
7264025.202499 7264025.202499 1.000000
7263676.913506 7263676.913506 1.000000
7263327.455625 7263327.455625 1.000000
7262953.739885 7262953.739885 1.000000
7262600.350733 7262600.350733 1.000000
7224770.883311 7224770.883311 1.000000
7224541.533739 7224541.533739 1.000000
7224320.597019 7224320.597019 1.000000
7224122.592767 7224122.592767 1.000000
7223873.184030 7223873.184030 1.000000
7223614.278524 7223614.278524 1.000000
7223375.675969 7223375.675969 1.000000
7223122.955831 7223122.955831 1.000000
7222872.453006 7222872.453006 1.000000
7222631.161514 7222631.161514 1.000000
7222449.554743 7222449.554743 1.000000
7222281.074655 7222281.074655 1.000000
7222096.232671 7222096.232671 1.000000
7221858.643533 7221858.643533 1.000000
7221625.811055 7221625.811055 1.000000
7221439.275578 7221439.275578 1.000000
7221179.651334 7221179.651334 1.000000
7220967.874107 7220967.874107 1.000000
7220734.700515 7220734.700515 1.000000
7220585.310587 7220585.310587 1.000000
7220345.810662 7220345.810662 1.000000
7220142.782659 7220142.782659 1.000000
7219929.324378 7219929.324378 1.000000
7219728.057549 7219728.057549 1.000000
7219542.793175 7219542.793175 1.000000
7219336.796136 7219336.796136 1.000000
7219130.963205 7219130.963205 1.000000
7218973.392273 7218973.392273 1.000000
7218864.671425 7218864.671425 1.000000
7218634.837183 7218634.837183 1.000000
7218349.570278 7218349.570278 1.000000
7218173.848818 7218173.848818 1.000000
7218015.317694 7218015.317694 1.000000
7217858.069720 7217858.069720 1.000000
7217665.871866 7217665.871866 1.000000
7217467.749949 7217467.749949 1.000000
7217259.037209 7217259.037209 1.000000
7217026.953527 7217026.953527 1.000000
7216778.047455 7216778.047455 1.000000
7216516.486687 7216516.486687 1.000000
7216244.700431 7216244.700431 1.000000
7215996.521039 7215996.521039 1.000000
7215876.638454 7215876.638454 1.000000
7215584.382715 7215584.382715 1.000000
7215443.939094 7215443.939094 1.000000
7215260.120274 7215260.120274 1.000000
7215084.471874 7215084.471874 1.000000
7214913.373069 7214913.373069 1.000000
7214708.182334 7214708.182334 1.000000
7214500.349282 7214500.349282 1.000000
7214277.199442 7214277.199442 1.000000
7214003.915264 7214003.915264 1.000000
7213865.948260 7213865.948260 1.000000
7213586.855792 7213586.855792 1.000000
7213477.923226 7213477.923226 1.000000
7213237.473293 7213237.473293 1.000000
7213100.080086 7213100.080086 1.000000
7212931.577000 7212931.577000 1.000000
7212689.110899 7212689.110899 1.000000
7211786.128484 7211786.128484 1.000000
7211567.661821 7211567.661821 1.000000
7211426.427219 7211426.427219 1.000000
7211248.343140 7211248.343140 1.000000
7211071.706236 7211071.706236 1.000000
7210941.664352 7210941.664352 1.000000
7210715.439896 7210715.439896 1.000000
7210598.700195 7210598.700195 1.000000
7210438.376992 7210438.376992 1.000000
7210229.195340 7210229.195340 1.000000
7210055.432570 7210055.432570 1.000000
7209892.062473 7209892.062473 1.000000
7209730.226435 7209730.226435 1.000000
7209506.921737 7209506.921737 1.000000
7208547.345660 7208547.345660 1.000000
7208419.752241 7208419.752241 1.000000
7208182.345654 7208182.345654 1.000000
7208006.625066 7208006.625066 1.000000
7207083.363427 7207083.363427 1.000000
7206356.531729 7206356.531729 1.000000
7206211.392826 7206211.392826 1.000000
7206017.915652 7206017.915652 1.000000
7205800.190179 7205800.190179 1.000000
7205555.588671 7205555.588671 1.000000
7205443.164085 7205443.164085 1.000000
7205213.249055 7205213.249055 1.000000
7205072.408369 7205072.408369 1.000000
7204915.496486 7204915.496486 1.000000
7204790.701148 7204790.701148 1.000000
7204026.821058 7204026.821058 1.000000
7203794.215143 7203794.215143 1.000000
7203521.733217 7203521.733217 1.000000
7204036.062268 7204036.062268 1.000000
7203907.080618 7203907.080618 1.000000
7203496.064311 7203496.064311 1.000000
7203636.386347 7203636.386347 1.000000
7203200.412464 7203200.412464 1.000000
7202708.403815 7202708.403815 1.000000
7202821.382228 7202821.382228 1.000000
7203009.427123 7203009.427123 1.000000
7202855.218444 7202855.218444 1.000000
7202354.053947 7202354.053947 1.000000
7202242.569302 7202242.569302 1.000000
7202370.536399 7202370.536399 1.000000
7202344.021157 7202344.021157 1.000000
7202120.585170 7202120.585170 1.000000
7201528.235854 7201528.235854 1.000000
7201709.757875 7201709.757875 1.000000
7201345.463079 7201345.463079 1.000000
7201990.073668 7201990.073668 1.000000
7201106.507297 7201106.507297 1.000000
7200942.582694 7200942.582694 1.000000
7200794.957966 7200794.957966 1.000000
7200579.317572 7200579.317572 1.000000
7200462.618552 7200462.618552 1.000000
7200288.105709 7200288.105709 1.000000
7200075.914279 7200075.914279 1.000000
7199131.478596 7199131.478596 1.000000
7198244.846029 7198244.846029 1.000000
7198069.954098 7198069.954098 1.000000
7197143.682250 7197143.682250 1.000000
7197005.827523 7197005.827523 1.000000
7196889.266216 7196889.266216 1.000000
7196673.489400 7196673.489400 1.000000
7196507.633780 7196507.633780 1.000000
7196350.680884 7196350.680884 1.000000
7196186.408909 7196186.408909 1.000000
7196056.384952 7196056.384952 1.000000
7195879.335861 7195879.335861 1.000000
7195717.482692 7195717.482692 1.000000
7195543.641806 7195543.641806 1.000000
7195381.807713 7195381.807713 1.000000
7195242.593588 7195242.593588 1.000000
7195140.636548 7195140.636548 1.000000
7195021.995650 7195021.995650 1.000000
7194881.787298 7194881.787298 1.000000
7194204.783209 7194204.783209 1.000000
7194074.692107 7194074.692107 1.000000
7193934.665354 7193934.665354 1.000000
7193810.182570 7193810.182570 1.000000
7193666.354316 7193666.354316 1.000000
7193516.331589 7193516.331589 1.000000
7193345.083773 7193345.083773 1.000000
7193166.213097 7193166.213097 1.000000
7193016.930908 7193016.930908 1.000000
7192019.671690 7192019.671690 1.000000
7191032.768051 7191032.768051 1.000000
7190086.969253 7190086.969253 1.000000
7189341.664551 7189341.664551 1.000000
7188573.406959 7188573.406959 1.000000
7188448.416242 7188448.416242 1.000000
7187494.566007 7187494.566007 1.000000
7187381.816380 7187381.816380 1.000000
7187280.500906 7187280.500906 1.000000
7187131.181784 7187131.181784 1.000000
7186971.369674 7186971.369674 1.000000
7186834.634088 7186834.634088 1.000000
7186443.164439 7186443.164439 1.000000
7185909.996439 7185909.996439 1.000000
7185743.664260 7185743.664260 1.000000
7185599.884536 7185599.884536 1.000000
7185470.094996 7185470.094996 1.000000
7185060.267559 7185060.267559 1.000000
7184892.453651 7184892.453651 1.000000
7184745.497741 7184745.497741 1.000000
7183880.565499 7183880.565499 1.000000
7183717.652856 7183717.652856 1.000000
7182967.317826 7182967.317826 1.000000
7182770.494288 7182770.494288 1.000000
7182657.884829 7182657.884829 1.000000
7182534.831327 7182534.831327 1.000000
7182428.106138 7182428.106138 1.000000
7182318.121774 7182318.121774 1.000000
7182214.926105 7182214.926105 1.000000
7182080.194900 7182080.194900 1.000000
7181957.851705 7181957.851705 1.000000
7181324.090313 7181324.090313 1.000000
7180390.273703 7180390.273703 1.000000
7179461.094070 7179461.094070 1.000000
7179081.462343 7179081.462343 1.000000
7178132.947552 7178132.947552 1.000000
7177466.709799 7177466.709799 1.000000
7176538.740639 7176538.740639 1.000000
7175730.673396 7175730.673396 1.000000
7175504.262387 7175504.262387 1.000000
7174633.674724 7174633.674724 1.000000
7173950.895674 7173950.895674 1.000000
7173906.179570 7173906.179570 1.000000
7173664.381817 7173664.381817 1.000000
7173552.966748 7173552.966748 1.000000
7173791.464607 7173791.464607 1.000000
7173650.288831 7173650.288831 1.000000
7173811.911401 7173811.911401 1.000000
7172894.991876 7172894.991876 1.000000
7173062.938271 7173062.938271 1.000000
7172928.163398 7172928.163398 1.000000
7172778.523977 7172778.523977 1.000000
7173083.680317 7173083.680317 1.000000
7173298.251404 7173298.251404 1.000000
7173158.000626 7173158.000626 1.000000
7172648.615528 7172648.615528 1.000000
7172136.759500 7172136.759500 1.000000
7171561.421510 7171561.421510 1.000000
7171323.938091 7171323.938091 1.000000
7170722.260040 7170722.260040 1.000000
7170376.793490 7170376.793490 1.000000
7169992.993160 7169992.993160 1.000000
7169495.922675 7169495.922675 1.000000
7169399.302203 7169399.302203 1.000000
7168762.063877 7168762.063877 1.000000
7168269.822803 7168269.822803 1.000000
7168155.439804 7168155.439804 1.000000
7167756.237345 7167756.237345 1.000000
7167529.361910 7167529.361910 1.000000
7166963.120704 7166963.120704 1.000000
7166451.175602 7166451.175602 1.000000
7166106.008867 7166106.008867 1.000000
7166035.222160 7166035.222160 1.000000
7165711.058647 7165711.058647 1.000000
7164888.932692 7164888.932692 1.000000
7164655.798935 7164655.798935 1.000000
7164527.634407 7164527.634407 1.000000
7164104.851262 7164104.851262 1.000000
7163990.378359 7163990.378359 1.000000
7163764.556472 7163764.556472 1.000000
7163089.395010 7163089.395010 1.000000
7162510.302775 7162510.302775 1.000000
7162197.494011 7162197.494011 1.000000
7161941.783196 7161941.783196 1.000000
7161615.139472 7161615.139472 1.000000
7161419.252342 7161419.252342 1.000000
7161006.604808 7161006.604808 1.000000
7160951.346223 7160951.346223 1.000000
7160854.706315 7160854.706315 1.000000
7160646.568168 7160646.568168 1.000000
7160637.403419 7160637.403419 1.000000
7160365.820413 7160365.820413 1.000000
7160065.389049 7160065.389049 1.000000
7159948.047933 7159948.047933 1.000000
7159479.554067 7159479.554067 1.000000
7159193.056931 7159193.056931 1.000000
7159057.904461 7159057.904461 1.000000
7159172.363003 7159172.363003 1.000000
7159337.977104 7159337.977104 1.000000
7159232.103701 7159232.103701 1.000000
7159002.402561 7159002.402561 1.000000
7158913.933064 7158913.933064 1.000000
7158654.830192 7158654.830192 1.000000
7158546.711158 7158546.711158 1.000000
7158431.458122 7158431.458122 1.000000
7158335.483092 7158335.483092 1.000000
7158558.183562 7158558.183562 1.000000
7158747.346814 7158747.346814 1.000000
7158711.090208 7158711.090208 1.000000
7158714.486168 7158714.486168 1.000000
7158354.407723 7158354.407723 1.000000
7158301.103019 7158301.103019 1.000000
7157958.146503 7157958.146503 1.000000
7158196.198011 7158196.198011 1.000000
7158338.334059 7158338.334059 1.000000
7158341.433481 7158341.433481 1.000000
7158592.797677 7158592.797677 1.000000
7158441.113819 7158441.113819 1.000000
7158562.047384 7158562.047384 1.000000
7158564.178118 7158564.178118 1.000000
7158572.571388 7158572.571388 1.000000
7158694.568885 7158694.568885 1.000000
7158510.074966 7158510.074966 1.000000
7158862.496336 7158862.496336 1.000000
