7158104.672604 7158104.672604 1.000000
7158292.174603 7158292.174603 1.000000
7158303.957464 7158303.957464 1.000000
7157896.829264 7157896.829264 1.000000
7157813.843069 7157813.843069 1.000000
7158206.850574 7158206.850574 1.000000
7158305.344413 7158305.344413 1.000000
7158662.749327 7158662.749327 1.000000
7158375.817886 7158375.817886 1.000000
7158671.490654 7158671.490654 1.000000
7158661.838288 7158661.838288 1.000000
7158661.557847 7158661.557847 1.000000
7158099.133823 7158099.133823 1.000000
7158166.169988 7158166.169988 1.000000
7157708.460347 7157708.460347 1.000000
7157456.311991 7157456.311991 1.000000
7157870.339561 7157870.339561 1.000000
7157563.958458 7157563.958458 1.000000
7157944.880880 7157944.880880 1.000000
7157808.234266 7157808.234266 1.000000
7157904.511908 7157904.511908 1.000000
7158319.053234 7158319.053234 1.000000
7158281.104207 7158281.104207 1.000000
7158306.475291 7158306.475291 1.000000
7158429.517253 7158429.517253 1.000000
7158498.432688 7158498.432688 1.000000
7158408.195981 7158408.195981 1.000000
7158187.869689 7158187.869689 1.000000
7157950.374954 7157950.374954 1.000000
7158255.387210 7158255.387210 1.000000
7158435.575689 7158435.575689 1.000000
7158436.771387 7158436.771387 1.000000
7158253.871692 7158253.871692 1.000000
7158307.061793 7158307.061793 1.000000
7158284.149741 7158284.149741 1.000000
7158428.438987 7158428.438987 1.000000
7158084.009028 7158084.009028 1.000000
7158071.255500 7158071.255500 1.000000
7157811.125171 7157811.125171 1.000000
7157713.791700 7157713.791700 1.000000
7157293.025892 7157293.025892 1.000000
7157290.215672 7157290.215672 1.000000
7157247.838424 7157247.838424 1.000000
7157133.432930 7157133.432930 1.000000
7156930.215910 7156930.215910 1.000000
7156968.200200 7156968.200200 1.000000
7156513.039193 7156513.039193 1.000000
7156667.572184 7156667.572184 1.000000
7156466.855497 7156466.855497 1.000000
7156492.145927 7156492.145927 1.000000
7156149.619076 7156149.619076 1.000000
7156279.121541 7156279.121541 1.000000
7156294.771246 7156294.771246 1.000000
7156066.929606 7156066.929606 1.000000
7156191.151200 7156191.151200 1.000000
7156133.901814 7156133.901814 1.000000
7156223.273009 7156223.273009 1.000000
7156137.693338 7156137.693338 1.000000
7156351.192793 7156351.192793 1.000000
7156709.608056 7156709.608056 1.000000
7156416.802322 7156416.802322 1.000000
7156635.040526 7156635.040526 1.000000
7156799.543549 7156799.543549 1.000000
7156463.549770 7156463.549770 1.000000
7156468.164576 7156468.164576 1.000000
7156848.196623 7156848.196623 1.000000
7156808.965429 7156808.965429 1.000000
7156597.614656 7156597.614656 1.000000
7156568.855466 7156568.855466 1.000000
7156804.613204 7156804.613204 1.000000
7157136.249707 7157136.249707 1.000000
7157004.888818 7157004.888818 1.000000
7157273.867419 7157273.867419 1.000000
7157345.731381 7157345.731381 1.000000
7157682.088885 7157682.088885 1.000000
7157846.767363 7157846.767363 1.000000
7158002.797273 7158002.797273 1.000000
7157938.680875 7157938.680875 1.000000
7157782.226510 7157782.226510 1.000000
7157574.690563 7157574.690563 1.000000
7157829.426372 7157829.426372 1.000000
7157725.443934 7157725.443934 1.000000
7157769.816580 7157769.816580 1.000000
7157868.944286 7157868.944286 1.000000
7157902.930100 7157902.930100 1.000000
7157881.139565 7157881.139565 1.000000
7158008.641571 7158008.641571 1.000000
7158311.869894 7158311.869894 1.000000
7158425.717742 7158425.717742 1.000000
7158645.248654 7158645.248654 1.000000
7159114.271864 7159114.271864 1.000000
7159082.722013 7159082.722013 1.000000
7158925.822657 7158925.822657 1.000000
7158867.023821 7158867.023821 1.000000
7158979.927036 7158979.927036 1.000000
7158319.891259 7158319.891259 1.000000
7157874.734454 7157874.734454 1.000000
7156876.620905 7156876.620905 1.000000
7156739.493361 7156739.493361 1.000000
7157311.537245 7157311.537245 1.000000
7156758.935523 7156758.935523 1.000000
7156158.940906 7156158.940906 1.000000
7155651.661487 7155651.661487 1.000000
7155519.436222 7155519.436222 1.000000
7155780.602404 7155780.602404 1.000000
7155607.895112 7155607.895112 1.000000
7155590.557203 7155590.557203 1.000000
7155998.986789 7155998.986789 1.000000
7156399.621169 7156399.621169 1.000000
7156637.150649 7156637.150649 1.000000
7156544.988518 7156544.988518 1.000000
7156503.663204 7156503.663204 1.000000
7156629.745591 7156629.745591 1.000000
7156798.875399 7156798.875399 1.000000
7156843.716260 7156843.716260 1.000000
7156885.385752 7156885.385752 1.000000
7156611.509547 7156611.509547 1.000000
7156533.147327 7156533.147327 1.000000
7156149.163145 7156149.163145 1.000000
7156211.215506 7156211.215506 1.000000
7156250.703951 7156250.703951 1.000000
7155839.757859 7155839.757859 1.000000
7155682.357783 7155682.357783 1.000000
7155872.138034 7155872.138034 1.000000
7155638.879417 7155638.879417 1.000000
7155472.178016 7155472.178016 1.000000
7155114.155056 7155114.155056 1.000000
7154577.567572 7154577.567572 1.000000
7154774.139220 7154774.139220 1.000000
7154549.058329 7154549.058329 1.000000
7154584.436070 7154584.436070 1.000000
7154685.089856 7154685.089856 1.000000
7155007.583157 7155007.583157 1.000000
7155302.968486 7155302.968486 1.000000
7155508.207782 7155508.207782 1.000000
7155250.366373 7155250.366373 1.000000
7155233.867382 7155233.867382 1.000000
7155419.498472 7155419.498472 1.000000
7155316.360670 7155316.360670 1.000000
7155308.415841 7155308.415841 1.000000
7155471.187466 7155471.187466 1.000000
7155578.880281 7155578.880281 1.000000
7155836.179476 7155836.179476 1.000000
7156000.160945 7156000.160945 1.000000
7156436.580327 7156436.580327 1.000000
7156703.499086 7156703.499086 1.000000
7156830.448739 7156830.448739 1.000000
7156975.198306 7156975.198306 1.000000
7157081.475714 7157081.475714 1.000000
7156936.929548 7156936.929548 1.000000
7156791.802703 7156791.802703 1.000000
7156674.149001 7156674.149001 1.000000
7156670.066365 7156670.066365 1.000000
7157233.963754 7157233.963754 1.000000
7157808.375501 7157808.375501 1.000000
7157879.480691 7157879.480691 1.000000
7158467.721191 7158467.721191 1.000000
7158537.979163 7158537.979163 1.000000
7158363.994114 7158363.994114 1.000000
7158498.057703 7158498.057703 1.000000
7158521.514454 7158521.514454 1.000000
7158849.949431 7158849.949431 1.000000
7158882.407498 7158882.407498 1.000000
7158556.727017 7158556.727017 1.000000
7158396.498777 7158396.498777 1.000000
7159025.461215 7159025.461215 1.000000
7158761.587106 7158761.587106 1.000000
7157786.908761 7157786.908761 1.000000
7157898.089569 7157898.089569 1.000000
7158041.790824 7158041.790824 1.000000
7157803.794071 7157803.794071 1.000000
7157162.914999 7157162.914999 1.000000
7156650.929009 7156650.929009 1.000000
7156738.787056 7156738.787056 1.000000
7156860.015770 7156860.015770 1.000000
7156143.181890 7156143.181890 1.000000
7157011.039378 7157011.039378 1.000000
7156668.183186 7156668.183186 1.000000
7157046.276596 7157046.276596 1.000000
7157176.871778 7157176.871778 1.000000
7156746.948660 7156746.948660 1.000000
7157421.125018 7157421.125018 1.000000
7158015.623358 7158015.623358 1.000000
7157451.345975 7157451.345975 1.000000
7157714.021918 7157714.021918 1.000000
7157715.685927 7157715.685927 1.000000
7157667.129342 7157667.129342 1.000000
7157659.044706 7157659.044706 1.000000
7158315.393847 7158315.393847 1.000000
7159058.863371 7159058.863371 1.000000
7159345.954547 7159345.954547 1.000000
7160293.855136 7160293.855136 1.000000
7161288.797296 7161288.797296 1.000000
7161151.441124 7161151.441124 1.000000
7161264.001579 7161264.001579 1.000000
7160769.638845 7160769.638845 1.000000
7160370.859796 7160370.859796 1.000000
7161108.971660 7161108.971660 1.000000
7160970.961784 7160970.961784 1.000000
7160580.784497 7160580.784497 1.000000
7160711.113407 7160711.113407 1.000000
7160579.970332 7160579.970332 1.000000
7160589.321019 7160589.321019 1.000000
7160520.872949 7160520.872949 1.000000
7160795.038541 7160795.038541 1.000000
7160980.509386 7160980.509386 1.000000
7160274.225804 7160274.225804 1.000000
7160982.215423 7160982.215423 1.000000
7160799.073864 7160799.073864 1.000000
7160886.640424 7160886.640424 1.000000
7161379.020314 7161379.020314 1.000000
7160897.612395 7160897.612395 1.000000
7160693.723408 7160693.723408 1.000000
7161223.917817 7161223.917817 1.000000
7161137.167400 7161137.167400 1.000000
7161287.328740 7161287.328740 1.000000
7161198.023751 7161198.023751 1.000000
7160344.733527 7160344.733527 1.000000
7160507.516177 7160507.516177 1.000000
7160362.574305 7160362.574305 1.000000
7159803.460939 7159803.460939 1.000000
7159801.605237 7159801.605237 1.000000
7159567.968109 7159567.968109 1.000000
7159390.282529 7159390.282529 1.000000
7159333.927729 7159333.927729 1.000000
7159209.275723 7159209.275723 1.000000
7158965.729519 7158965.729519 1.000000
7159152.932324 7159152.932324 1.000000
7159057.644644 7159057.644644 1.000000
7159244.897024 7159244.897024 1.000000
7159138.059906 7159138.059906 1.000000
7158802.903488 7158802.903488 1.000000
7159129.927563 7159129.927563 1.000000
7158783.845203 7158783.845203 1.000000
7158797.400790 7158797.400790 1.000000
7158695.310443 7158695.310443 1.000000
7158338.650023 7158338.650023 1.000000
7158027.125848 7158027.125848 1.000000
7158219.935249 7158219.935249 1.000000
7158804.336820 7158804.336820 1.000000
7158720.029039 7158720.029039 1.000000
7159371.200070 7159371.200070 1.000000
7159318.539700 7159318.539700 1.000000
7159395.022180 7159395.022180 1.000000
7159251.659307 7159251.659307 1.000000
7159392.566443 7159392.566443 1.000000
7159850.400018 7159850.400018 1.000000
7160289.501604 7160289.501604 1.000000
7160768.139129 7160768.139129 1.000000
7160985.353771 7160985.353771 1.000000
7160793.662895 7160793.662895 1.000000
7161181.782612 7161181.782612 1.000000
7160617.664381 7160617.664381 1.000000
7160267.792659 7160267.792659 1.000000
7160130.067504 7160130.067504 1.000000
7160276.535444 7160276.535444 1.000000
7159988.700159 7159988.700159 1.000000
7159590.698308 7159590.698308 1.000000
7159129.550573 7159129.550573 1.000000
7159987.654635 7159987.654635 1.000000
7160708.403649 7160708.403649 1.000000
7160658.501477 7160658.501477 1.000000
7160227.089465 7160227.089465 1.000000
7160762.843016 7160762.843016 1.000000
7161173.872320 7161173.872320 1.000000
7161248.070722 7161248.070722 1.000000
7161350.137218 7161350.137218 1.000000
7161560.698100 7161560.698100 1.000000
7161773.088472 7161773.088472 1.000000
7162063.715189 7162063.715189 1.000000
7161993.295045 7161993.295045 1.000000
7161481.070454 7161481.070454 1.000000
7161569.459603 7161569.459603 1.000000
7161721.960471 7161721.960471 1.000000
7161716.732482 7161716.732482 1.000000
7160957.110419 7160957.110419 1.000000
7160829.933552 7160829.933552 1.000000
7161356.027313 7161356.027313 1.000000
7161218.246896 7161218.246896 1.000000
7160767.869581 7160767.869581 1.000000
7161552.391292 7161552.391292 1.000000
7161201.164922 7161201.164922 1.000000
7161440.933802 7161440.933802 1.000000
7160661.330066 7160661.330066 1.000000
7160552.400539 7160552.400539 1.000000
7160605.643359 7160605.643359 1.000000
7160229.525113 7160229.525113 1.000000
7160664.080281 7160664.080281 1.000000
7160311.684443 7160311.684443 1.000000
7160297.675508 7160297.675508 1.000000
7160223.701612 7160223.701612 1.000000
7161091.372109 7161091.372109 1.000000
7161170.381805 7161170.381805 1.000000
7161033.040721 7161033.040721 1.000000
7160768.613593 7160768.613593 1.000000
7160938.777387 7160938.777387 1.000000
7161257.283340 7161257.283340 1.000000
7161078.055448 7161078.055448 1.000000
7161180.194968 7161180.194968 1.000000
7161329.023597 7161329.023597 1.000000
7161576.553737 7161576.553737 1.000000
7161785.191781 7161785.191781 1.000000
7161829.167388 7161829.167388 1.000000
7162124.881878 7162124.881878 1.000000
7161926.962800 7161926.962800 1.000000
7161914.475055 7161914.475055 1.000000
7162251.380304 7162251.380304 1.000000
7162794.770551 7162794.770551 1.000000
7163001.786962 7163001.786962 1.000000
7163315.039148 7163315.039148 1.000000
7163056.249545 7163056.249545 1.000000
7163344.535369 7163344.535369 1.000000
7163588.629161 7163588.629161 1.000000
7163274.745766 7163274.745766 1.000000
7163149.494359 7163149.494359 1.000000
7163003.451946 7163003.451946 1.000000
7163079.472613 7163079.472613 1.000000
7163076.435710 7163076.435710 1.000000
7163030.942174 7163030.942174 1.000000
7163224.912717 7163224.912717 1.000000
7163495.156610 7163495.156610 1.000000
7163715.394406 7163715.394406 1.000000
7164262.157535 7164262.157535 1.000000
7164597.192405 7164597.192405 1.000000
7164244.816566 7164244.816566 1.000000
7164036.014016 7164036.014016 1.000000
7164050.743686 7164050.743686 1.000000
7163884.579426 7163884.579426 1.000000
7163612.015813 7163612.015813 1.000000
7163755.766144 7163755.766144 1.000000
7163929.370497 7163929.370497 1.000000
7163757.293958 7163757.293958 1.000000
7163928.106472 7163928.106472 1.000000
7164022.686458 7164022.686458 1.000000
7164763.046051 7164763.046051 1.000000
7164604.942769 7164604.942769 1.000000
7164616.573019 7164616.573019 1.000000
7164394.060043 7164394.060043 1.000000
7164326.229153 7164326.229153 1.000000
7164103.754806 7164103.754806 1.000000
7164129.442794 7164129.442794 1.000000
7163883.905132 7163883.905132 1.000000
7163587.931137 7163587.931137 1.000000
7163765.905691 7163765.905691 1.000000
7164021.875993 7164021.875993 1.000000
7163558.095636 7163558.095636 1.000000
7163738.866710 7163738.866710 1.000000
7163881.363669 7163881.363669 1.000000
7163890.575474 7163890.575474 1.000000
7163941.218286 7163941.218286 1.000000
7163743.766591 7163743.766591 1.000000
7163807.254557 7163807.254557 1.000000
7163450.491562 7163450.491562 1.000000
7163718.095557 7163718.095557 1.000000
7163071.539946 7163071.539946 1.000000
7163687.475062 7163687.475062 1.000000
7163402.298680 7163402.298680 1.000000
7162917.965805 7162917.965805 1.000000
7162612.897135 7162612.897135 1.000000
7162843.912492 7162843.912492 1.000000
7162762.601783 7162762.601783 1.000000
7162894.301998 7162894.301998 1.000000
7162839.736339 7162839.736339 1.000000
7162936.732537 7162936.732537 1.000000
7163301.191524 7163301.191524 1.000000
7163372.006809 7163372.006809 1.000000
7163500.539383 7163500.539383 1.000000
7163437.230688 7163437.230688 1.000000
7163375.569056 7163375.569056 1.000000
7163739.019556 7163739.019556 1.000000
7164147.915232 7164147.915232 1.000000
7164246.296824 7164246.296824 1.000000
7163659.996267 7163659.996267 1.000000
7163772.306762 7163772.306762 1.000000
7164304.710108 7164304.710108 1.000000
7164097.414552 7164097.414552 1.000000
7163758.611415 7163758.611415 1.000000
7163454.643770 7163454.643770 1.000000
7163403.650495 7163403.650495 1.000000
7163308.467936 7163308.467936 1.000000
7163155.697698 7163155.697698 1.000000
7163062.115864 7163062.115864 1.000000
7163111.516604 7163111.516604 1.000000
7163232.641764 7163232.641764 1.000000
7163232.102716 7163232.102716 1.000000
7163154.727540 7163154.727540 1.000000
7163073.229943 7163073.229943 1.000000
7163101.309318 7163101.309318 1.000000
7163175.486180 7163175.486180 1.000000
7163056.961164 7163056.961164 1.000000
7163383.068519 7163383.068519 1.000000
7163522.270470 7163522.270470 1.000000
7163630.881175 7163630.881175 1.000000
7163404.379390 7163404.379390 1.000000
7163471.048161 7163471.048161 1.000000
7163919.087937 7163919.087937 1.000000
7163955.482642 7163955.482642 1.000000
7164289.739995 7164289.739995 1.000000
7163988.507476 7163988.507476 1.000000
7163760.556905 7163760.556905 1.000000
7164141.786665 7164141.786665 1.000000
7164062.161038 7164062.161038 1.000000
7163881.043370 7163881.043370 1.000000
7163926.541563 7163926.541563 1.000000
7164458.765312 7164458.765312 1.000000
7164455.428913 7164455.428913 1.000000
7163989.622781 7163989.622781 1.000000
7164060.545350 7164060.545350 1.000000
7163819.474842 7163819.474842 1.000000
7164142.030498 7164142.030498 1.000000
7164253.701526 7164253.701526 1.000000
7164765.536574 7164765.536574 1.000000
7164760.139221 7164760.139221 1.000000
7164703.054058 7164703.054058 1.000000
7164494.052871 7164494.052871 1.000000
7164817.765416 7164817.765416 1.000000
7165113.886476 7165113.886476 1.000000
7165011.651323 7165011.651323 1.000000
7165234.930092 7165234.930092 1.000000
7165051.702572 7165051.702572 1.000000
7165033.438415 7165033.438415 1.000000
7164805.911016 7164805.911016 1.000000
7164585.417879 7164585.417879 1.000000
7164376.782690 7164376.782690 1.000000
7164224.245658 7164224.245658 1.000000
7164059.633714 7164059.633714 1.000000
7164181.809858 7164181.809858 1.000000
7163868.424467 7163868.424467 1.000000
7164063.080932 7164063.080932 1.000000
7163941.547833 7163941.547833 1.000000
7163844.151825 7163844.151825 1.000000
7163922.503286 7163922.503286 1.000000
7163876.076390 7163876.076390 1.000000
7164153.709301 7164153.709301 1.000000
7164274.034066 7164274.034066 1.000000
7164748.751079 7164748.751079 1.000000
7164715.735597 7164715.735597 1.000000
7164924.612856 7164924.612856 1.000000
7165189.427770 7165189.427770 1.000000
7165236.610691 7165236.610691 1.000000
7165528.287767 7165528.287767 1.000000
7165553.689831 7165553.689831 1.000000
7165596.944582 7165596.944582 1.000000
7165472.412719 7165472.412719 1.000000
7165653.210821 7165653.210821 1.000000
7165469.210551 7165469.210551 1.000000
7165403.487284 7165403.487284 1.000000
7165197.396480 7165197.396480 1.000000
7165487.496658 7165487.496658 1.000000
7165636.357580 7165636.357580 1.000000
7165832.304501 7165832.304501 1.000000
7165920.427065 7165920.427065 1.000000
7166008.093526 7166008.093526 1.000000
7165941.671104 7165941.671104 1.000000
7166026.305880 7166026.305880 1.000000
7166015.124348 7166015.124348 1.000000
7165968.865014 7165968.865014 1.000000
7165656.784871 7165656.784871 1.000000
7165683.071271 7165683.071271 1.000000
7165874.813157 7165874.813157 1.000000
7165477.916049 7165477.916049 1.000000
7165896.100881 7165896.100881 1.000000
7165022.168572 7165022.168572 1.000000
7165456.365173 7165456.365173 1.000000
7165025.912379 7165025.912379 1.000000
7165108.304526 7165108.304526 1.000000
7165184.701834 7165184.701834 1.000000
7164990.807126 7164990.807126 1.000000
7165320.686507 7165320.686507 1.000000
7165197.824502 7165197.824502 1.000000
7164996.843406 7164996.843406 1.000000
7164738.786541 7164738.786541 1.000000
7164247.354406 7164247.354406 1.000000
7163927.054429 7163927.054429 1.000000
7163893.397909 7163893.397909 1.000000
7163770.618197 7163770.618197 1.000000
7163581.721057 7163581.721057 1.000000
7163280.062701 7163280.062701 1.000000
7163293.648112 7163293.648112 1.000000
7163811.229419 7163811.229419 1.000000
7163806.014515 7163806.014515 1.000000
7163814.751182 7163814.751182 1.000000
7163897.927219 7163897.927219 1.000000
7163870.671386 7163870.671386 1.000000
7164252.163975 7164252.163975 1.000000
7164590.240915 7164590.240915 1.000000
7164342.523206 7164342.523206 1.000000
7164206.985706 7164206.985706 1.000000
7164230.476301 7164230.476301 1.000000
7164507.338449 7164507.338449 1.000000
7164550.443207 7164550.443207 1.000000
7164300.923558 7164300.923558 1.000000
7164687.674087 7164687.674087 1.000000
7164856.327654 7164856.327654 1.000000
7164651.596473 7164651.596473 1.000000
7163980.830164 7163980.830164 1.000000
7164019.955264 7164019.955264 1.000000
7163982.194886 7163982.194886 1.000000
7164054.306507 7164054.306507 1.000000
7164080.413682 7164080.413682 1.000000
7164018.851660 7164018.851660 1.000000
7164128.093318 7164128.093318 1.000000
7164235.027097 7164235.027097 1.000000
7164191.242713 7164191.242713 1.000000
7164319.264919 7164319.264919 1.000000
7164306.519968 7164306.519968 1.000000
7164230.773965 7164230.773965 1.000000
7164387.160284 7164387.160284 1.000000
7164449.471070 7164449.471070 1.000000
7164602.381058 7164602.381058 1.000000
7164867.189615 7164867.189615 1.000000
7164855.493249 7164855.493249 1.000000
7164753.282241 7164753.282241 1.000000
7164787.358232 7164787.358232 1.000000
7164915.050121 7164915.050121 1.000000
7164961.084307 7164961.084307 1.000000
7165173.482912 7165173.482912 1.000000
7165409.518405 7165409.518405 1.000000
7165751.037841 7165751.037841 1.000000
7165690.690015 7165690.690015 1.000000
7165992.574853 7165992.574853 1.000000
7165752.815785 7165752.815785 1.000000
7165819.358225 7165819.358225 1.000000
