7405103.019241 7405103.019241 1.000000
7405296.795082 7405296.795082 1.000000
7405625.976375 7405625.976375 1.000000
7405624.353248 7405624.353248 1.000000
7405738.195417 7405738.195417 1.000000
7406144.745226 7406144.745226 1.000000
7406490.045362 7406490.045362 1.000000
7406991.692954 7406991.692954 1.000000
7406614.265965 7406614.265965 1.000000
7405982.592839 7405982.592839 1.000000
7405962.971794 7405962.971794 1.000000
7405397.969267 7405397.969267 1.000000
7405454.798899 7405454.798899 1.000000
7405839.841553 7405839.841553 1.000000
7406249.714397 7406249.714397 1.000000
7406398.228415 7406398.228415 1.000000
7406452.283512 7406452.283512 1.000000
7405738.574901 7405738.574901 1.000000
7405964.199141 7405964.199141 1.000000
7405569.103399 7405569.103399 1.000000
7405822.125142 7405822.125142 1.000000
7405830.272387 7405830.272387 1.000000
7405486.386133 7405486.386133 1.000000
7405854.482282 7405854.482282 1.000000
7406107.154708 7406107.154708 1.000000
7406245.223383 7406245.223383 1.000000
7406131.074857 7406131.074857 1.000000
7406404.608161 7406404.608161 1.000000
7406338.645346 7406338.645346 1.000000
7406012.019000 7406012.019000 1.000000
7406085.873454 7406085.873454 1.000000
7406315.421946 7406315.421946 1.000000
7406613.240064 7406613.240064 1.000000
7407463.420698 7407463.420698 1.000000
7407843.556613 7407843.556613 1.000000
7408716.889210 7408716.889210 1.000000
7409023.547242 7409023.547242 1.000000
7409723.592165 7409723.592165 1.000000
7410253.593856 7410253.593856 1.000000
7410058.347261 7410058.347261 1.000000
7410018.091144 7410018.091144 1.000000
7410228.713163 7410228.713163 1.000000
7410396.030420 7410396.030420 1.000000
7410489.138087 7410489.138087 1.000000
7409960.329186 7409960.329186 1.000000
7410406.279772 7410406.279772 1.000000
7410420.133252 7410420.133252 1.000000
7410577.314922 7410577.314922 1.000000
7410387.856859 7410387.856859 1.000000
7410632.583356 7410632.583356 1.000000
7410547.679871 7410547.679871 1.000000
7410594.366825 7410594.366825 1.000000
7410659.269602 7410659.269602 1.000000
7410595.173907 7410595.173907 1.000000
7410754.995160 7410754.995160 1.000000
7410916.383224 7410916.383224 1.000000
7410811.099065 7410811.099065 1.000000
7411133.117001 7411133.117001 1.000000
7411242.880897 7411242.880897 1.000000
7411041.080016 7411041.080016 1.000000
7411056.545338 7411056.545338 1.000000
7411088.809416 7411088.809416 1.000000
7411315.389476 7411315.389476 1.000000
7411499.218502 7411499.218502 1.000000
7411735.843139 7411735.843139 1.000000
7411817.781481 7411817.781481 1.000000
7411437.648716 7411437.648716 1.000000
7411381.649342 7411381.649342 1.000000
7411700.595055 7411700.595055 1.000000
7412018.048966 7412018.048966 1.000000
7412355.796925 7412355.796925 1.000000
7412845.569951 7412845.569951 1.000000
7413322.904344 7413322.904344 1.000000
7412016.740793 7412016.740793 1.000000
7412323.193660 7412323.193660 1.000000
7412903.801889 7412903.801889 1.000000
7413253.600573 7413253.600573 1.000000
7413524.653426 7413524.653426 1.000000
7413601.181828 7413601.181828 1.000000
7413729.212495 7413729.212495 1.000000
7413789.896890 7413789.896890 1.000000
7413722.159901 7413722.159901 1.000000
7413796.108187 7413796.108187 1.000000
7413868.623979 7413868.623979 1.000000
7413948.719168 7413948.719168 1.000000
7413423.943805 7413423.943805 1.000000
7413667.333072 7413667.333072 1.000000
7413838.592522 7413838.592522 1.000000
7413578.396189 7413578.396189 1.000000
7412922.135279 7412922.135279 1.000000
7412425.550710 7412425.550710 1.000000
7412927.826080 7412927.826080 1.000000
7412624.815201 7412624.815201 1.000000
7412838.895714 7412838.895714 1.000000
7412813.213899 7412813.213899 1.000000
7411443.491834 7411443.491834 1.000000
7411342.272840 7411342.272840 1.000000
7411469.035324 7411469.035324 1.000000
7411934.960744 7411934.960744 1.000000
7411782.879344 7411782.879344 1.000000
7411577.364022 7411577.364022 1.000000
7410915.130994 7410915.130994 1.000000
7410946.655176 7410946.655176 1.000000
7409715.241056 7409715.241056 1.000000
7409480.489742 7409480.489742 1.000000
7408624.506477 7408624.506477 1.000000
7408742.637116 7408742.637116 1.000000
7408934.282039 7408934.282039 1.000000
7409130.827800 7409130.827800 1.000000
7409448.255836 7409448.255836 1.000000
7409459.938033 7409459.938033 1.000000
7409528.407725 7409528.407725 1.000000
7409561.331165 7409561.331165 1.000000
7409573.001252 7409573.001252 1.000000
7410093.839815 7410093.839815 1.000000
7410605.512551 7410605.512551 1.000000
7410740.816567 7410740.816567 1.000000
7410920.305174 7410920.305174 1.000000
7411186.187442 7411186.187442 1.000000
7411341.786438 7411341.786438 1.000000
7411213.295314 7411213.295314 1.000000
7411589.162716 7411589.162716 1.000000
7411934.476055 7411934.476055 1.000000
7412189.291640 7412189.291640 1.000000
7412242.333094 7412242.333094 1.000000
7412338.639072 7412338.639072 1.000000
7412481.633846 7412481.633846 1.000000
7411777.507740 7411777.507740 1.000000
7411804.097099 7411804.097099 1.000000
7411913.140842 7411913.140842 1.000000
7412085.231839 7412085.231839 1.000000
7412728.569185 7412728.569185 1.000000
7412929.430559 7412929.430559 1.000000
7413467.995978 7413467.995978 1.000000
7412966.678785 7412966.678785 1.000000
7413286.164072 7413286.164072 1.000000
7413352.813184 7413352.813184 1.000000
7413733.066536 7413733.066536 1.000000
7413854.860435 7413854.860435 1.000000
7413300.562712 7413300.562712 1.000000
7413208.369948 7413208.369948 1.000000
7413212.349942 7413212.349942 1.000000
7413374.092591 7413374.092591 1.000000
7413610.328910 7413610.328910 1.000000
7413117.497563 7413117.497563 1.000000
7413886.141049 7413886.141049 1.000000
7414379.601057 7414379.601057 1.000000
7414622.363322 7414622.363322 1.000000
7414730.788913 7414730.788913 1.000000
7414814.432799 7414814.432799 1.000000
7415028.285951 7415028.285951 1.000000
7415269.032696 7415269.032696 1.000000
7415328.514740 7415328.514740 1.000000
7414734.401016 7414734.401016 1.000000
7415235.858069 7415235.858069 1.000000
7415118.919945 7415118.919945 1.000000
7415311.334481 7415311.334481 1.000000
7415525.058097 7415525.058097 1.000000
7415289.908654 7415289.908654 1.000000
7415198.671680 7415198.671680 1.000000
7415375.022605 7415375.022605 1.000000
7415828.060588 7415828.060588 1.000000
7415968.741001 7415968.741001 1.000000
7416214.189785 7416214.189785 1.000000
7415803.189704 7415803.189704 1.000000
7416099.716650 7416099.716650 1.000000
7416349.797237 7416349.797237 1.000000
7416654.104517 7416654.104517 1.000000
7417074.495833 7417074.495833 1.000000
7416946.503411 7416946.503411 1.000000
7417006.040263 7417006.040263 1.000000
7417382.195537 7417382.195537 1.000000
7417719.938349 7417719.938349 1.000000
7417656.272992 7417656.272992 1.000000
7417798.673622 7417798.673622 1.000000
7417928.274645 7417928.274645 1.000000
7417961.157303 7417961.157303 1.000000
7418164.153634 7418164.153634 1.000000
7417577.810515 7417577.810515 1.000000
7417913.567255 7417913.567255 1.000000
7418206.682708 7418206.682708 1.000000
7417585.569609 7417585.569609 1.000000
7417835.382228 7417835.382228 1.000000
7418161.958172 7418161.958172 1.000000
7417935.264438 7417935.264438 1.000000
7418245.036969 7418245.036969 1.000000
7418714.963972 7418714.963972 1.000000
7418888.418273 7418888.418273 1.000000
7418654.884455 7418654.884455 1.000000
7418660.673837 7418660.673837 1.000000
7418346.048284 7418346.048284 1.000000
7418308.318735 7418308.318735 1.000000
7417886.566091 7417886.566091 1.000000
7418077.520966 7418077.520966 1.000000
7418583.896483 7418583.896483 1.000000
7418145.042974 7418145.042974 1.000000
7418189.681238 7418189.681238 1.000000
7418478.749986 7418478.749986 1.000000
7418313.764067 7418313.764067 1.000000
7418479.288573 7418479.288573 1.000000
7418537.494004 7418537.494004 1.000000
7418745.774782 7418745.774782 1.000000
7418297.980969 7418297.980969 1.000000
7418588.055237 7418588.055237 1.000000
7418766.413945 7418766.413945 1.000000
7418548.945517 7418548.945517 1.000000
7418747.831810 7418747.831810 1.000000
7419099.834671 7419099.834671 1.000000
7419315.521565 7419315.521565 1.000000
7419349.207619 7419349.207619 1.000000
7419261.157087 7419261.157087 1.000000
7419864.813056 7419864.813056 1.000000
7419905.815478 7419905.815478 1.000000
7419909.769321 7419909.769321 1.000000
7420129.006622 7420129.006622 1.000000
7419924.325957 7419924.325957 1.000000
7419431.728733 7419431.728733 1.000000
7420182.645360 7420182.645360 1.000000
7419025.591543 7419025.591543 1.000000
7417747.529560 7417747.529560 1.000000
7417036.270293 7417036.270293 1.000000
7417665.911921 7417665.911921 1.000000
7416196.269108 7416196.269108 1.000000
7415413.862800 7415413.862800 1.000000
7416225.217906 7416225.217906 1.000000
7416421.681145 7416421.681145 1.000000
7416925.376744 7416925.376744 1.000000
7417201.888702 7417201.888702 1.000000
7415637.904893 7415637.904893 1.000000
7415001.329371 7415001.329371 1.000000
7413070.378133 7413070.378133 1.000000
7413752.567990 7413752.567990 1.000000
7413509.974204 7413509.974204 1.000000
7412922.682473 7412922.682473 1.000000
7413537.993540 7413537.993540 1.000000
7413842.195530 7413842.195530 1.000000
7414343.259177 7414343.259177 1.000000
7414637.211017 7414637.211017 1.000000
7414759.553141 7414759.553141 1.000000
7414882.524579 7414882.524579 1.000000
7415421.245222 7415421.245222 1.000000
7415658.447587 7415658.447587 1.000000
7415885.106487 7415885.106487 1.000000
7416031.388382 7416031.388382 1.000000
7416251.269081 7416251.269081 1.000000
7416609.725395 7416609.725395 1.000000
7416965.844809 7416965.844809 1.000000
7417458.346528 7417458.346528 1.000000
7417607.665274 7417607.665274 1.000000
7417765.811194 7417765.811194 1.000000
7418114.011453 7418114.011453 1.000000
7418204.622284 7418204.622284 1.000000
7418447.274346 7418447.274346 1.000000
7419123.728236 7419123.728236 1.000000
7418820.795182 7418820.795182 1.000000
7419082.499070 7419082.499070 1.000000
7419286.928904 7419286.928904 1.000000
7418638.166403 7418638.166403 1.000000
7418888.800595 7418888.800595 1.000000
7418975.195623 7418975.195623 1.000000
7419322.996254 7419322.996254 1.000000
7419123.777430 7419123.777430 1.000000
7419198.509076 7419198.509076 1.000000
7419243.673258 7419243.673258 1.000000
7419523.580579 7419523.580579 1.000000
7419821.679594 7419821.679594 1.000000
7418699.862692 7418699.862692 1.000000
7417103.401046 7417103.401046 1.000000
7417656.684284 7417656.684284 1.000000
7417144.006367 7417144.006367 1.000000
7417366.102894 7417366.102894 1.000000
7417403.025831 7417403.025831 1.000000
7417058.576851 7417058.576851 1.000000
7416447.404373 7416447.404373 1.000000
7416686.454070 7416686.454070 1.000000
7416267.169009 7416267.169009 1.000000
7416586.492453 7416586.492453 1.000000
7416849.013084 7416849.013084 1.000000
7417477.764294 7417477.764294 1.000000
7417516.383583 7417516.383583 1.000000
7417862.885527 7417862.885527 1.000000
7418347.843939 7418347.843939 1.000000
7418746.976621 7418746.976621 1.000000
7419134.330310 7419134.330310 1.000000
7419377.594674 7419377.594674 1.000000
7419823.688167 7419823.688167 1.000000
7419545.552190 7419545.552190 1.000000
7419755.922736 7419755.922736 1.000000
7420425.047618 7420425.047618 1.000000
7420815.725039 7420815.725039 1.000000
7421375.330248 7421375.330248 1.000000
7420885.820207 7420885.820207 1.000000
7421255.400050 7421255.400050 1.000000
7421414.364527 7421414.364527 1.000000
7420642.127280 7420642.127280 1.000000
7419508.078577 7419508.078577 1.000000
7419888.314653 7419888.314653 1.000000
7420458.011012 7420458.011012 1.000000
7420513.230871 7420513.230871 1.000000
7420431.870389 7420431.870389 1.000000
7419860.302809 7419860.302809 1.000000
7420343.296252 7420343.296252 1.000000
7420775.311851 7420775.311851 1.000000
7420057.117653 7420057.117653 1.000000
7420293.863499 7420293.863499 1.000000
7419762.704811 7419762.704811 1.000000
7419153.755971 7419153.755971 1.000000
7419822.381421 7419822.381421 1.000000
7420234.420216 7420234.420216 1.000000
7420039.444213 7420039.444213 1.000000
7419378.674658 7419378.674658 1.000000
7418529.772064 7418529.772064 1.000000
7416794.915077 7416794.915077 1.000000
7416974.174667 7416974.174667 1.000000
7417859.513813 7417859.513813 1.000000
7417377.846582 7417377.846582 1.000000
7417920.129926 7417920.129926 1.000000
7418836.894652 7418836.894652 1.000000
7419257.368664 7419257.368664 1.000000
7418556.963211 7418556.963211 1.000000
7419154.095733 7419154.095733 1.000000
7418254.439131 7418254.439131 1.000000
7418694.891200 7418694.891200 1.000000
7418881.346157 7418881.346157 1.000000
7419094.821210 7419094.821210 1.000000
7419923.785563 7419923.785563 1.000000
7421196.984638 7421196.984638 1.000000
7420290.100118 7420290.100118 1.000000
7419727.709405 7419727.709405 1.000000
7420785.432296 7420785.432296 1.000000
7420169.247988 7420169.247988 1.000000
7419707.386073 7419707.386073 1.000000
7419934.987644 7419934.987644 1.000000
7420079.171859 7420079.171859 1.000000
7419495.939226 7419495.939226 1.000000
7419310.799434 7419310.799434 1.000000
7419449.432641 7419449.432641 1.000000
7419866.005158 7419866.005158 1.000000
7418048.135295 7418048.135295 1.000000
7416563.996149 7416563.996149 1.000000
7416734.504957 7416734.504957 1.000000
7417133.763725 7417133.763725 1.000000
7417425.178366 7417425.178366 1.000000
7418179.512643 7418179.512643 1.000000
7416527.292766 7416527.292766 1.000000
7417047.184290 7417047.184290 1.000000
7416919.085693 7416919.085693 1.000000
7417295.732894 7417295.732894 1.000000
7417710.375618 7417710.375618 1.000000
7417844.847164 7417844.847164 1.000000
7417444.336299 7417444.336299 1.000000
7416189.262789 7416189.262789 1.000000
7413048.398370 7413048.398370 1.000000
7411275.396120 7411275.396120 1.000000
7409060.605481 7409060.605481 1.000000
7409435.543644 7409435.543644 1.000000
7409748.276284 7409748.276284 1.000000
7408797.799408 7408797.799408 1.000000
7407932.377615 7407932.377615 1.000000
7408417.673337 7408417.673337 1.000000
7407165.745836 7407165.745836 1.000000
7407027.497845 7407027.497845 1.000000
7407408.914138 7407408.914138 1.000000
7406951.789343 7406951.789343 1.000000
7407161.429024 7407161.429024 1.000000
7406551.342035 7406551.342035 1.000000
7406421.072233 7406421.072233 1.000000
7406726.246681 7406726.246681 1.000000
7406928.274432 7406928.274432 1.000000
7407181.356410 7407181.356410 1.000000
7407873.636814 7407873.636814 1.000000
7408313.635792 7408313.635792 1.000000
7408576.552544 7408576.552544 1.000000
7408601.856386 7408601.856386 1.000000
7408927.341532 7408927.341532 1.000000
7409621.904199 7409621.904199 1.000000
7410214.172877 7410214.172877 1.000000
7410830.126126 7410830.126126 1.000000
7411370.464446 7411370.464446 1.000000
7411549.337603 7411549.337603 1.000000
7412366.356861 7412366.356861 1.000000
7412651.991945 7412651.991945 1.000000
7412761.530896 7412761.530896 1.000000
7413306.421867 7413306.421867 1.000000
7413571.449178 7413571.449178 1.000000
7414969.665246 7414969.665246 1.000000
7415586.412388 7415586.412388 1.000000
7414645.919347 7414645.919347 1.000000
7414050.411264 7414050.411264 1.000000
7414091.958819 7414091.958819 1.000000
7414614.696851 7414614.696851 1.000000
7414923.809651 7414923.809651 1.000000
7414447.409342 7414447.409342 1.000000
7415045.969966 7415045.969966 1.000000
7415274.370600 7415274.370600 1.000000
7416006.958055 7416006.958055 1.000000
7416106.255850 7416106.255850 1.000000
7416544.410717 7416544.410717 1.000000
7416435.921721 7416435.921721 1.000000
7414859.471946 7414859.471946 1.000000
7415987.395786 7415987.395786 1.000000
7414661.351428 7414661.351428 1.000000
7413983.241033 7413983.241033 1.000000
7414471.123870 7414471.123870 1.000000
7414922.814960 7414922.814960 1.000000
7414925.424375 7414925.424375 1.000000
7415748.611865 7415748.611865 1.000000
7415912.723141 7415912.723141 1.000000
7415487.484149 7415487.484149 1.000000
7414600.870063 7414600.870063 1.000000
7414732.995643 7414732.995643 1.000000
7415239.272676 7415239.272676 1.000000
7414043.436428 7414043.436428 1.000000
7414617.349987 7414617.349987 1.000000
7415121.935415 7415121.935415 1.000000
7414840.716148 7414840.716148 1.000000
7415052.160000 7415052.160000 1.000000
7414690.289193 7414690.289193 1.000000
7414742.544092 7414742.544092 1.000000
7415232.614543 7415232.614543 1.000000
7415854.529822 7415854.529822 1.000000
7415055.110659 7415055.110659 1.000000
7415057.067305 7415057.067305 1.000000
7415121.096504 7415121.096504 1.000000
7415182.882919 7415182.882919 1.000000
7415919.178992 7415919.178992 1.000000
7414841.835841 7414841.835841 1.000000
7414972.609210 7414972.609210 1.000000
7414197.534007 7414197.534007 1.000000
7414437.375764 7414437.375764 1.000000
7414602.639407 7414602.639407 1.000000
7414640.913394 7414640.913394 1.000000
7414361.925142 7414361.925142 1.000000
7414954.913484 7414954.913484 1.000000
7415365.969997 7415365.969997 1.000000
7415561.111930 7415561.111930 1.000000
7415979.321733 7415979.321733 1.000000
7416597.914848 7416597.914848 1.000000
7416710.671195 7416710.671195 1.000000
7417555.527246 7417555.527246 1.000000
7418277.336952 7418277.336952 1.000000
7417454.492065 7417454.492065 1.000000
7416990.774521 7416990.774521 1.000000
7417276.578304 7417276.578304 1.000000
7417756.975263 7417756.975263 1.000000
7417185.542056 7417185.542056 1.000000
7417652.286085 7417652.286085 1.000000
7418003.918628 7418003.918628 1.000000
7418415.894957 7418415.894957 1.000000
7418741.405902 7418741.405902 1.000000
7418886.618525 7418886.618525 1.000000
7418905.529690 7418905.529690 1.000000
7418611.035914 7418611.035914 1.000000
7418638.206956 7418638.206956 1.000000
