5924087.957039 5924087.957039 1.000000
5923229.630296 5923229.630296 1.000000
5923118.580670 5923118.580670 1.000000
5922987.597312 5922987.597312 1.000000
7260188.494567 7260188.494567 1.000000
7260338.308486 7260338.308486 1.000000
7260507.480976 7260507.480976 1.000000
7260679.017485 7260679.017485 1.000000
7260848.346110 7260848.346110 1.000000
7261019.601491 7261019.601491 1.000000
7261186.122994 7261186.122994 1.000000
7261400.642875 7261400.642875 1.000000
7261569.971016 7261569.971016 1.000000
7261670.258520 7261670.258520 1.000000
7261931.660243 7261931.660243 1.000000
7262096.015750 7262096.015750 1.000000
7262342.597350 7262342.597350 1.000000
7262709.047830 7262709.047830 1.000000
7262938.038047 7262938.038047 1.000000
7263897.622925 7263897.622925 1.000000
7263998.156533 7263998.156533 1.000000
7264372.872449 7264372.872449 1.000000
7264599.494710 7264599.494710 1.000000
7264989.028849 7264989.028849 1.000000
7265128.324418 7265128.324418 1.000000
7265664.854448 7265664.854448 1.000000
7265802.783393 7265802.783393 1.000000
7266060.635712 7266060.635712 1.000000
7266282.785101 7266282.785101 1.000000
7266418.530376 7266418.530376 1.000000
7266519.015090 7266519.015090 1.000000
7266754.698912 7266754.698912 1.000000
7266947.870034 7266947.870034 1.000000
7267092.409091 7267092.409091 1.000000
7267256.879734 7267256.879734 1.000000
7267431.267582 7267431.267582 1.000000
7267625.128430 7267625.128430 1.000000
7267787.198053 7267787.198053 1.000000
7267956.162659 7267956.162659 1.000000
7268168.936184 7268168.936184 1.000000
7268336.451542 7268336.451542 1.000000
7268478.811365 7268478.811365 1.000000
7268650.261884 7268650.261884 1.000000
7268848.574993 7268848.574993 1.000000
7269049.827882 7269049.827882 1.000000
7269232.518254 7269232.518254 1.000000
7269401.772028 7269401.772028 1.000000
7269580.104866 7269580.104866 1.000000
7269774.513842 7269774.513842 1.000000
7269961.827886 7269961.827886 1.000000
7270172.099217 7270172.099217 1.000000
7270360.719334 7270360.719334 1.000000
7270537.135436 7270537.135436 1.000000
7270703.797059 7270703.797059 1.000000
7270904.108399 7270904.108399 1.000000
7271104.070667 7271104.070667 1.000000
7271312.388058 7271312.388058 1.000000
7271502.608188 7271502.608188 1.000000
7271698.185019 7271698.185019 1.000000
7271901.947891 7271901.947891 1.000000
7272109.672939 7272109.672939 1.000000
7272314.759594 7272314.759594 1.000000
7272517.965052 7272517.965052 1.000000
7272729.850691 7272729.850691 1.000000
7272943.636258 7272943.636258 1.000000
7273142.243188 7273142.243188 1.000000
7273360.484034 7273360.484034 1.000000
7273548.704352 7273548.704352 1.000000
7273748.633673 7273748.633673 1.000000
7273922.915978 7273922.915978 1.000000
7274102.461919 7274102.461919 1.000000
7274295.822600 7274295.822600 1.000000
7274498.092334 7274498.092334 1.000000
7274683.060714 7274683.060714 1.000000
7274878.879329 7274878.879329 1.000000
7275080.739205 7275080.739205 1.000000
7275279.819026 7275279.819026 1.000000
7275482.961217 7275482.961217 1.000000
7275651.912168 7275651.912168 1.000000
7275820.146893 7275820.146893 1.000000
7276017.441715 7276017.441715 1.000000
7276237.464910 7276237.464910 1.000000
7276442.495846 7276442.495846 1.000000
7276641.441544 7276641.441544 1.000000
7276840.231022 7276840.231022 1.000000
7277029.922954 7277029.922954 1.000000
7277209.079701 7277209.079701 1.000000
7277381.575651 7277381.575651 1.000000
7277568.665733 7277568.665733 1.000000
7277767.308060 7277767.308060 1.000000
7277957.286839 7277957.286839 1.000000
7278156.743625 7278156.743625 1.000000
7278347.887991 7278347.887991 1.000000
7278525.799146 7278525.799146 1.000000
7278717.454820 7278717.454820 1.000000
7278895.970655 7278895.970655 1.000000
7279083.792179 7279083.792179 1.000000
7279263.647941 7279263.647941 1.000000
7279434.660380 7279434.660380 1.000000
7279617.925387 7279617.925387 1.000000
7279794.269363 7279794.269363 1.000000
7279970.464252 7279970.464252 1.000000
7280132.828375 7280132.828375 1.000000
7280322.777619 7280322.777619 1.000000
7280529.081869 7280529.081869 1.000000
7280690.251754 7280690.251754 1.000000
7280914.202481 7280914.202481 1.000000
7281116.168435 7281116.168435 1.000000
7281343.845269 7281343.845269 1.000000
7281526.634202 7281526.634202 1.000000
7281717.171389 7281717.171389 1.000000
7281939.739490 7281939.739490 1.000000
7282147.824004 7282147.824004 1.000000
7282379.773253 7282379.773253 1.000000
7282647.234756 7282647.234756 1.000000
7282872.815790 7282872.815790 1.000000
7283050.969304 7283050.969304 1.000000
7283232.963497 7283232.963497 1.000000
7283422.175110 7283422.175110 1.000000
7283589.376880 7283589.376880 1.000000
7283787.389957 7283787.389957 1.000000
7284016.909310 7284016.909310 1.000000
7284249.729732 7284249.729732 1.000000
7284451.997234 7284451.997234 1.000000
7284693.946397 7284693.946397 1.000000
7284949.580580 7284949.580580 1.000000
7285166.639409 7285166.639409 1.000000
7285394.147704 7285394.147704 1.000000
7285606.987697 7285606.987697 1.000000
7285827.439601 7285827.439601 1.000000
7286033.167990 7286033.167990 1.000000
7286258.984407 7286258.984407 1.000000
7286478.728229 7286478.728229 1.000000
7286692.509284 7286692.509284 1.000000
7286896.432528 7286896.432528 1.000000
7287137.484705 7287137.484705 1.000000
7287401.355892 7287401.355892 1.000000
7287611.653352 7287611.653352 1.000000
7287823.413693 7287823.413693 1.000000
7288072.772970 7288072.772970 1.000000
7288342.192525 7288342.192525 1.000000
7288560.477110 7288560.477110 1.000000
7288787.551793 7288787.551793 1.000000
7289046.094714 7289046.094714 1.000000
7289262.315484 7289262.315484 1.000000
7289483.554791 7289483.554791 1.000000
7289724.933011 7289724.933011 1.000000
7289978.396811 7289978.396811 1.000000
7290223.887100 7290223.887100 1.000000
7290445.336960 7290445.336960 1.000000
7290673.851373 7290673.851373 1.000000
7290930.925763 7290930.925763 1.000000
7291196.441839 7291196.441839 1.000000
7291463.913475 7291463.913475 1.000000
7291716.498108 7291716.498108 1.000000
7291953.213523 7291953.213523 1.000000
7292175.993769 7292175.993769 1.000000
7292428.851659 7292428.851659 1.000000
7292656.117099 7292656.117099 1.000000
7292878.547775 7292878.547775 1.000000
7293127.959045 7293127.959045 1.000000
7293363.546994 7293363.546994 1.000000
7293621.516222 7293621.516222 1.000000
7293877.578245 7293877.578245 1.000000
7294127.216706 7294127.216706 1.000000
7294392.806886 7294392.806886 1.000000
7294633.196166 7294633.196166 1.000000
7294866.788690 7294866.788690 1.000000
7295121.137039 7295121.137039 1.000000
7295364.467264 7295364.467264 1.000000
7295610.796321 7295610.796321 1.000000
7295846.557678 7295846.557678 1.000000
7296085.728170 7296085.728170 1.000000
7296320.310157 7296320.310157 1.000000
7296559.653579 7296559.653579 1.000000
7296801.721799 7296801.721799 1.000000
7297055.801535 7297055.801535 1.000000
7297310.738969 7297310.738969 1.000000
7297577.082135 7297577.082135 1.000000
7297834.429186 7297834.429186 1.000000
7298090.083839 7298090.083839 1.000000
7298349.577961 7298349.577961 1.000000
7298593.539478 7298593.539478 1.000000
7298849.224393 7298849.224393 1.000000
7299120.661907 7299120.661907 1.000000
7299377.714908 7299377.714908 1.000000
7299641.062020 7299641.062020 1.000000
7299889.282770 7299889.282770 1.000000
7300149.546219 7300149.546219 1.000000
7300412.805498 7300412.805498 1.000000
7300659.285562 7300659.285562 1.000000
7333413.527713 7333413.527713 1.000000
7332858.473907 7332858.473907 1.000000
7332285.584489 7332285.584489 1.000000
7331680.491900 7331680.491900 1.000000
7331107.489991 7331107.489991 1.000000
7330510.806702 7330510.806702 1.000000
7329985.895844 7329985.895844 1.000000
7329414.240272 7329414.240272 1.000000
7328832.446750 7328832.446750 1.000000
7328293.399209 7328293.399209 1.000000
7327689.496609 7327689.496609 1.000000
7327137.946234 7327137.946234 1.000000
7326577.780418 7326577.780418 1.000000
7326017.976036 7326017.976036 1.000000
7325477.755590 7325477.755590 1.000000
7324935.903331 7324935.903331 1.000000
7324399.691417 7324399.691417 1.000000
7323877.974640 7323877.974640 1.000000
7323365.427291 7323365.427291 1.000000
7322851.407476 7322851.407476 1.000000
7322249.762520 7322249.762520 1.000000
7321679.574004 7321679.574004 1.000000
7321146.003925 7321146.003925 1.000000
7320573.827434 7320573.827434 1.000000
7320052.752614 7320052.752614 1.000000
7319551.327032 7319551.327032 1.000000
7319052.636346 7319052.636346 1.000000
7318568.113767 7318568.113767 1.000000
7318108.780815 7318108.780815 1.000000
7317627.745449 7317627.745449 1.000000
7317103.226800 7317103.226800 1.000000
7316625.244838 7316625.244838 1.000000
7316126.074379 7316126.074379 1.000000
7315653.333465 7315653.333465 1.000000
7315203.124401 7315203.124401 1.000000
7314746.907817 7314746.907817 1.000000
7314161.453383 7314161.453383 1.000000
7313701.579531 7313701.579531 1.000000
7313160.029075 7313160.029075 1.000000
7312621.099550 7312621.099550 1.000000
7312123.944610 7312123.944610 1.000000
7311561.230185 7311561.230185 1.000000
7311077.392013 7311077.392013 1.000000
7310617.062618 7310617.062618 1.000000
7310100.776540 7310100.776540 1.000000
7309611.798723 7309611.798723 1.000000
7309191.718962 7309191.718962 1.000000
7308748.495059 7308748.495059 1.000000
7308066.522576 7308066.522576 1.000000
7307802.016792 7307802.016792 1.000000
7307163.219562 7307163.219562 1.000000
7306222.000504 7306222.000504 1.000000
7305508.240388 7305508.240388 1.000000
7304743.979598 7304743.979598 1.000000
7303807.248250 7303807.248250 1.000000
7302879.553649 7302879.553649 1.000000
7302073.640560 7302073.640560 1.000000
7301698.108204 7301698.108204 1.000000
7301185.130003 7301185.130003 1.000000
7300894.896551 7300894.896551 1.000000
7300173.074848 7300173.074848 1.000000
7299705.676188 7299705.676188 1.000000
7299524.406586 7299524.406586 1.000000
7298777.352245 7298777.352245 1.000000
7298434.157248 7298434.157248 1.000000
7298060.537827 7298060.537827 1.000000
7297451.381738 7297451.381738 1.000000
7296884.024015 7296884.024015 1.000000
7296415.950101 7296415.950101 1.000000
7295935.432697 7295935.432697 1.000000
7295368.570861 7295368.570861 1.000000
7295007.567112 7295007.567112 1.000000
7294533.795970 7294533.795970 1.000000
7294426.964139 7294426.964139 1.000000
7293916.428155 7293916.428155 1.000000
7293090.351661 7293090.351661 1.000000
7292358.918781 7292358.918781 1.000000
7291596.000490 7291596.000490 1.000000
7290819.600837 7290819.600837 1.000000
7290617.873834 7290617.873834 1.000000
7290045.739971 7290045.739971 1.000000
7289639.002543 7289639.002543 1.000000
7289306.845434 7289306.845434 1.000000
7288691.075953 7288691.075953 1.000000
7288506.532413 7288506.532413 1.000000
7287774.789624 7287774.789624 1.000000
7287621.605645 7287621.605645 1.000000
7287295.843814 7287295.843814 1.000000
7286607.890742 7286607.890742 1.000000
7285864.792560 7285864.792560 1.000000
7285586.411641 7285586.411641 1.000000
7285462.335230 7285462.335230 1.000000
7284784.447306 7284784.447306 1.000000
7284547.857618 7284547.857618 1.000000
7284112.052884 7284112.052884 1.000000
7283665.448224 7283665.448224 1.000000
7283199.848635 7283199.848635 1.000000
7282752.534981 7282752.534981 1.000000
7282311.443991 7282311.443991 1.000000
7281885.632827 7281885.632827 1.000000
7281476.857179 7281476.857179 1.000000
7281066.245725 7281066.245725 1.000000
7280856.831518 7280856.831518 1.000000
7280189.935478 7280189.935478 1.000000
7279458.776499 7279458.776499 1.000000
7278926.882994 7278926.882994 1.000000
7278688.528064 7278688.528064 1.000000
7278194.023472 7278194.023472 1.000000
7277700.067744 7277700.067744 1.000000
7277224.444394 7277224.444394 1.000000
7276740.437734 7276740.437734 1.000000
7276528.197921 7276528.197921 1.000000
7276009.544307 7276009.544307 1.000000
7275520.172250 7275520.172250 1.000000
7275346.610354 7275346.610354 1.000000
7274759.422388 7274759.422388 1.000000
7274570.485101 7274570.485101 1.000000
7273904.071885 7273904.071885 1.000000
7273762.616184 7273762.616184 1.000000
7273353.135815 7273353.135815 1.000000
7272977.162155 7272977.162155 1.000000
7272582.242939 7272582.242939 1.000000
7272357.576161 7272357.576161 1.000000
7271830.392051 7271830.392051 1.000000
7271641.292145 7271641.292145 1.000000
7271155.388098 7271155.388098 1.000000
7270661.260197 7270661.260197 1.000000
7270231.413234 7270231.413234 1.000000
7269856.839373 7269856.839373 1.000000
7269492.590318 7269492.590318 1.000000
7269074.741005 7269074.741005 1.000000
