7273027.188872 7273027.188872 1.000000
7273058.264476 7273058.264476 1.000000
7273091.417172 7273091.417172 1.000000
7273123.658441 7273123.658441 1.000000
7273158.146365 7273158.146365 1.000000
7273190.640340 7273190.640340 1.000000
7273224.374028 7273224.374028 1.000000
7273254.142363 7273254.142363 1.000000
7273292.446484 7273292.446484 1.000000
7273325.078321 7273325.078321 1.000000
7273358.185240 7273358.185240 1.000000
7273383.317981 7273383.317981 1.000000
7273575.656813 7273575.656813 1.000000
7273602.335732 7273602.335732 1.000000
7273629.462706 7273629.462706 1.000000
7273658.856218 7273658.856218 1.000000
7273856.562991 7273856.562991 1.000000
7273887.324833 7273887.324833 1.000000
7273913.477964 7273913.477964 1.000000
7274103.655815 7274103.655815 1.000000
7274133.982361 7274133.982361 1.000000
7274163.516194 7274163.516194 1.000000
7274196.428692 7274196.428692 1.000000
7274232.955399 7274232.955399 1.000000
7274260.226081 7274260.226081 1.000000
7274292.971093 7274292.971093 1.000000
7280020.832539 7280020.832539 1.000000
7280052.288290 7280052.288290 1.000000
7280078.540750 7280078.540750 1.000000
7280115.823987 7280115.823987 1.000000
7280141.675896 7280141.675896 1.000000
7280319.153572 7280319.153572 1.000000
7280512.178924 7280512.178924 1.000000
7280540.172116 7280540.172116 1.000000
7280650.547038 7280650.547038 1.000000
7280684.460718 7280684.460718 1.000000
7280883.699264 7280883.699264 1.000000
7280036.274212 7280036.274212 1.000000
7280066.696394 7280066.696394 1.000000
7280121.956108 7280121.956108 1.000000
7280152.135249 7280152.135249 1.000000
7280221.139970 7280221.139970 1.000000
7280275.192355 7280275.192355 1.000000
7280320.899020 7280320.899020 1.000000
7280386.436603 7280386.436603 1.000000
7280434.104672 7280434.104672 1.000000
7280496.778475 7280496.778475 1.000000
7280540.263586 7280540.263586 1.000000
7280602.326452 7280602.326452 1.000000
7280659.964434 7280659.964434 1.000000
7280690.771622 7280690.771622 1.000000
7280731.139619 7280731.139619 1.000000
7280788.039345 7280788.039345 1.000000
7280821.325996 7280821.325996 1.000000
7280057.387198 7280057.387198 1.000000
7280110.217074 7280110.217074 1.000000
7280190.900494 7280190.900494 1.000000
7280259.013579 7280259.013579 1.000000
7299712.669272 7299712.669272 1.000000
7300538.465885 7300538.465885 1.000000
7300910.282693 7300910.282693 1.000000
7301561.659739 7301561.659739 1.000000
7301376.432004 7301376.432004 1.000000
7301906.891669 7301906.891669 1.000000
7302232.943653 7302232.943653 1.000000
7302253.708637 7302253.708637 1.000000
7302701.954870 7302701.954870 1.000000
7302562.236873 7302562.236873 1.000000
7302680.079041 7302680.079041 1.000000
7302305.057580 7302305.057580 1.000000
7302654.560575 7302654.560575 1.000000
7302701.039464 7302701.039464 1.000000
7302290.661505 7302290.661505 1.000000
7302607.726056 7302607.726056 1.000000
7302039.234779 7302039.234779 1.000000
7302061.893954 7302061.893954 1.000000
7302769.290187 7302769.290187 1.000000
7302937.216002 7302937.216002 1.000000
7302493.144906 7302493.144906 1.000000
7301927.497925 7301927.497925 1.000000
7301234.241856 7301234.241856 1.000000
7301925.753306 7301925.753306 1.000000
7301504.305043 7301504.305043 1.000000
7301620.732448 7301620.732448 1.000000
7302017.066181 7302017.066181 1.000000
7302514.198196 7302514.198196 1.000000
7302143.732270 7302143.732270 1.000000
7302247.173508 7302247.173508 1.000000
7302277.635288 7302277.635288 1.000000
7302298.289847 7302298.289847 1.000000
7301802.062028 7301802.062028 1.000000
7301837.001392 7301837.001392 1.000000
7302082.936419 7302082.936419 1.000000
7301695.964282 7301695.964282 1.000000
7302094.563922 7302094.563922 1.000000
7302950.624693 7302950.624693 1.000000
7303718.388894 7303718.388894 1.000000
7303853.139606 7303853.139606 1.000000
7303641.817330 7303641.817330 1.000000
7303756.610690 7303756.610690 1.000000
7304489.336804 7304489.336804 1.000000
7305359.773624 7305359.773624 1.000000
7305412.292864 7305412.292864 1.000000
7305459.720174 7305459.720174 1.000000
7305517.860694 7305517.860694 1.000000
7305556.482718 7305556.482718 1.000000
7306517.646547 7306517.646547 1.000000
7306543.516678 7306543.516678 1.000000
7306577.530793 7306577.530793 1.000000
7307387.295089 7307387.295089 1.000000
7308240.883421 7308240.883421 1.000000
7308267.622514 7308267.622514 1.000000
7309099.008868 7309099.008868 1.000000
7309972.969287 7309972.969287 1.000000
7309852.980117 7309852.980117 1.000000
7309278.323834 7309278.323834 1.000000
7310225.123132 7310225.123132 1.000000
7309912.832119 7309912.832119 1.000000
7309938.129003 7309938.129003 1.000000
7310204.499307 7310204.499307 1.000000
7309330.291461 7309330.291461 1.000000
7309443.178939 7309443.178939 1.000000
7309802.766790 7309802.766790 1.000000
7310760.110045 7310760.110045 1.000000
7311153.424964 7311153.424964 1.000000
7310508.111488 7310508.111488 1.000000
7310062.719501 7310062.719501 1.000000
7309304.100598 7309304.100598 1.000000
7309327.237944 7309327.237944 1.000000
7309217.464313 7309217.464313 1.000000
7308975.857330 7308975.857330 1.000000
7308044.757217 7308044.757217 1.000000
7308458.153222 7308458.153222 1.000000
7308664.165693 7308664.165693 1.000000
7309081.099248 7309081.099248 1.000000
7308514.818237 7308514.818237 1.000000
7308169.345570 7308169.345570 1.000000
7308066.271847 7308066.271847 1.000000
7308993.688437 7308993.688437 1.000000
7309016.527948 7309016.527948 1.000000
7309214.374205 7309214.374205 1.000000
7308940.910733 7308940.910733 1.000000
7308435.715380 7308435.715380 1.000000
7308094.532925 7308094.532925 1.000000
7307772.105447 7307772.105447 1.000000
7307595.510251 7307595.510251 1.000000
7306905.991355 7306905.991355 1.000000
7307097.050755 7307097.050755 1.000000
7306523.056491 7306523.056491 1.000000
7307135.136808 7307135.136808 1.000000
7306810.759474 7306810.759474 1.000000
7307002.231520 7307002.231520 1.000000
7306982.024536 7306982.024536 1.000000
7307197.169739 7307197.169739 1.000000
7307792.592314 7307792.592314 1.000000
7307835.977111 7307835.977111 1.000000
7308796.461725 7308796.461725 1.000000
7308647.127014 7308647.127014 1.000000
7308619.526298 7308619.526298 1.000000
7307881.464791 7307881.464791 1.000000
7307542.002753 7307542.002753 1.000000
7307018.377587 7307018.377587 1.000000
7306128.197311 7306128.197311 1.000000
7306106.578552 7306106.578552 1.000000
7306076.087524 7306076.087524 1.000000
7305279.443747 7305279.443747 1.000000
7306109.660901 7306109.660901 1.000000
7305374.523398 7305374.523398 1.000000
7305405.865561 7305405.865561 1.000000
7304484.694964 7304484.694964 1.000000
7304464.388456 7304464.388456 1.000000
7303869.526357 7303869.526357 1.000000
7304292.288242 7304292.288242 1.000000
7303386.875832 7303386.875832 1.000000
7303152.097988 7303152.097988 1.000000
7304104.271484 7304104.271484 1.000000
7304539.052007 7304539.052007 1.000000
7304518.961774 7304518.961774 1.000000
7304761.558843 7304761.558843 1.000000
7304431.906289 7304431.906289 1.000000
7303854.148263 7303854.148263 1.000000
7304378.544911 7304378.544911 1.000000
7303517.880513 7303517.880513 1.000000
7303489.949040 7303489.949040 1.000000
7302988.772153 7302988.772153 1.000000
7302638.447637 7302638.447637 1.000000
7303315.369747 7303315.369747 1.000000
7302738.608764 7302738.608764 1.000000
7303594.954011 7303594.954011 1.000000
7303199.394116 7303199.394116 1.000000
7302817.570866 7302817.570866 1.000000
7303142.171616 7303142.171616 1.000000
7302877.317064 7302877.317064 1.000000
7303315.651782 7303315.651782 1.000000
7303601.550892 7303601.550892 1.000000
7304579.596898 7304579.596898 1.000000
7304832.917921 7304832.917921 1.000000
7304590.379285 7304590.379285 1.000000
7303978.912255 7303978.912255 1.000000
7304166.513157 7304166.513157 1.000000
7303898.530160 7303898.530160 1.000000
7303363.556115 7303363.556115 1.000000
7303128.844914 7303128.844914 1.000000
7303106.603047 7303106.603047 1.000000
7302693.303575 7302693.303575 1.000000
7303450.275454 7303450.275454 1.000000
7302485.122839 7302485.122839 1.000000
7302157.199451 7302157.199451 1.000000
7301721.672667 7301721.672667 1.000000
7302045.006929 7302045.006929 1.000000
7302242.168555 7302242.168555 1.000000
7301830.419349 7301830.419349 1.000000
7302763.968660 7302763.968660 1.000000
7301781.073037 7301781.073037 1.000000
7301254.178025 7301254.178025 1.000000
7301136.602339 7301136.602339 1.000000
7301801.995455 7301801.995455 1.000000
7301140.055442 7301140.055442 1.000000
7301431.391978 7301431.391978 1.000000
7301587.997726 7301587.997726 1.000000
7301612.934269 7301612.934269 1.000000
7301635.836752 7301635.836752 1.000000
7301681.287712 7301681.287712 1.000000
7301718.549458 7301718.549458 1.000000
7301746.517024 7301746.517024 1.000000
7301784.083752 7301784.083752 1.000000
7301804.819027 7301804.819027 1.000000
7302564.159248 7302564.159248 1.000000
7302588.650024 7302588.650024 1.000000
7303286.070877 7303286.070877 1.000000
7303320.931266 7303320.931266 1.000000
7303362.376387 7303362.376387 1.000000
7303388.220309 7303388.220309 1.000000
7304231.867407 7304231.867407 1.000000
7304890.700712 7304890.700712 1.000000
7305880.879937 7305880.879937 1.000000
7306346.111465 7306346.111465 1.000000
7306892.096005 7306892.096005 1.000000
7306410.427632 7306410.427632 1.000000
7306552.625722 7306552.625722 1.000000
7306812.516967 7306812.516967 1.000000
7306836.977850 7306836.977850 1.000000
7307108.008019 7307108.008019 1.000000
7307414.617086 7307414.617086 1.000000
7307170.869482 7307170.869482 1.000000
7307887.532238 7307887.532238 1.000000
7308286.026659 7308286.026659 1.000000
7309281.885225 7309281.885225 1.000000
7309697.731494 7309697.731494 1.000000
7310550.311031 7310550.311031 1.000000
7311476.584617 7311476.584617 1.000000
7311334.114901 7311334.114901 1.000000
7311670.135454 7311670.135454 1.000000
7311289.591220 7311289.591220 1.000000
7310595.194858 7310595.194858 1.000000
7309965.722969 7309965.722969 1.000000
