7164891.050227 7164891.050227 1.000000
7164860.942309 7164860.942309 1.000000
7164834.624146 7164834.624146 1.000000
7164663.969628 7164663.969628 1.000000
7164633.174887 7164633.174887 1.000000
7164606.940521 7164606.940521 1.000000
7164973.840933 7164973.840933 1.000000
7164950.248103 7164950.248103 1.000000
7164802.290196 7164802.290196 1.000000
7164772.190571 7164772.190571 1.000000
7164625.165757 7164625.165757 1.000000
7164473.280858 7164473.280858 1.000000
7164357.364453 7164357.364453 1.000000
7164404.059217 7164404.059217 1.000000
7164258.742713 7164258.742713 1.000000
7164113.252430 7164113.252430 1.000000
7163969.436866 7163969.436866 1.000000
7163940.517093 7163940.517093 1.000000
7163913.901026 7163913.901026 1.000000
7163889.010210 7163889.010210 1.000000
7163864.756763 7163864.756763 1.000000
7163842.687296 7163842.687296 1.000000
7163813.043122 7163813.043122 1.000000
7163778.033788 7163778.033788 1.000000
7163741.693444 7163741.693444 1.000000
7163707.762603 7163707.762603 1.000000
7163508.808516 7163508.808516 1.000000
7163476.596658 7163476.596658 1.000000
7163443.485817 7163443.485817 1.000000
7163418.190864 7163418.190864 1.000000
7163231.838386 7163231.838386 1.000000
7163207.390746 7163207.390746 1.000000
7163172.529424 7163172.529424 1.000000
7163056.735286 7163056.735286 1.000000
7163017.747358 7163017.747358 1.000000
7162967.324231 7162967.324231 1.000000
7162935.778005 7162935.778005 1.000000
7162915.250581 7162915.250581 1.000000
7162885.936502 7162885.936502 1.000000
7162841.586164 7162841.586164 1.000000
7162806.632282 7162806.632282 1.000000
7162775.316773 7162775.316773 1.000000
7162753.041231 7162753.041231 1.000000
7162722.818964 7162722.818964 1.000000
7162696.329699 7162696.329699 1.000000
7162661.183739 7162661.183739 1.000000
7162627.485920 7162627.485920 1.000000
7162591.587974 7162591.587974 1.000000
7162548.433029 7162548.433029 1.000000
7162512.440685 7162512.440685 1.000000
7162490.914692 7162490.914692 1.000000
7162457.709409 7162457.709409 1.000000
7162419.343693 7162419.343693 1.000000
7162380.730953 7162380.730953 1.000000
7162340.496432 7162340.496432 1.000000
7159954.159519 7159954.159519 1.000000
7159930.426563 7159930.426563 1.000000
7159909.629317 7159909.629317 1.000000
7159884.238115 7159884.238115 1.000000
7159861.336266 7159861.336266 1.000000
7159837.318131 7159837.318131 1.000000
7159808.288281 7159808.288281 1.000000
7159774.300999 7159774.300999 1.000000
7159752.720531 7159752.720531 1.000000
7154955.173838 7154955.173838 1.000000
7154923.636960 7154923.636960 1.000000
7154898.738562 7154898.738562 1.000000
7154870.959550 7154870.959550 1.000000
7154705.405670 7154705.405670 1.000000
7154545.296088 7154545.296088 1.000000
7154512.149145 7154512.149145 1.000000
7154487.245354 7154487.245354 1.000000
7154449.583479 7154449.583479 1.000000
7154417.419115 7154417.419115 1.000000
7154251.155073 7154251.155073 1.000000
7145139.949338 7145139.949338 1.000000
7145288.788228 7145288.788228 1.000000
7145267.142042 7145267.142042 1.000000
7145243.702694 7145243.702694 1.000000
7145057.833188 7145057.833188 1.000000
7145035.432340 7145035.432340 1.000000
7144871.922223 7144871.922223 1.000000
7144767.243330 7144767.243330 1.000000
7144728.107756 7144728.107756 1.000000
7144697.378381 7144697.378381 1.000000
7144676.991934 7144676.991934 1.000000
7144637.728618 7144637.728618 1.000000
7144608.629088 7144608.629088 1.000000
7144572.007786 7144572.007786 1.000000
7144541.851626 7144541.851626 1.000000
7144514.308817 7144514.308817 1.000000
7144318.899360 7144318.899360 1.000000
7144294.528611 7144294.528611 1.000000
7144158.089123 7144158.089123 1.000000
7144136.032764 7144136.032764 1.000000
7144105.396294 7144105.396294 1.000000
7144064.818402 7144064.818402 1.000000
7144026.777984 7144026.777984 1.000000
7143992.462579 7143992.462579 1.000000
7143947.823589 7143947.823589 1.000000
7143910.960500 7143910.960500 1.000000
7143742.744947 7143742.744947 1.000000
7143721.291344 7143721.291344 1.000000
7143697.785717 7143697.785717 1.000000
7143592.131029 7143592.131029 1.000000
7143570.240805 7143570.240805 1.000000
7143379.954377 7143379.954377 1.000000
7143254.421882 7143254.421882 1.000000
7143308.148786 7143308.148786 1.000000
7143284.368970 7143284.368970 1.000000
7143255.920589 7143255.920589 1.000000
7143154.225764 7143154.225764 1.000000
7143123.472849 7143123.472849 1.000000
7143074.398279 7143074.398279 1.000000
7143163.834135 7143163.834135 1.000000
7143020.883700 7143020.883700 1.000000
7142997.092562 7142997.092562 1.000000
7142972.013539 7142972.013539 1.000000
7142947.797076 7142947.797076 1.000000
7142749.139609 7142749.139609 1.000000
7142652.841711 7142652.841711 1.000000
7142628.517662 7142628.517662 1.000000
7124844.641365 7124844.641365 1.000000
7124820.405211 7124820.405211 1.000000
7124794.583757 7124794.583757 1.000000
7124603.993530 7124603.993530 1.000000
7124499.553096 7124499.553096 1.000000
7124330.655293 7124330.655293 1.000000
7124207.299584 7124207.299584 1.000000
7124183.239370 7124183.239370 1.000000
7124050.971131 7124050.971131 1.000000
7124029.082151 7124029.082151 1.000000
7123997.997827 7123997.997827 1.000000
7123844.982524 7123844.982524 1.000000
7124630.025864 7124630.025864 1.000000
7124551.244423 7124551.244423 1.000000
7124398.212961 7124398.212961 1.000000
7124198.706090 7124198.706090 1.000000
7124054.160013 7124054.160013 1.000000
7124012.676343 7124012.676343 1.000000
7123972.991122 7123972.991122 1.000000
7123937.227207 7123937.227207 1.000000
7123782.114827 7123782.114827 1.000000
7123757.744361 7123757.744361 1.000000
7123718.671902 7123718.671902 1.000000
7123580.656879 7123580.656879 1.000000
7123393.191397 7123393.191397 1.000000
7123200.784699 7123200.784699 1.000000
7123014.347281 7123014.347281 1.000000
7122859.805060 7122859.805060 1.000000
7122832.856810 7122832.856810 1.000000
7122647.031471 7122647.031471 1.000000
7122612.833262 7122612.833262 1.000000
7122484.260604 7122484.260604 1.000000
7122357.449608 7122357.449608 1.000000
7122329.051551 7122329.051551 1.000000
7122308.192115 7122308.192115 1.000000
7122282.094180 7122282.094180 1.000000
7124869.459955 7124869.459955 1.000000
7124846.765017 7124846.765017 1.000000
7124815.279915 7124815.279915 1.000000
7124794.338309 7124794.338309 1.000000
7124769.742224 7124769.742224 1.000000
7124744.729689 7124744.729689 1.000000
7124713.059206 7124713.059206 1.000000
7124680.513677 7124680.513677 1.000000
7124652.933121 7124652.933121 1.000000
7124612.307493 7124612.307493 1.000000
7124588.421620 7124588.421620 1.000000
7124549.925469 7124549.925469 1.000000
7124512.018053 7124512.018053 1.000000
7124477.838954 7124477.838954 1.000000
7124452.418815 7124452.418815 1.000000
7124424.702907 7124424.702907 1.000000
7124401.008228 7124401.008228 1.000000
7124375.938914 7124375.938914 1.000000
7124256.421664 7124256.421664 1.000000
7124228.460892 7124228.460892 1.000000
7124197.651083 7124197.651083 1.000000
7124172.112502 7124172.112502 1.000000
7124144.065876 7124144.065876 1.000000
7124034.341126 7124034.341126 1.000000
7125048.022826 7125048.022826 1.000000
7124902.525973 7124902.525973 1.000000
7124788.258706 7124788.258706 1.000000
7124731.276794 7124731.276794 1.000000
7124593.934927 7124593.934927 1.000000
7124741.720993 7124741.720993 1.000000
7124619.956648 7124619.956648 1.000000
7124884.452209 7124884.452209 1.000000
7124961.130890 7124961.130890 1.000000
7124914.062963 7124914.062963 1.000000
7124764.151242 7124764.151242 1.000000
7124605.556795 7124605.556795 1.000000
7124584.222726 7124584.222726 1.000000
7124548.425008 7124548.425008 1.000000
7124417.580221 7124417.580221 1.000000
7124383.359108 7124383.359108 1.000000
7124349.563696 7124349.563696 1.000000
7124321.111756 7124321.111756 1.000000
7124131.183420 7124131.183420 1.000000
7123981.104855 7123981.104855 1.000000
7124140.898668 7124140.898668 1.000000
7124017.135512 7124017.135512 1.000000
7123995.513671 7123995.513671 1.000000
7123835.012796 7123835.012796 1.000000
7123765.664143 7123765.664143 1.000000
7123675.373559 7123675.373559 1.000000
7123621.060319 7123621.060319 1.000000
7123530.471865 7123530.471865 1.000000
7123373.353041 7123373.353041 1.000000
7123269.427449 7123269.427449 1.000000
7122865.162308 7122865.162308 1.000000
7122725.775157 7122725.775157 1.000000
7122703.960341 7122703.960341 1.000000
7124817.173594 7124817.173594 1.000000
7124671.814427 7124671.814427 1.000000
7124544.472607 7124544.472607 1.000000
7124366.618505 7124366.618505 1.000000
7124198.339003 7124198.339003 1.000000
7124070.588013 7124070.588013 1.000000
7124962.706491 7124962.706491 1.000000
7125269.604609 7125269.604609 1.000000
7125139.535229 7125139.535229 1.000000
7125300.599480 7125300.599480 1.000000
7125353.086229 7125353.086229 1.000000
7125463.276166 7125463.276166 1.000000
7125608.874551 7125608.874551 1.000000
7125629.698983 7125629.698983 1.000000
7125789.391468 7125789.391468 1.000000
7125893.861046 7125893.861046 1.000000
7126029.528721 7126029.528721 1.000000
7126169.142556 7126169.142556 1.000000
7126194.954387 7126194.954387 1.000000
7126331.189387 7126331.189387 1.000000
7126485.374497 7126485.374497 1.000000
7126023.443616 7126023.443616 1.000000
7126095.089155 7126095.089155 1.000000
7126227.945157 7126227.945157 1.000000
7126388.606420 7126388.606420 1.000000
7126754.223641 7126754.223641 1.000000
7126822.330143 7126822.330143 1.000000
7126934.067854 7126934.067854 1.000000
7127084.570149 7127084.570149 1.000000
7127242.794976 7127242.794976 1.000000
7127356.056827 7127356.056827 1.000000
7127518.260936 7127518.260936 1.000000
7127623.105026 7127623.105026 1.000000
7127768.816262 7127768.816262 1.000000
7127965.376771 7127965.376771 1.000000
7128035.965257 7128035.965257 1.000000
7128198.378134 7128198.378134 1.000000
7128299.286916 7128299.286916 1.000000
7128448.333223 7128448.333223 1.000000
7128573.773486 7128573.773486 1.000000
7128700.904362 7128700.904362 1.000000
7128775.085717 7128775.085717 1.000000
7128875.999708 7128875.999708 1.000000
7129012.287556 7129012.287556 1.000000
7129122.158290 7129122.158290 1.000000
7129216.647668 7129216.647668 1.000000
7129302.579197 7129302.579197 1.000000
7129428.854884 7129428.854884 1.000000
7129524.230654 7129524.230654 1.000000
7129213.695103 7129213.695103 1.000000
7129346.039363 7129346.039363 1.000000
7129452.548878 7129452.548878 1.000000
7129574.544460 7129574.544460 1.000000
7129693.024289 7129693.024289 1.000000
7129832.793784 7129832.793784 1.000000
7129971.813617 7129971.813617 1.000000
7130099.823101 7130099.823101 1.000000
7130231.994697 7130231.994697 1.000000
7130253.795494 7130253.795494 1.000000
7130387.073758 7130387.073758 1.000000
7130552.366633 7130552.366633 1.000000
7130674.008286 7130674.008286 1.000000
7130755.588589 7130755.588589 1.000000
7130892.647789 7130892.647789 1.000000
7130955.484556 7130955.484556 1.000000
7131058.226161 7131058.226161 1.000000
7131181.141015 7131181.141015 1.000000
7131278.327621 7131278.327621 1.000000
7131318.379168 7131318.379168 1.000000
7131460.773088 7131460.773088 1.000000
7131623.065568 7131623.065568 1.000000
7131760.247217 7131760.247217 1.000000
7131909.812839 7131909.812839 1.000000
7131990.470884 7131990.470884 1.000000
7131716.201402 7131716.201402 1.000000
7131777.700164 7131777.700164 1.000000
7131838.250881 7131838.250881 1.000000
7131960.767035 7131960.767035 1.000000
7132014.629300 7132014.629300 1.000000
7131965.948320 7131965.948320 1.000000
7132080.462962 7132080.462962 1.000000
7132182.431190 7132182.431190 1.000000
7132287.855642 7132287.855642 1.000000
7132410.522939 7132410.522939 1.000000
7132528.619953 7132528.619953 1.000000
7132576.204292 7132576.204292 1.000000
7131719.191194 7131719.191194 1.000000
7132701.149210 7132701.149210 1.000000
7132858.475641 7132858.475641 1.000000
7132973.742196 7132973.742196 1.000000
7133049.122978 7133049.122978 1.000000
7133953.993336 7133953.993336 1.000000
7134119.650195 7134119.650195 1.000000
7134249.094872 7134249.094872 1.000000
7134362.176137 7134362.176137 1.000000
7134477.398810 7134477.398810 1.000000
7134636.322761 7134636.322761 1.000000
7134832.173181 7134832.173181 1.000000
7134952.408717 7134952.408717 1.000000
7135079.812487 7135079.812487 1.000000
7135245.350710 7135245.350710 1.000000
7135366.424584 7135366.424584 1.000000
7135519.708885 7135519.708885 1.000000
7135575.215837 7135575.215837 1.000000
7135693.804229 7135693.804229 1.000000
7135746.825450 7135746.825450 1.000000
7135462.368119 7135462.368119 1.000000
7136102.130552 7136102.130552 1.000000
7136242.720996 7136242.720996 1.000000
7136388.125874 7136388.125874 1.000000
7136547.217203 7136547.217203 1.000000
7137348.511152 7137348.511152 1.000000
7137392.513986 7137392.513986 1.000000
7137473.154084 7137473.154084 1.000000
7136944.049875 7136944.049875 1.000000
7137019.465193 7137019.465193 1.000000
7136923.702725 7136923.702725 1.000000
7136799.514306 7136799.514306 1.000000
7136905.436322 7136905.436322 1.000000
7137777.113808 7137777.113808 1.000000
7137727.768196 7137727.768196 1.000000
7137795.226679 7137795.226679 1.000000
7138584.735573 7138584.735573 1.000000
7138702.149537 7138702.149537 1.000000
7138998.590693 7138998.590693 1.000000
7139100.329976 7139100.329976 1.000000
7139208.753793 7139208.753793 1.000000
7139168.041159 7139168.041159 1.000000
7138707.532834 7138707.532834 1.000000
7138579.634416 7138579.634416 1.000000
7138531.674092 7138531.674092 1.000000
7138630.681263 7138630.681263 1.000000
7138587.506708 7138587.506708 1.000000
7138696.042021 7138696.042021 1.000000
7138661.371520 7138661.371520 1.000000
7138624.531728 7138624.531728 1.000000
7138556.349012 7138556.349012 1.000000
7138517.890402 7138517.890402 1.000000
7138240.123635 7138240.123635 1.000000
7138081.134970 7138081.134970 1.000000
7137943.055193 7137943.055193 1.000000
7138060.210420 7138060.210420 1.000000
7137970.688072 7137970.688072 1.000000
7137885.940541 7137885.940541 1.000000
7137848.403166 7137848.403166 1.000000
7137730.497836 7137730.497836 1.000000
7137578.539701 7137578.539701 1.000000
7137439.937092 7137439.937092 1.000000
7137344.837192 7137344.837192 1.000000
7136782.702554 7136782.702554 1.000000
7136727.896093 7136727.896093 1.000000
7136658.360606 7136658.360606 1.000000
7136527.031277 7136527.031277 1.000000
7136587.462578 7136587.462578 1.000000
7136201.858169 7136201.858169 1.000000
7135354.974521 7135354.974521 1.000000
7135400.287827 7135400.287827 1.000000
7135308.981012 7135308.981012 1.000000
7135360.951725 7135360.951725 1.000000
7135294.859924 7135294.859924 1.000000
7135383.217005 7135383.217005 1.000000
7135484.056954 7135484.056954 1.000000
7135327.175063 7135327.175063 1.000000
7135377.367159 7135377.367159 1.000000
7135301.410158 7135301.410158 1.000000
7135998.493836 7135998.493836 1.000000
7136033.800772 7136033.800772 1.000000
7135914.376835 7135914.376835 1.000000
7135783.638228 7135783.638228 1.000000
7135703.371643 7135703.371643 1.000000
7135846.425440 7135846.425440 1.000000
7135208.064444 7135208.064444 1.000000
