7353385.577840 7353385.577840 1.000000
7338605.506030 7338605.506030 1.000000
7341498.269736 7341498.269736 1.000000
7327849.700780 7327849.700780 1.000000
7326192.359875 7326192.359875 1.000000
7349027.072368 7349027.072368 1.000000
7321872.237363 7321872.237363 1.000000
7310790.846102 7310790.846102 1.000000
7310245.677761 7310245.677761 1.000000
7308068.583558 7308068.583558 1.000000
7308675.520410 7308675.520410 1.000000
7279782.723803 7279782.723803 1.000000
7223711.978275 7223711.978275 1.000000
7176871.689085 7176871.689085 1.000000
7102521.783781 7102521.783781 1.000000
7099326.164576 7099326.164576 1.000000
7095346.350231 7095346.350231 1.000000
7082019.268240 7082019.268240 1.000000
7062817.526928 7062817.526928 1.000000
7055062.509086 7055062.509086 1.000000
7048319.374977 7048319.374977 1.000000
7047356.652900 7047356.652900 1.000000
7034549.587989 7034549.587989 1.000000
7014603.732799 7014603.732799 1.000000
6923531.492395 6923531.492395 1.000000
6770331.573469 6770331.573469 1.000000
6716462.250440 6716462.250440 1.000000
6658049.284357 6658049.284357 1.000000
6632861.109644 6632861.109644 1.000000
6587875.126442 6587875.126442 1.000000
6565131.563135 6565131.563135 1.000000
6559882.220240 6559882.220240 1.000000
7237263.810803 7237263.810803 1.000000
6894000.040020 6894000.040020 1.000000
6865242.241286 6865242.241286 1.000000
6739582.769174 6739582.769174 1.000000
6713478.330136 6713478.330136 1.000000
6663679.506324 6663679.506324 1.000000
6632064.510599 6632064.510599 1.000000
6604048.112368 6604048.112368 1.000000
6499171.740274 6499171.740274 1.000000
6471189.064597 6471189.064597 1.000000
7426488.937262 7426488.937262 1.000000
7423430.803071 7423430.803071 1.000000
7423909.029195 7423909.029195 1.000000
7502260.359900 7502260.359900 1.000000
7836102.591691 7836102.591691 1.000000
8243130.525425 8243130.525425 1.000000
9027026.711237 9027026.711237 1.000000
9028124.504823 9028124.504823 1.000000
9260475.186923 9260475.186923 1.000000
9285464.060626 9285464.060626 1.000000
7344372.926647 7344372.926647 1.000000
7334753.957754 7334753.957754 1.000000
7325519.353882 7325519.353882 1.000000
7395159.345177 7395159.345177 1.000000
7394369.862483 7394369.862483 1.000000
7407533.919682 7407533.919682 1.000000
7432386.154167 7432386.154167 1.000000
7436947.015655 7436947.015655 1.000000
7623820.152408 7623820.152408 1.000000
7770212.882936 7770212.882936 1.000000
7881178.908775 7881178.908775 1.000000
8211287.050278 8211287.050278 1.000000
9046460.091316 9046460.091316 1.000000
7363568.653576 7363568.653576 1.000000
7311929.943839 7311929.943839 1.000000
7244621.972472 7244621.972472 1.000000
7191077.221108 7191077.221108 1.000000
7164476.733010 7164476.733010 1.000000
7126109.759544 7126109.759544 1.000000
7122980.755897 7122980.755897 1.000000
7124156.040481 7124156.040481 1.000000
7113167.048563 7113167.048563 1.000000
7015262.479131 7015262.479131 1.000000
7348016.233845 7348016.233845 1.000000
7348439.841501 7348439.841501 1.000000
7348769.402102 7348769.402102 1.000000
7349813.803786 7349813.803786 1.000000
7348729.664425 7348729.664425 1.000000
7326942.149406 7326942.149406 1.000000
7328055.186569 7328055.186569 1.000000
7348414.174670 7348414.174670 1.000000
7348279.060535 7348279.060535 1.000000
7347832.046907 7347832.046907 1.000000
7350530.659412 7350530.659412 1.000000
7350465.193191 7350465.193191 1.000000
7350691.076217 7350691.076217 1.000000
7350451.700294 7350451.700294 1.000000
7354122.184180 7354122.184180 1.000000
7354295.755617 7354295.755617 1.000000
7352569.835064 7352569.835064 1.000000
7352748.651441 7352748.651441 1.000000
7347639.403575 7347639.403575 1.000000
7348590.512243 7348590.512243 1.000000
7348582.485601 7348582.485601 1.000000
7348571.528706 7348571.528706 1.000000
7348590.897254 7348590.897254 1.000000
7345902.717652 7345902.717652 1.000000
7344300.449657 7344300.449657 1.000000
7342391.325242 7342391.325242 1.000000
7345879.911759 7345879.911759 1.000000
7343556.597694 7343556.597694 1.000000
7341543.299831 7341543.299831 1.000000
7339435.491824 7339435.491824 1.000000
7345258.525871 7345258.525871 1.000000
7343871.001783 7343871.001783 1.000000
7340731.517213 7340731.517213 1.000000
7338639.388070 7338639.388070 1.000000
7335754.097286 7335754.097286 1.000000
7333909.283758 7333909.283758 1.000000
7331390.104125 7331390.104125 1.000000
7329073.569332 7329073.569332 1.000000
7327226.010119 7327226.010119 1.000000
7325137.600574 7325137.600574 1.000000
7323768.506644 7323768.506644 1.000000
7321344.028930 7321344.028930 1.000000
7319675.979097 7319675.979097 1.000000
7317869.371735 7317869.371735 1.000000
7348335.778643 7348335.778643 1.000000
7348052.561727 7348052.561727 1.000000
7347731.322218 7347731.322218 1.000000
7347425.792973 7347425.792973 1.000000
7348548.141851 7348548.141851 1.000000
7348493.746758 7348493.746758 1.000000
7348440.903256 7348440.903256 1.000000
7348382.197550 7348382.197550 1.000000
7348322.541966 7348322.541966 1.000000
7348543.399909 7348543.399909 1.000000
7344085.578090 7344085.578090 1.000000
7344025.455985 7344025.455985 1.000000
7343973.189099 7343973.189099 1.000000
7343920.677333 7343920.677333 1.000000
7343856.522111 7343856.522111 1.000000
7339012.940193 7339012.940193 1.000000
7338950.916411 7338950.916411 1.000000
7348548.346231 7348548.346231 1.000000
7348491.171375 7348491.171375 1.000000
7343695.252507 7343695.252507 1.000000
7343638.660808 7343638.660808 1.000000
7343582.134508 7343582.134508 1.000000
7343527.255319 7343527.255319 1.000000
7343474.137060 7343474.137060 1.000000
7353441.986182 7353441.986182 1.000000
7366628.834476 7366628.834476 1.000000
7376119.685315 7376119.685315 1.000000
7385001.112188 7385001.112188 1.000000
7393354.475315 7393354.475315 1.000000
7401500.400128 7401500.400128 1.000000
7409718.610719 7409718.610719 1.000000
7425465.099225 7425465.099225 1.000000
7430634.413533 7430634.413533 1.000000
7434672.894708 7434672.894708 1.000000
7441816.262560 7441816.262560 1.000000
7442580.288810 7442580.288810 1.000000
7451056.681772 7451056.681772 1.000000
7459379.845524 7459379.845524 1.000000
7467595.965686 7467595.965686 1.000000
7469616.005554 7469616.005554 1.000000
7479112.126652 7479112.126652 1.000000
7486610.413594 7486610.413594 1.000000
7491462.400456 7491462.400456 1.000000
7495187.938406 7495187.938406 1.000000
7499475.037598 7499475.037598 1.000000
7503857.145718 7503857.145718 1.000000
7514954.299760 7514954.299760 1.000000
7522422.971544 7522422.971544 1.000000
7527720.062462 7527720.062462 1.000000
7533480.369624 7533480.369624 1.000000
7538126.532117 7538126.532117 1.000000
7546697.480625 7546697.480625 1.000000
7561174.993023 7561174.993023 1.000000
7573652.279100 7573652.279100 1.000000
7588679.091219 7588679.091219 1.000000
7597237.274080 7597237.274080 1.000000
7608868.505927 7608868.505927 1.000000
7617781.016281 7617781.016281 1.000000
7627072.183523 7627072.183523 1.000000
7633896.619164 7633896.619164 1.000000
7640344.649588 7640344.649588 1.000000
7653027.345656 7653027.345656 1.000000
7659606.527066 7659606.527066 1.000000
7662552.478412 7662552.478412 1.000000
7666037.224644 7666037.224644 1.000000
7675812.938371 7675812.938371 1.000000
7682160.020152 7682160.020152 1.000000
7685804.440623 7685804.440623 1.000000
7688521.802554 7688521.802554 1.000000
7688893.484410 7688893.484410 1.000000
7688745.893433 7688745.893433 1.000000
7688297.518500 7688297.518500 1.000000
7686245.166696 7686245.166696 1.000000
7685938.600834 7685938.600834 1.000000
7685330.172906 7685330.172906 1.000000
7685277.193663 7685277.193663 1.000000
7685402.830030 7685402.830030 1.000000
7685859.576693 7685859.576693 1.000000
7685719.733233 7685719.733233 1.000000
7349656.553535 7349656.553535 1.000000
7350083.467791 7350083.467791 1.000000
7350421.928716 7350421.928716 1.000000
7351230.670138 7351230.670138 1.000000
7351892.801197 7351892.801197 1.000000
7352767.936859 7352767.936859 1.000000
7353994.704173 7353994.704173 1.000000
7354334.003951 7354334.003951 1.000000
7354332.462436 7354332.462436 1.000000
7354839.309235 7354839.309235 1.000000
7354357.452967 7354357.452967 1.000000
7355081.906877 7355081.906877 1.000000
7355994.002855 7355994.002855 1.000000
7356267.035434 7356267.035434 1.000000
7356779.172973 7356779.172973 1.000000
7357145.900675 7357145.900675 1.000000
7357670.435222 7357670.435222 1.000000
7357922.076837 7357922.076837 1.000000
7357920.233021 7357920.233021 1.000000
7359830.976455 7359830.976455 1.000000
7359567.405375 7359567.405375 1.000000
7359726.709423 7359726.709423 1.000000
7359967.580565 7359967.580565 1.000000
7360031.470080 7360031.470080 1.000000
7364223.068278 7364223.068278 1.000000
7368116.155292 7368116.155292 1.000000
7368844.020471 7368844.020471 1.000000
7368958.414590 7368958.414590 1.000000
7369157.869712 7369157.869712 1.000000
7369351.036362 7369351.036362 1.000000
7369859.087839 7369859.087839 1.000000
7369333.137340 7369333.137340 1.000000
7369317.885408 7369317.885408 1.000000
7369105.675863 7369105.675863 1.000000
7368968.667415 7368968.667415 1.000000
7369601.784985 7369601.784985 1.000000
7369610.889117 7369610.889117 1.000000
7369460.637253 7369460.637253 1.000000
7367022.406047 7367022.406047 1.000000
7367207.778215 7367207.778215 1.000000
7363479.226113 7363479.226113 1.000000
7363786.597058 7363786.597058 1.000000
7363968.387984 7363968.387984 1.000000
7364241.966866 7364241.966866 1.000000
7364692.750952 7364692.750952 1.000000
7366047.535860 7366047.535860 1.000000
7367587.789503 7367587.789503 1.000000
7367312.996727 7367312.996727 1.000000
7367338.865068 7367338.865068 1.000000
7368365.422942 7368365.422942 1.000000
7368574.059781 7368574.059781 1.000000
7368679.050886 7368679.050886 1.000000
7368492.950280 7368492.950280 1.000000
7369411.869079 7369411.869079 1.000000
7370272.887559 7370272.887559 1.000000
7371610.688363 7371610.688363 1.000000
7373593.670001 7373593.670001 1.000000
7374950.906525 7374950.906525 1.000000
7350600.676650 7350600.676650 1.000000
7350705.590938 7350705.590938 1.000000
7355355.880208 7355355.880208 1.000000
7354975.393647 7354975.393647 1.000000
7355641.461537 7355641.461537 1.000000
7360476.748456 7360476.748456 1.000000
7361584.443722 7361584.443722 1.000000
7362154.846603 7362154.846603 1.000000
7362405.098228 7362405.098228 1.000000
7362152.578715 7362152.578715 1.000000
7362320.548748 7362320.548748 1.000000
7361779.721134 7361779.721134 1.000000
7361977.921407 7361977.921407 1.000000
7362239.298446 7362239.298446 1.000000
7362095.317081 7362095.317081 1.000000
7366657.942720 7366657.942720 1.000000
7366238.179429 7366238.179429 1.000000
7362254.968194 7362254.968194 1.000000
7362823.621084 7362823.621084 1.000000
7362360.256638 7362360.256638 1.000000
7362626.373851 7362626.373851 1.000000
7362493.355551 7362493.355551 1.000000
7362358.739175 7362358.739175 1.000000
7361800.336994 7361800.336994 1.000000
7361407.759473 7361407.759473 1.000000
7360950.911489 7360950.911489 1.000000
7360485.967741 7360485.967741 1.000000
7359619.922978 7359619.922978 1.000000
7358828.399887 7358828.399887 1.000000
7358716.018564 7358716.018564 1.000000
7358062.689970 7358062.689970 1.000000
7357319.137263 7357319.137263 1.000000
7357208.340769 7357208.340769 1.000000
7357632.155932 7357632.155932 1.000000
7357928.035976 7357928.035976 1.000000
7357778.874432 7357778.874432 1.000000
7359027.002048 7359027.002048 1.000000
7359105.149927 7359105.149927 1.000000
7358996.270541 7358996.270541 1.000000
7358833.222219 7358833.222219 1.000000
7358543.837472 7358543.837472 1.000000
7358247.272847 7358247.272847 1.000000
7358075.031335 7358075.031335 1.000000
7359549.294013 7359549.294013 1.000000
7358885.490562 7358885.490562 1.000000
7359354.253223 7359354.253223 1.000000
7358442.998299 7358442.998299 1.000000
7358034.331967 7358034.331967 1.000000
7356667.704554 7356667.704554 1.000000
7356339.021569 7356339.021569 1.000000
7355630.630991 7355630.630991 1.000000
7354620.925485 7354620.925485 1.000000
7353530.406551 7353530.406551 1.000000
7352447.771545 7352447.771545 1.000000
7351425.753607 7351425.753607 1.000000
7350963.838900 7350963.838900 1.000000
7350715.000046 7350715.000046 1.000000
7353428.794070 7353428.794070 1.000000
7352081.332398 7352081.332398 1.000000
7351799.372504 7351799.372504 1.000000
7351013.161235 7351013.161235 1.000000
7350129.505654 7350129.505654 1.000000
7347992.112555 7347992.112555 1.000000
7347065.901666 7347065.901666 1.000000
7344537.523324 7344537.523324 1.000000
7345328.987518 7345328.987518 1.000000
7332817.374151 7332817.374151 1.000000
7332952.618189 7332952.618189 1.000000
7332864.324457 7332864.324457 1.000000
7316242.358517 7316242.358517 1.000000
7334917.712783 7334917.712783 1.000000
7325079.398984 7325079.398984 1.000000
7323822.395002 7323822.395002 1.000000
7323717.749782 7323717.749782 1.000000
7324240.376370 7324240.376370 1.000000
7324806.368985 7324806.368985 1.000000
7326217.676369 7326217.676369 1.000000
7326146.870677 7326146.870677 1.000000
7325959.347658 7325959.347658 1.000000
7321341.748009 7321341.748009 1.000000
7321118.165359 7321118.165359 1.000000
7322561.826744 7322561.826744 1.000000
7322253.262900 7322253.262900 1.000000
7347326.460148 7347326.460148 1.000000
7346727.340768 7346727.340768 1.000000
7345805.680209 7345805.680209 1.000000
