5925666.944457 5925666.944457 1.000000
5926398.437506 5926398.437506 1.000000
5926290.672532 5926290.672532 1.000000
5925843.697739 5925843.697739 1.000000
5926804.375255 5926804.375255 1.000000
5926907.117118 5926907.117118 1.000000
5927116.343368 5927116.343368 1.000000
5926552.055718 5926552.055718 1.000000
5926261.919722 5926261.919722 1.000000
5925582.006890 5925582.006890 1.000000
5924929.329767 5924929.329767 1.000000
5925147.580318 5925147.580318 1.000000
5924701.023649 5924701.023649 1.000000
5923719.588062 5923719.588062 1.000000
5924467.050605 5924467.050605 1.000000
5924344.396208 5924344.396208 1.000000
5924450.528568 5924450.528568 1.000000
5924961.908845 5924961.908845 1.000000
5924731.355585 5924731.355585 1.000000
5924729.522393 5924729.522393 1.000000
5924343.697438 5924343.697438 1.000000
5924737.257353 5924737.257353 1.000000
5924589.807347 5924589.807347 1.000000
5925075.606944 5925075.606944 1.000000
5925080.431470 5925080.431470 1.000000
5924095.488128 5924095.488128 1.000000
5923826.576827 5923826.576827 1.000000
5924114.394931 5924114.394931 1.000000
5923820.270379 5923820.270379 1.000000
5924189.618823 5924189.618823 1.000000
5924297.839040 5924297.839040 1.000000
5924178.162568 5924178.162568 1.000000
5923377.381379 5923377.381379 1.000000
5923920.920011 5923920.920011 1.000000
5923707.355396 5923707.355396 1.000000
5923572.452367 5923572.452367 1.000000
5923545.183923 5923545.183923 1.000000
5924073.840072 5924073.840072 1.000000
5924185.420183 5924185.420183 1.000000
5924318.675684 5924318.675684 1.000000
5925249.261829 5925249.261829 1.000000
5925379.441738 5925379.441738 1.000000
5924732.744043 5924732.744043 1.000000
5923734.248159 5923734.248159 1.000000
5923603.321231 5923603.321231 1.000000
5923607.619270 5923607.619270 1.000000
5923731.335459 5923731.335459 1.000000
5923902.425101 5923902.425101 1.000000
5924253.962612 5924253.962612 1.000000
5924153.808580 5924153.808580 1.000000
5923681.097158 5923681.097158 1.000000
5923529.968411 5923529.968411 1.000000
5923414.516167 5923414.516167 1.000000
5923280.882679 5923280.882679 1.000000
5923207.126383 5923207.126383 1.000000
5924043.929680 5924043.929680 1.000000
5923928.037846 5923928.037846 1.000000
5924041.515792 5924041.515792 1.000000
5923345.888778 5923345.888778 1.000000
5924328.999642 5924328.999642 1.000000
5924385.734856 5924385.734856 1.000000
5924226.292313 5924226.292313 1.000000
5924333.454918 5924333.454918 1.000000
5924238.014102 5924238.014102 1.000000
5924061.815868 5924061.815868 1.000000
5923621.577442 5923621.577442 1.000000
5922724.529977 5922724.529977 1.000000
5922826.773458 5922826.773458 1.000000
5923218.413178 5923218.413178 1.000000
5922941.553868 5922941.553868 1.000000
5922840.038968 5922840.038968 1.000000
5923096.343228 5923096.343228 1.000000
5923287.959509 5923287.959509 1.000000
5922790.027746 5922790.027746 1.000000
5922681.603412 5922681.603412 1.000000
5922298.431989 5922298.431989 1.000000
5921394.103688 5921394.103688 1.000000
5920858.837705 5920858.837705 1.000000
5920824.230921 5920824.230921 1.000000
5920939.001201 5920939.001201 1.000000
5920229.807046 5920229.807046 1.000000
5921062.584333 5921062.584333 1.000000
5920785.133361 5920785.133361 1.000000
5920538.451119 5920538.451119 1.000000
5920283.565223 5920283.565223 1.000000
5920303.350369 5920303.350369 1.000000
5920640.952965 5920640.952965 1.000000
5919904.403849 5919904.403849 1.000000
5919751.801213 5919751.801213 1.000000
5919575.174590 5919575.174590 1.000000
5919102.127076 5919102.127076 1.000000
5919275.665635 5919275.665635 1.000000
5919400.280092 5919400.280092 1.000000
5919213.642407 5919213.642407 1.000000
5919688.203810 5919688.203810 1.000000
5919588.365528 5919588.365528 1.000000
5919756.962206 5919756.962206 1.000000
5919653.203282 5919653.203282 1.000000
5919798.758327 5919798.758327 1.000000
5920044.969780 5920044.969780 1.000000
5919273.780100 5919273.780100 1.000000
5918636.680045 5918636.680045 1.000000
5917919.069458 5917919.069458 1.000000
5917920.251222 5917920.251222 1.000000
5917185.688612 5917185.688612 1.000000
5916911.457558 5916911.457558 1.000000
5917345.399349 5917345.399349 1.000000
5917872.118150 5917872.118150 1.000000
5918265.604634 5918265.604634 1.000000
5918700.551878 5918700.551878 1.000000
5919051.325987 5919051.325987 1.000000
5919425.447515 5919425.447515 1.000000
5919768.870055 5919768.870055 1.000000
5920196.816478 5920196.816478 1.000000
5920420.792874 5920420.792874 1.000000
5920746.297197 5920746.297197 1.000000
5921012.668851 5921012.668851 1.000000
5921181.584342 5921181.584342 1.000000
5921679.804490 5921679.804490 1.000000
5921800.936039 5921800.936039 1.000000
5922213.472628 5922213.472628 1.000000
5922912.820527 5922912.820527 1.000000
5923169.657493 5923169.657493 1.000000
5923044.876365 5923044.876365 1.000000
5922523.401645 5922523.401645 1.000000
5922979.021128 5922979.021128 1.000000
5923481.913857 5923481.913857 1.000000
5922721.370758 5922721.370758 1.000000
5923275.951107 5923275.951107 1.000000
5923651.882629 5923651.882629 1.000000
5923149.161483 5923149.161483 1.000000
5922624.709751 5922624.709751 1.000000
5923071.024596 5923071.024596 1.000000
5923703.940104 5923703.940104 1.000000
5923307.420563 5923307.420563 1.000000
5922869.094271 5922869.094271 1.000000
5922617.885790 5922617.885790 1.000000
5923040.020202 5923040.020202 1.000000
5923570.411646 5923570.411646 1.000000
5923868.548672 5923868.548672 1.000000
5924120.186851 5924120.186851 1.000000
5924269.710116 5924269.710116 1.000000
5924647.204909 5924647.204909 1.000000
5924956.662611 5924956.662611 1.000000
5925306.937537 5925306.937537 1.000000
5925441.248358 5925441.248358 1.000000
5925142.827787 5925142.827787 1.000000
5924718.488148 5924718.488148 1.000000
5924507.480032 5924507.480032 1.000000
5924081.420270 5924081.420270 1.000000
5923844.098159 5923844.098159 1.000000
5923734.799254 5923734.799254 1.000000
5923927.517230 5923927.517230 1.000000
5924418.309587 5924418.309587 1.000000
5925058.456736 5925058.456736 1.000000
5925209.939428 5925209.939428 1.000000
5924343.081680 5924343.081680 1.000000
5924472.195883 5924472.195883 1.000000
5924944.776947 5924944.776947 1.000000
5924381.965663 5924381.965663 1.000000
5924795.032488 5924795.032488 1.000000
5924129.276290 5924129.276290 1.000000
5924264.582712 5924264.582712 1.000000
5924541.312681 5924541.312681 1.000000
5924729.715611 5924729.715611 1.000000
5924840.371438 5924840.371438 1.000000
5924530.630790 5924530.630790 1.000000
5925007.602998 5925007.602998 1.000000
5924488.006442 5924488.006442 1.000000
5924980.374448 5924980.374448 1.000000
5924729.737003 5924729.737003 1.000000
5925309.308035 5925309.308035 1.000000
5924563.057790 5924563.057790 1.000000
5925287.360290 5925287.360290 1.000000
5924526.178626 5924526.178626 1.000000
5924960.426102 5924960.426102 1.000000
5925296.751647 5925296.751647 1.000000
5924842.699366 5924842.699366 1.000000
5923980.115579 5923980.115579 1.000000
5924331.752027 5924331.752027 1.000000
5925125.847431 5925125.847431 1.000000
5924673.795533 5924673.795533 1.000000
5924797.091495 5924797.091495 1.000000
5925334.402507 5925334.402507 1.000000
5925812.465698 5925812.465698 1.000000
5925378.831222 5925378.831222 1.000000
5924957.495725 5924957.495725 1.000000
5924691.491170 5924691.491170 1.000000
5923863.552622 5923863.552622 1.000000
5924699.019708 5924699.019708 1.000000
5924982.922793 5924982.922793 1.000000
5925799.555398 5925799.555398 1.000000
5925992.747035 5925992.747035 1.000000
5926276.802612 5926276.802612 1.000000
5926159.693398 5926159.693398 1.000000
5925875.791074 5925875.791074 1.000000
5925575.258396 5925575.258396 1.000000
5924945.292651 5924945.292651 1.000000
5925323.284416 5925323.284416 1.000000
5925703.674275 5925703.674275 1.000000
5925104.807492 5925104.807492 1.000000
5925366.628920 5925366.628920 1.000000
5925663.331715 5925663.331715 1.000000
5925007.692679 5925007.692679 1.000000
5925131.850207 5925131.850207 1.000000
5925716.824296 5925716.824296 1.000000
5925503.926457 5925503.926457 1.000000
5925013.549028 5925013.549028 1.000000
5924875.025808 5924875.025808 1.000000
5925185.856487 5925185.856487 1.000000
5925485.010863 5925485.010863 1.000000
5925383.298225 5925383.298225 1.000000
5924938.962397 5924938.962397 1.000000
5924537.366245 5924537.366245 1.000000
5924406.323841 5924406.323841 1.000000
5924722.943822 5924722.943822 1.000000
5925161.914486 5925161.914486 1.000000
5925691.995791 5925691.995791 1.000000
5925186.026807 5925186.026807 1.000000
5925845.925414 5925845.925414 1.000000
5926155.470421 5926155.470421 1.000000
5925662.510694 5925662.510694 1.000000
5924815.427316 5924815.427316 1.000000
5925369.038411 5925369.038411 1.000000
5925178.236431 5925178.236431 1.000000
5924657.245903 5924657.245903 1.000000
5923776.017427 5923776.017427 1.000000
5924092.699382 5924092.699382 1.000000
5924575.001388 5924575.001388 1.000000
5924835.418727 5924835.418727 1.000000
5924992.185928 5924992.185928 1.000000
5924829.335842 5924829.335842 1.000000
5924531.070231 5924531.070231 1.000000
5923850.063293 5923850.063293 1.000000
5924253.536261 5924253.536261 1.000000
5925180.190197 5925180.190197 1.000000
5924625.017834 5924625.017834 1.000000
5925185.157530 5925185.157530 1.000000
5924384.184163 5924384.184163 1.000000
5924897.224576 5924897.224576 1.000000
5924582.431585 5924582.431585 1.000000
5924431.491575 5924431.491575 1.000000
5924958.617601 5924958.617601 1.000000
5924416.745116 5924416.745116 1.000000
5924120.739905 5924120.739905 1.000000
5924736.887768 5924736.887768 1.000000
5924434.945663 5924434.945663 1.000000
5923877.198084 5923877.198084 1.000000
5923556.326629 5923556.326629 1.000000
5923948.280480 5923948.280480 1.000000
5924450.364373 5924450.364373 1.000000
5924085.015338 5924085.015338 1.000000
5923632.797888 5923632.797888 1.000000
5923285.003531 5923285.003531 1.000000
5923811.494417 5923811.494417 1.000000
5924203.547399 5924203.547399 1.000000
5923282.476087 5923282.476087 1.000000
5923678.800270 5923678.800270 1.000000
5923498.183853 5923498.183853 1.000000
5923704.304670 5923704.304670 1.000000
5923528.095874 5923528.095874 1.000000
5924209.831191 5924209.831191 1.000000
5924105.777059 5924105.777059 1.000000
5925090.422445 5925090.422445 1.000000
5924262.161075 5924262.161075 1.000000
5925030.956902 5925030.956902 1.000000
5924275.089317 5924275.089317 1.000000
5924642.124454 5924642.124454 1.000000
5924110.372328 5924110.372328 1.000000
