7179960.487019 7179960.487019 1.000000
7180529.288026 7180529.288026 1.000000
7180297.504217 7180297.504217 1.000000
7180205.186088 7180205.186088 1.000000
7180110.841803 7180110.841803 1.000000
7180272.567145 7180272.567145 1.000000
7180232.712146 7180232.712146 1.000000
7180182.071435 7180182.071435 1.000000
7180290.065913 7180290.065913 1.000000
7180433.926345 7180433.926345 1.000000
7180398.234506 7180398.234506 1.000000
7180098.672735 7180098.672735 1.000000
7180022.458550 7180022.458550 1.000000
7179810.640723 7179810.640723 1.000000
7179734.377729 7179734.377729 1.000000
7179970.777516 7179970.777516 1.000000
7180206.767431 7180206.767431 1.000000
7179823.558935 7179823.558935 1.000000
7180228.492282 7180228.492282 1.000000
7179983.413734 7179983.413734 1.000000
7180001.607019 7180001.607019 1.000000
7179554.357997 7179554.357997 1.000000
7179023.916847 7179023.916847 1.000000
7178819.314637 7178819.314637 1.000000
7178687.891366 7178687.891366 1.000000
7178602.141797 7178602.141797 1.000000
7178749.645932 7178749.645932 1.000000
7179183.452635 7179183.452635 1.000000
7179865.414706 7179865.414706 1.000000
7180077.040064 7180077.040064 1.000000
7180534.651782 7180534.651782 1.000000
7180743.345254 7180743.345254 1.000000
7180339.554887 7180339.554887 1.000000
7180759.032761 7180759.032761 1.000000
7180677.247180 7180677.247180 1.000000
7180753.722849 7180753.722849 1.000000
7180659.801069 7180659.801069 1.000000
7180591.866923 7180591.866923 1.000000
7180883.639230 7180883.639230 1.000000
7181222.539164 7181222.539164 1.000000
7181133.601400 7181133.601400 1.000000
7180885.710237 7180885.710237 1.000000
7180716.937106 7180716.937106 1.000000
7180331.121285 7180331.121285 1.000000
7180094.748945 7180094.748945 1.000000
7179670.093380 7179670.093380 1.000000
7179505.985277 7179505.985277 1.000000
7179852.337071 7179852.337071 1.000000
7178981.719700 7178981.719700 1.000000
7178942.019824 7178942.019824 1.000000
7178112.066336 7178112.066336 1.000000
7177606.055672 7177606.055672 1.000000
7177591.227553 7177591.227553 1.000000
7177899.535271 7177899.535271 1.000000
7178445.971547 7178445.971547 1.000000
7178116.318424 7178116.318424 1.000000
7178031.311734 7178031.311734 1.000000
7178168.696380 7178168.696380 1.000000
7177701.397623 7177701.397623 1.000000
7177483.633853 7177483.633853 1.000000
7177481.059877 7177481.059877 1.000000
7177095.525053 7177095.525053 1.000000
7176666.296798 7176666.296798 1.000000
7176176.367781 7176176.367781 1.000000
7176292.517381 7176292.517381 1.000000
7176253.775321 7176253.775321 1.000000
7175488.780006 7175488.780006 1.000000
7174758.162580 7174758.162580 1.000000
7174387.982482 7174387.982482 1.000000
7174550.102280 7174550.102280 1.000000
7174630.006272 7174630.006272 1.000000
7174592.229408 7174592.229408 1.000000
7174375.808740 7174375.808740 1.000000
7174197.501888 7174197.501888 1.000000
7173232.103524 7173232.103524 1.000000
7173441.005971 7173441.005971 1.000000
7172884.194350 7172884.194350 1.000000
7172457.133525 7172457.133525 1.000000
7172093.527384 7172093.527384 1.000000
7171391.202617 7171391.202617 1.000000
7170532.621742 7170532.621742 1.000000
7170757.044334 7170757.044334 1.000000
7170391.646729 7170391.646729 1.000000
7169876.448727 7169876.448727 1.000000
7169841.548856 7169841.548856 1.000000
7169807.245017 7169807.245017 1.000000
7169859.946826 7169859.946826 1.000000
7169541.746868 7169541.746868 1.000000
7168908.424095 7168908.424095 1.000000
7168726.909166 7168726.909166 1.000000
7168004.559202 7168004.559202 1.000000
7167219.372921 7167219.372921 1.000000
7166714.792161 7166714.792161 1.000000
7166197.705883 7166197.705883 1.000000
7165779.717835 7165779.717835 1.000000
7165461.318434 7165461.318434 1.000000
7164952.574860 7164952.574860 1.000000
7164140.023815 7164140.023815 1.000000
7163701.725045 7163701.725045 1.000000
7163825.189597 7163825.189597 1.000000
7164428.945848 7164428.945848 1.000000
7164204.342771 7164204.342771 1.000000
7164036.974082 7164036.974082 1.000000
7164605.260252 7164605.260252 1.000000
7164947.123735 7164947.123735 1.000000
7165009.718485 7165009.718485 1.000000
7164536.333957 7164536.333957 1.000000
7163729.204191 7163729.204191 1.000000
7163659.240291 7163659.240291 1.000000
7163296.308834 7163296.308834 1.000000
7162353.253208 7162353.253208 1.000000
7162122.367645 7162122.367645 1.000000
7180085.725963 7180085.725963 1.000000
7180171.051780 7180171.051780 1.000000
7180259.037246 7180259.037246 1.000000
7180348.004926 7180348.004926 1.000000
7180433.040143 7180433.040143 1.000000
7180521.544244 7180521.544244 1.000000
7180612.434042 7180612.434042 1.000000
7180698.097751 7180698.097751 1.000000
7180782.233227 7180782.233227 1.000000
7180869.072439 7180869.072439 1.000000
7180103.981418 7180103.981418 1.000000
7180210.276771 7180210.276771 1.000000
7180312.418719 7180312.418719 1.000000
7180417.142001 7180417.142001 1.000000
7180519.932872 7180519.932872 1.000000
7180620.275066 7180620.275066 1.000000
7180729.374481 7180729.374481 1.000000
7180839.134964 7180839.134964 1.000000
7190100.463318 7190100.463318 1.000000
7190203.349442 7190203.349442 1.000000
7190308.761773 7190308.761773 1.000000
7190798.764077 7190798.764077 1.000000
7191606.629940 7191606.629940 1.000000
7192438.081554 7192438.081554 1.000000
7193229.684192 7193229.684192 1.000000
7194036.594729 7194036.594729 1.000000
7194686.386475 7194686.386475 1.000000
7195294.534208 7195294.534208 1.000000
7195914.527372 7195914.527372 1.000000
7196719.281980 7196719.281980 1.000000
7197498.964872 7197498.964872 1.000000
7198142.911356 7198142.911356 1.000000
7198879.776061 7198879.776061 1.000000
7199640.252921 7199640.252921 1.000000
7200545.818580 7200545.818580 1.000000
7201327.027325 7201327.027325 1.000000
7201803.044455 7201803.044455 1.000000
7202603.450921 7202603.450921 1.000000
7203251.814574 7203251.814574 1.000000
7204017.780451 7204017.780451 1.000000
7204687.391264 7204687.391264 1.000000
7205305.486852 7205305.486852 1.000000
7205928.069766 7205928.069766 1.000000
7206581.091868 7206581.091868 1.000000
7207266.027077 7207266.027077 1.000000
7207936.230953 7207936.230953 1.000000
7208686.412264 7208686.412264 1.000000
7209206.912253 7209206.912253 1.000000
7209758.595637 7209758.595637 1.000000
7210394.402209 7210394.402209 1.000000
7210096.331952 7210096.331952 1.000000
7210175.745327 7210175.745327 1.000000
7210275.386433 7210275.386433 1.000000
7210322.938483 7210322.938483 1.000000
7210456.283656 7210456.283656 1.000000
7210564.025585 7210564.025585 1.000000
7210674.472921 7210674.472921 1.000000
7210760.901087 7210760.901087 1.000000
7210852.893564 7210852.893564 1.000000
7210926.306256 7210926.306256 1.000000
7211010.418801 7211010.418801 1.000000
7211047.441648 7211047.441648 1.000000
7211146.336079 7211146.336079 1.000000
7211274.173520 7211274.173520 1.000000
7211370.597481 7211370.597481 1.000000
7211447.348235 7211447.348235 1.000000
7211497.815531 7211497.815531 1.000000
7211562.237246 7211562.237246 1.000000
7211618.260985 7211618.260985 1.000000
7211694.353463 7211694.353463 1.000000
7211790.664990 7211790.664990 1.000000
7211917.993123 7211917.993123 1.000000
7212040.455976 7212040.455976 1.000000
7215071.836092 7215071.836092 1.000000
7225040.271439 7225040.271439 1.000000
7225093.716293 7225093.716293 1.000000
7225207.762753 7225207.762753 1.000000
7225270.766437 7225270.766437 1.000000
7225839.403785 7225839.403785 1.000000
7225893.720565 7225893.720565 1.000000
7226593.365073 7226593.365073 1.000000
7226637.442545 7226637.442545 1.000000
7226720.780758 7226720.780758 1.000000
7226806.512646 7226806.512646 1.000000
7226932.820409 7226932.820409 1.000000
7227065.250038 7227065.250038 1.000000
7227157.174981 7227157.174981 1.000000
7227210.907603 7227210.907603 1.000000
7227269.217311 7227269.217311 1.000000
7228020.863687 7228020.863687 1.000000
7228914.094698 7228914.094698 1.000000
7229429.588504 7229429.588504 1.000000
7229740.665748 7229740.665748 1.000000
7230654.533959 7230654.533959 1.000000
7231587.631582 7231587.631582 1.000000
7232456.095026 7232456.095026 1.000000
7232496.227246 7232496.227246 1.000000
7232530.429217 7232530.429217 1.000000
7232613.500274 7232613.500274 1.000000
7232821.557043 7232821.557043 1.000000
7232954.898230 7232954.898230 1.000000
7232988.436538 7232988.436538 1.000000
7233773.245171 7233773.245171 1.000000
7234585.565154 7234585.565154 1.000000
7234625.443602 7234625.443602 1.000000
7234662.708064 7234662.708064 1.000000
7234599.531670 7234599.531670 1.000000
7234525.749225 7234525.749225 1.000000
7234833.238438 7234833.238438 1.000000
7235288.901249 7235288.901249 1.000000
7235328.584347 7235328.584347 1.000000
7235374.179134 7235374.179134 1.000000
7235708.519240 7235708.519240 1.000000
7236283.626755 7236283.626755 1.000000
7237136.968707 7237136.968707 1.000000
7237448.289149 7237448.289149 1.000000
7237764.301931 7237764.301931 1.000000
7237332.377205 7237332.377205 1.000000
7237180.933684 7237180.933684 1.000000
7237180.681673 7237180.681673 1.000000
7237798.366726 7237798.366726 1.000000
7237850.152358 7237850.152358 1.000000
7237905.400509 7237905.400509 1.000000
7237869.647629 7237869.647629 1.000000
7237931.435175 7237931.435175 1.000000
7238298.657397 7238298.657397 1.000000
7238346.353130 7238346.353130 1.000000
7238955.476544 7238955.476544 1.000000
7238465.925103 7238465.925103 1.000000
7238097.481903 7238097.481903 1.000000
