7155341.333366 7155341.333366 1.000000
7155777.042203 7155777.042203 1.000000
7155334.101081 7155334.101081 1.000000
7155665.399740 7155665.399740 1.000000
7155778.063954 7155778.063954 1.000000
7156672.138103 7156672.138103 1.000000
7157552.614669 7157552.614669 1.000000
7158503.378216 7158503.378216 1.000000
7159360.796242 7159360.796242 1.000000
7160221.380603 7160221.380603 1.000000
7161017.854577 7161017.854577 1.000000
7161822.865216 7161822.865216 1.000000
7162614.133156 7162614.133156 1.000000
7163375.688550 7163375.688550 1.000000
7164094.577740 7164094.577740 1.000000
7164868.094054 7164868.094054 1.000000
7165683.213344 7165683.213344 1.000000
7166473.004784 7166473.004784 1.000000
7167111.084302 7167111.084302 1.000000
7167848.016617 7167848.016617 1.000000
7168515.363212 7168515.363212 1.000000
7169308.027243 7169308.027243 1.000000
7169983.594931 7169983.594931 1.000000
7170651.946924 7170651.946924 1.000000
7171373.017895 7171373.017895 1.000000
7172058.777751 7172058.777751 1.000000
7172761.202448 7172761.202448 1.000000
7426200.723678 7426200.723678 1.000000
7425399.037718 7425399.037718 1.000000
7424607.547900 7424607.547900 1.000000
7225377.618083 7225377.618083 1.000000
7225754.648285 7225754.648285 1.000000
7226127.846358 7226127.846358 1.000000
7226515.460292 7226515.460292 1.000000
7226891.946858 7226891.946858 1.000000
7227291.400276 7227291.400276 1.000000
7227692.810806 7227692.810806 1.000000
7228079.887516 7228079.887516 1.000000
7228424.728200 7228424.728200 1.000000
7228781.108240 7228781.108240 1.000000
7229163.869844 7229163.869844 1.000000
7229486.570786 7229486.570786 1.000000
7229785.771182 7229785.771182 1.000000
7299897.920578 7299897.920578 1.000000
7299777.712464 7299777.712464 1.000000
7299656.999377 7299656.999377 1.000000
7299522.782780 7299522.782780 1.000000
7299404.068940 7299404.068940 1.000000
7299262.150931 7299262.150931 1.000000
7299115.071174 7299115.071174 1.000000
7298988.830430 7298988.830430 1.000000
7298849.269507 7298849.269507 1.000000
7298718.498280 7298718.498280 1.000000
7298602.242747 7298602.242747 1.000000
7298482.676560 7298482.676560 1.000000
7298367.165599 7298367.165599 1.000000
7298228.918158 7298228.918158 1.000000
7298089.246805 7298089.246805 1.000000
7297956.269396 7297956.269396 1.000000
7297811.449122 7297811.449122 1.000000
7297663.385854 7297663.385854 1.000000
7297523.276057 7297523.276057 1.000000
7297398.829578 7297398.829578 1.000000
7297207.262114 7297207.262114 1.000000
7297102.193554 7297102.193554 1.000000
7296975.502575 7296975.502575 1.000000
7296859.616197 7296859.616197 1.000000
7296725.401668 7296725.401668 1.000000
7296590.809336 7296590.809336 1.000000
7296464.467156 7296464.467156 1.000000
7296334.251338 7296334.251338 1.000000
7296197.952675 7296197.952675 1.000000
7296086.957730 7296086.957730 1.000000
7295089.475753 7295089.475753 1.000000
7294979.114550 7294979.114550 1.000000
7294834.918322 7294834.918322 1.000000
7294717.172881 7294717.172881 1.000000
7294608.298559 7294608.298559 1.000000
7294493.642402 7294493.642402 1.000000
7293550.111174 7293550.111174 1.000000
7260765.829802 7260765.829802 1.000000
7261707.087005 7261707.087005 1.000000
7261834.994079 7261834.994079 1.000000
7260899.137078 7260899.137078 1.000000
7261053.034016 7261053.034016 1.000000
7261258.383189 7261258.383189 1.000000
7260989.891771 7260989.891771 1.000000
7260136.030884 7260136.030884 1.000000
7260414.187578 7260414.187578 1.000000
7260105.114307 7260105.114307 1.000000
7259816.896732 7259816.896732 1.000000
7260188.279022 7260188.279022 1.000000
7260530.813496 7260530.813496 1.000000
7259881.279086 7259881.279086 1.000000
7258900.414933 7258900.414933 1.000000
7259179.109058 7259179.109058 1.000000
7258973.655831 7258973.655831 1.000000
7259172.759282 7259172.759282 1.000000
7259412.318613 7259412.318613 1.000000
7259929.467180 7259929.467180 1.000000
7258991.196763 7258991.196763 1.000000
7259349.739181 7259349.739181 1.000000
7259615.664151 7259615.664151 1.000000
7260100.857615 7260100.857615 1.000000
7260252.483923 7260252.483923 1.000000
7261177.572885 7261177.572885 1.000000
7261584.037237 7261584.037237 1.000000
7261691.822301 7261691.822301 1.000000
7262012.297324 7262012.297324 1.000000
7262570.150456 7262570.150456 1.000000
7262809.052190 7262809.052190 1.000000
7262698.659005 7262698.659005 1.000000
7263432.178464 7263432.178464 1.000000
7263585.714697 7263585.714697 1.000000
7264355.520614 7264355.520614 1.000000
7264435.821248 7264435.821248 1.000000
7264750.744207 7264750.744207 1.000000
7264874.338651 7264874.338651 1.000000
7265105.886685 7265105.886685 1.000000
7265471.207682 7265471.207682 1.000000
7265965.497352 7265965.497352 1.000000
7266372.882012 7266372.882012 1.000000
7266303.626060 7266303.626060 1.000000
7266729.142200 7266729.142200 1.000000
7266847.472589 7266847.472589 1.000000
7267628.070710 7267628.070710 1.000000
7268310.518877 7268310.518877 1.000000
7268143.700280 7268143.700280 1.000000
7267683.591140 7267683.591140 1.000000
7267804.072827 7267804.072827 1.000000
7268764.158390 7268764.158390 1.000000
7268991.052269 7268991.052269 1.000000
7269155.511409 7269155.511409 1.000000
7269512.914745 7269512.914745 1.000000
7269759.162574 7269759.162574 1.000000
7269933.530804 7269933.530804 1.000000
7270253.005019 7270253.005019 1.000000
7270419.838291 7270419.838291 1.000000
7270590.635801 7270590.635801 1.000000
7270881.652189 7270881.652189 1.000000
7270939.229337 7270939.229337 1.000000
7270989.978329 7270989.978329 1.000000
7271015.209680 7271015.209680 1.000000
7270902.840947 7270902.840947 1.000000
7270807.965440 7270807.965440 1.000000
7270778.095307 7270778.095307 1.000000
7270456.188360 7270456.188360 1.000000
7270038.926371 7270038.926371 1.000000
7269909.608598 7269909.608598 1.000000
7269628.591844 7269628.591844 1.000000
7269568.552650 7269568.552650 1.000000
7269588.307490 7269588.307490 1.000000
7269282.496571 7269282.496571 1.000000
7268965.608976 7268965.608976 1.000000
7268183.539173 7268183.539173 1.000000
7268826.150671 7268826.150671 1.000000
7268550.941561 7268550.941561 1.000000
7268572.227314 7268572.227314 1.000000
7268788.081091 7268788.081091 1.000000
7267827.493448 7267827.493448 1.000000
7267706.371050 7267706.371050 1.000000
7267957.001989 7267957.001989 1.000000
7267945.988850 7267945.988850 1.000000
7268490.921367 7268490.921367 1.000000
7268335.395664 7268335.395664 1.000000
7268396.352602 7268396.352602 1.000000
7268646.119143 7268646.119143 1.000000
7268948.260362 7268948.260362 1.000000
7269226.403793 7269226.403793 1.000000
7268739.550957 7268739.550957 1.000000
7268823.427183 7268823.427183 1.000000
7268971.437621 7268971.437621 1.000000
7268693.393713 7268693.393713 1.000000
7268566.815170 7268566.815170 1.000000
7268013.039024 7268013.039024 1.000000
7267393.735905 7267393.735905 1.000000
7267381.988891 7267381.988891 1.000000
