7422029.988671 7422029.988671 1.000000
7422102.851056 7422102.851056 1.000000
7422218.974373 7422218.974373 1.000000
7421632.264137 7421632.264137 1.000000
7422335.139204 7422335.139204 1.000000
7422716.190960 7422716.190960 1.000000
7422575.799944 7422575.799944 1.000000
7421408.713470 7421408.713470 1.000000
7421413.008176 7421413.008176 1.000000
7421960.708122 7421960.708122 1.000000
7422135.523701 7422135.523701 1.000000
7422594.540896 7422594.540896 1.000000
7423034.445778 7423034.445778 1.000000
7423230.125486 7423230.125486 1.000000
7423181.407233 7423181.407233 1.000000
7423941.338878 7423941.338878 1.000000
7425083.404398 7425083.404398 1.000000
7425944.670071 7425944.670071 1.000000
7426397.043659 7426397.043659 1.000000
7426262.678275 7426262.678275 1.000000
7426809.496936 7426809.496936 1.000000
7426444.256011 7426444.256011 1.000000
7426817.477272 7426817.477272 1.000000
7426914.068161 7426914.068161 1.000000
7426596.950712 7426596.950712 1.000000
7426723.482663 7426723.482663 1.000000
7426930.550166 7426930.550166 1.000000
7427095.591696 7427095.591696 1.000000
7427769.596149 7427769.596149 1.000000
7427269.357994 7427269.357994 1.000000
7427031.789539 7427031.789539 1.000000
7427003.244100 7427003.244100 1.000000
7427153.500725 7427153.500725 1.000000
7425747.415854 7425747.415854 1.000000
7425866.377635 7425866.377635 1.000000
7426207.769184 7426207.769184 1.000000
7426583.055024 7426583.055024 1.000000
7426789.506539 7426789.506539 1.000000
7427607.961595 7427607.961595 1.000000
7427911.747557 7427911.747557 1.000000
7428351.182672 7428351.182672 1.000000
7428189.701124 7428189.701124 1.000000
7428234.839055 7428234.839055 1.000000
7428285.473408 7428285.473408 1.000000
7428398.040426 7428398.040426 1.000000
7426908.619815 7426908.619815 1.000000
7427385.528118 7427385.528118 1.000000
7426782.029675 7426782.029675 1.000000
7427251.406768 7427251.406768 1.000000
7427532.575134 7427532.575134 1.000000
7428150.491839 7428150.491839 1.000000
7428254.768848 7428254.768848 1.000000
7428833.790857 7428833.790857 1.000000
7428915.073735 7428915.073735 1.000000
7424711.094750 7424711.094750 1.000000
7419141.453684 7419141.453684 1.000000
7417009.592879 7417009.592879 1.000000
7413101.553868 7413101.553868 1.000000
7411809.845366 7411809.845366 1.000000
7412627.442845 7412627.442845 1.000000
7408919.792275 7408919.792275 1.000000
7407390.004183 7407390.004183 1.000000
7407635.293450 7407635.293450 1.000000
7407669.348595 7407669.348595 1.000000
7408416.426847 7408416.426847 1.000000
7408883.556433 7408883.556433 1.000000
7409476.893975 7409476.893975 1.000000
7410429.240924 7410429.240924 1.000000
7411696.067176 7411696.067176 1.000000
7412481.368029 7412481.368029 1.000000
7413074.635457 7413074.635457 1.000000
7413612.820014 7413612.820014 1.000000
7414036.203072 7414036.203072 1.000000
7414778.550757 7414778.550757 1.000000
7415018.315631 7415018.315631 1.000000
7415435.628871 7415435.628871 1.000000
7415810.051636 7415810.051636 1.000000
7416873.078793 7416873.078793 1.000000
7416458.490600 7416458.490600 1.000000
7417075.118390 7417075.118390 1.000000
7417433.601080 7417433.601080 1.000000
7417135.912782 7417135.912782 1.000000
7416575.665581 7416575.665581 1.000000
7416684.779564 7416684.779564 1.000000
7417106.066077 7417106.066077 1.000000
7417245.512361 7417245.512361 1.000000
7417372.244205 7417372.244205 1.000000
7417652.219119 7417652.219119 1.000000
7418238.257900 7418238.257900 1.000000
7419356.124092 7419356.124092 1.000000
7419750.108332 7419750.108332 1.000000
7419992.462390 7419992.462390 1.000000
7420552.911551 7420552.911551 1.000000
7419016.943171 7419016.943171 1.000000
7419145.220647 7419145.220647 1.000000
7418916.220215 7418916.220215 1.000000
7419393.727075 7419393.727075 1.000000
7419092.138307 7419092.138307 1.000000
7419521.498647 7419521.498647 1.000000
7419388.104802 7419388.104802 1.000000
7420194.807939 7420194.807939 1.000000
7420743.128040 7420743.128040 1.000000
7421014.576383 7421014.576383 1.000000
7421793.920197 7421793.920197 1.000000
7422181.096972 7422181.096972 1.000000
7422388.198748 7422388.198748 1.000000
7422614.092379 7422614.092379 1.000000
7420804.477395 7420804.477395 1.000000
7421669.481574 7421669.481574 1.000000
7422229.426061 7422229.426061 1.000000
7422904.807401 7422904.807401 1.000000
7422814.841676 7422814.841676 1.000000
7423018.933779 7423018.933779 1.000000
7423213.844658 7423213.844658 1.000000
7423671.319385 7423671.319385 1.000000
7421844.280354 7421844.280354 1.000000
7421759.887989 7421759.887989 1.000000
7422712.352554 7422712.352554 1.000000
7423447.835754 7423447.835754 1.000000
7424112.649670 7424112.649670 1.000000
7424539.591642 7424539.591642 1.000000
7424898.606275 7424898.606275 1.000000
7422156.845582 7422156.845582 1.000000
7421464.491319 7421464.491319 1.000000
7421894.927810 7421894.927810 1.000000
7422222.755834 7422222.755834 1.000000
7421004.561171 7421004.561171 1.000000
7421855.974421 7421855.974421 1.000000
7422414.662176 7422414.662176 1.000000
7423487.236742 7423487.236742 1.000000
7422503.015082 7422503.015082 1.000000
7422552.152318 7422552.152318 1.000000
7422811.385400 7422811.385400 1.000000
7423416.256388 7423416.256388 1.000000
7424632.774624 7424632.774624 1.000000
7424801.008083 7424801.008083 1.000000
7424945.478832 7424945.478832 1.000000
7425293.584111 7425293.584111 1.000000
7424686.562710 7424686.562710 1.000000
7422546.448024 7422546.448024 1.000000
7422982.000063 7422982.000063 1.000000
7421331.258098 7421331.258098 1.000000
7421665.158763 7421665.158763 1.000000
7422367.647461 7422367.647461 1.000000
7422387.421567 7422387.421567 1.000000
7423149.656023 7423149.656023 1.000000
7423771.499793 7423771.499793 1.000000
7424427.306835 7424427.306835 1.000000
7424949.642436 7424949.642436 1.000000
7425364.109033 7425364.109033 1.000000
7425311.410818 7425311.410818 1.000000
7425826.119373 7425826.119373 1.000000
7424974.346901 7424974.346901 1.000000
7425244.960780 7425244.960780 1.000000
7426043.328985 7426043.328985 1.000000
7426236.712057 7426236.712057 1.000000
7427156.309904 7427156.309904 1.000000
7427400.660758 7427400.660758 1.000000
7427949.820201 7427949.820201 1.000000
7428556.955021 7428556.955021 1.000000
7427902.276491 7427902.276491 1.000000
7428496.447299 7428496.447299 1.000000
7426786.030047 7426786.030047 1.000000
7427527.087645 7427527.087645 1.000000
7428488.458378 7428488.458378 1.000000
7428708.935873 7428708.935873 1.000000
7426418.661021 7426418.661021 1.000000
7426422.391977 7426422.391977 1.000000
7427084.183756 7427084.183756 1.000000
7425938.141301 7425938.141301 1.000000
7425970.098168 7425970.098168 1.000000
7426727.338010 7426727.338010 1.000000
7426898.596985 7426898.596985 1.000000
7427177.487793 7427177.487793 1.000000
7427404.899014 7427404.899014 1.000000
7426388.437361 7426388.437361 1.000000
7426398.592583 7426398.592583 1.000000
7426993.678764 7426993.678764 1.000000
7426735.625408 7426735.625408 1.000000
7427398.876653 7427398.876653 1.000000
7427616.947859 7427616.947859 1.000000
7427328.282916 7427328.282916 1.000000
7426349.042660 7426349.042660 1.000000
7424977.205563 7424977.205563 1.000000
7425038.533917 7425038.533917 1.000000
7425404.847362 7425404.847362 1.000000
7424372.416889 7424372.416889 1.000000
7424345.211170 7424345.211170 1.000000
7424003.672203 7424003.672203 1.000000
7424427.352126 7424427.352126 1.000000
7423765.959273 7423765.959273 1.000000
7424644.971553 7424644.971553 1.000000
7425398.439627 7425398.439627 1.000000
7425416.929943 7425416.929943 1.000000
7426175.526824 7426175.526824 1.000000
7426285.344345 7426285.344345 1.000000
7424885.025116 7424885.025116 1.000000
7424971.544896 7424971.544896 1.000000
7424727.721011 7424727.721011 1.000000
7424418.598593 7424418.598593 1.000000
7423364.437334 7423364.437334 1.000000
7423841.086734 7423841.086734 1.000000
7424352.435774 7424352.435774 1.000000
7424362.274981 7424362.274981 1.000000
7424683.961806 7424683.961806 1.000000
7425047.335628 7425047.335628 1.000000
7423418.379707 7423418.379707 1.000000
7424009.749612 7424009.749612 1.000000
7423646.856087 7423646.856087 1.000000
7422911.056361 7422911.056361 1.000000
7423044.920439 7423044.920439 1.000000
7424192.276752 7424192.276752 1.000000
7424725.316098 7424725.316098 1.000000
7425571.468662 7425571.468662 1.000000
7425789.060448 7425789.060448 1.000000
7426552.151383 7426552.151383 1.000000
7427189.560594 7427189.560594 1.000000
7427731.706382 7427731.706382 1.000000
7427768.863616 7427768.863616 1.000000
7428267.184041 7428267.184041 1.000000
7428880.363725 7428880.363725 1.000000
7428968.580266 7428968.580266 1.000000
7429480.722474 7429480.722474 1.000000
7429996.904325 7429996.904325 1.000000
7430108.664391 7430108.664391 1.000000
7430262.190381 7430262.190381 1.000000
7430636.552403 7430636.552403 1.000000
7430794.439637 7430794.439637 1.000000
7429060.430147 7429060.430147 1.000000
7427234.858340 7427234.858340 1.000000
7427736.546686 7427736.546686 1.000000
7427138.121704 7427138.121704 1.000000
7427697.252521 7427697.252521 1.000000
7427812.101156 7427812.101156 1.000000
7426918.120381 7426918.120381 1.000000
7426987.690626 7426987.690626 1.000000
7427228.216942 7427228.216942 1.000000
7427599.004153 7427599.004153 1.000000
7428097.653092 7428097.653092 1.000000
7428804.412386 7428804.412386 1.000000
7429434.558664 7429434.558664 1.000000
7429445.183920 7429445.183920 1.000000
7429854.012022 7429854.012022 1.000000
