7408116.488619 7408116.488619 1.000000
7409011.722754 7409011.722754 1.000000
7409115.704969 7409115.704969 1.000000
7410036.180112 7410036.180112 1.000000
7410144.197346 7410144.197346 1.000000
7410251.873016 7410251.873016 1.000000
7411142.002683 7411142.002683 1.000000
7412021.041347 7412021.041347 1.000000
7412835.160457 7412835.160457 1.000000
7412936.657042 7412936.657042 1.000000
7413038.500505 7413038.500505 1.000000
7413725.217109 7413725.217109 1.000000
7414333.641459 7414333.641459 1.000000
7415078.681505 7415078.681505 1.000000
7415217.624325 7415217.624325 1.000000
7415844.599902 7415844.599902 1.000000
7416117.460247 7416117.460247 1.000000
7416640.055252 7416640.055252 1.000000
7417479.738260 7417479.738260 1.000000
7418015.313458 7418015.313458 1.000000
7418403.902120 7418403.902120 1.000000
7418732.624072 7418732.624072 1.000000
7418988.816405 7418988.816405 1.000000
7419123.480059 7419123.480059 1.000000
7419448.464642 7419448.464642 1.000000
7419701.580901 7419701.580901 1.000000
7419830.412353 7419830.412353 1.000000
7420095.600945 7420095.600945 1.000000
7419892.310849 7419892.310849 1.000000
7420009.996723 7420009.996723 1.000000
7420318.523771 7420318.523771 1.000000
7420907.801614 7420907.801614 1.000000
7421453.747172 7421453.747172 1.000000
7421827.424929 7421827.424929 1.000000
7422130.803367 7422130.803367 1.000000
7422404.974582 7422404.974582 1.000000
7422697.462082 7422697.462082 1.000000
7422811.898444 7422811.898444 1.000000
7422994.438612 7422994.438612 1.000000
7423272.294062 7423272.294062 1.000000
7422320.272974 7422320.272974 1.000000
7422613.717587 7422613.717587 1.000000
7422928.382827 7422928.382827 1.000000
7423055.234874 7423055.234874 1.000000
7422870.984992 7422870.984992 1.000000
7423102.282374 7423102.282374 1.000000
7422873.168995 7422873.168995 1.000000
7422615.297390 7422615.297390 1.000000
7423078.348702 7423078.348702 1.000000
7423449.114690 7423449.114690 1.000000
7423940.688372 7423940.688372 1.000000
7424190.738429 7424190.738429 1.000000
7424297.775292 7424297.775292 1.000000
7424526.127434 7424526.127434 1.000000
7424172.942324 7424172.942324 1.000000
7424583.748518 7424583.748518 1.000000
7424860.598849 7424860.598849 1.000000
7425299.315198 7425299.315198 1.000000
7425206.013482 7425206.013482 1.000000
7426026.382506 7426026.382506 1.000000
7425881.344901 7425881.344901 1.000000
7424895.639703 7424895.639703 1.000000
7425009.829826 7425009.829826 1.000000
7424866.761962 7424866.761962 1.000000
7425222.960911 7425222.960911 1.000000
7424950.771739 7424950.771739 1.000000
7425085.548318 7425085.548318 1.000000
7425601.129948 7425601.129948 1.000000
7425725.952890 7425725.952890 1.000000
7425308.652995 7425308.652995 1.000000
7424963.266679 7424963.266679 1.000000
7425088.248713 7425088.248713 1.000000
7425067.834771 7425067.834771 1.000000
7425497.545224 7425497.545224 1.000000
7426225.424606 7426225.424606 1.000000
7426122.736543 7426122.736543 1.000000
7425962.692027 7425962.692027 1.000000
7425522.873825 7425522.873825 1.000000
7425580.027611 7425580.027611 1.000000
7425248.696563 7425248.696563 1.000000
7425474.342471 7425474.342471 1.000000
7425607.835897 7425607.835897 1.000000
7425815.715521 7425815.715521 1.000000
7426051.645202 7426051.645202 1.000000
7425880.405827 7425880.405827 1.000000
7425865.872346 7425865.872346 1.000000
7425670.054084 7425670.054084 1.000000
7425908.861094 7425908.861094 1.000000
7425254.726658 7425254.726658 1.000000
7425419.718342 7425419.718342 1.000000
7425305.285456 7425305.285456 1.000000
7424743.092437 7424743.092437 1.000000
7425237.424771 7425237.424771 1.000000
7425042.239353 7425042.239353 1.000000
7424866.564504 7424866.564504 1.000000
7424445.443961 7424445.443961 1.000000
7424399.805424 7424399.805424 1.000000
7424108.398192 7424108.398192 1.000000
7423933.849265 7423933.849265 1.000000
7423313.164887 7423313.164887 1.000000
7423206.215440 7423206.215440 1.000000
7423011.713163 7423011.713163 1.000000
7423317.315814 7423317.315814 1.000000
7423240.003085 7423240.003085 1.000000
7423359.799683 7423359.799683 1.000000
7423204.976834 7423204.976834 1.000000
7423477.449887 7423477.449887 1.000000
7422977.522532 7422977.522532 1.000000
7423371.735616 7423371.735616 1.000000
7423510.128882 7423510.128882 1.000000
7423643.968522 7423643.968522 1.000000
7424258.773931 7424258.773931 1.000000
7425127.109677 7425127.109677 1.000000
7424896.497413 7424896.497413 1.000000
7425468.030010 7425468.030010 1.000000
7425600.740046 7425600.740046 1.000000
7424907.191485 7424907.191485 1.000000
7425770.809749 7425770.809749 1.000000
7426042.236159 7426042.236159 1.000000
7426532.255299 7426532.255299 1.000000
7426853.009464 7426853.009464 1.000000
7427782.479205 7427782.479205 1.000000
7428012.403841 7428012.403841 1.000000
7428637.897768 7428637.897768 1.000000
7429196.373930 7429196.373930 1.000000
7429637.545489 7429637.545489 1.000000
7429814.779434 7429814.779434 1.000000
7430683.611484 7430683.611484 1.000000
7431247.172454 7431247.172454 1.000000
7431515.864590 7431515.864590 1.000000
7431813.363202 7431813.363202 1.000000
7432317.778704 7432317.778704 1.000000
7432639.168167 7432639.168167 1.000000
7432525.259140 7432525.259140 1.000000
7432865.962836 7432865.962836 1.000000
7433147.544355 7433147.544355 1.000000
7432419.598307 7432419.598307 1.000000
7432038.776421 7432038.776421 1.000000
7431792.407933 7431792.407933 1.000000
7431955.278611 7431955.278611 1.000000
