7188039.921325 7188039.921325 1.000000
7187747.477863 7187747.477863 1.000000
7187811.286052 7187811.286052 1.000000
7187788.534242 7187788.534242 1.000000
7187707.793429 7187707.793429 1.000000
7186784.643066 7186784.643066 1.000000
7186167.424977 7186167.424977 1.000000
7185976.874406 7185976.874406 1.000000
7185890.209692 7185890.209692 1.000000
7185772.353347 7185772.353347 1.000000
7185790.066944 7185790.066944 1.000000
7185719.865343 7185719.865343 1.000000
7185248.224200 7185248.224200 1.000000
7184385.351928 7184385.351928 1.000000
7183846.049688 7183846.049688 1.000000
7183667.986928 7183667.986928 1.000000
7183443.749417 7183443.749417 1.000000
7183164.753422 7183164.753422 1.000000
7182890.193115 7182890.193115 1.000000
7182955.630668 7182955.630668 1.000000
7182906.748569 7182906.748569 1.000000
7183129.213429 7183129.213429 1.000000
7182962.563687 7182962.563687 1.000000
7182403.362965 7182403.362965 1.000000
7181952.684310 7181952.684310 1.000000
7181685.382192 7181685.382192 1.000000
7180903.145322 7180903.145322 1.000000
7180284.928584 7180284.928584 1.000000
7179606.394162 7179606.394162 1.000000
7178874.600400 7178874.600400 1.000000
7179322.798780 7179322.798780 1.000000
7179892.203320 7179892.203320 1.000000
7179678.707837 7179678.707837 1.000000
7179375.094762 7179375.094762 1.000000
7179642.701335 7179642.701335 1.000000
7179721.915463 7179721.915463 1.000000
7179769.351999 7179769.351999 1.000000
7180003.014835 7180003.014835 1.000000
7180391.817630 7180391.817630 1.000000
7180207.784453 7180207.784453 1.000000
7179663.879860 7179663.879860 1.000000
7179978.603834 7179978.603834 1.000000
7180338.481468 7180338.481468 1.000000
7180288.128754 7180288.128754 1.000000
7179909.137429 7179909.137429 1.000000
7179785.373826 7179785.373826 1.000000
7180145.845470 7180145.845470 1.000000
7180586.506364 7180586.506364 1.000000
7181424.785833 7181424.785833 1.000000
7182157.661386 7182157.661386 1.000000
7182282.782540 7182282.782540 1.000000
7181720.034346 7181720.034346 1.000000
7181484.700611 7181484.700611 1.000000
7181657.723630 7181657.723630 1.000000
7182487.739707 7182487.739707 1.000000
7182829.359117 7182829.359117 1.000000
7182791.331054 7182791.331054 1.000000
7183065.176663 7183065.176663 1.000000
7182756.682219 7182756.682219 1.000000
7182393.978478 7182393.978478 1.000000
7182189.932224 7182189.932224 1.000000
7181559.188808 7181559.188808 1.000000
7181551.521556 7181551.521556 1.000000
7182104.991205 7182104.991205 1.000000
7182118.842832 7182118.842832 1.000000
7181991.877164 7181991.877164 1.000000
7181936.360227 7181936.360227 1.000000
7181706.955642 7181706.955642 1.000000
7181653.756435 7181653.756435 1.000000
7181419.470589 7181419.470589 1.000000
7181532.284263 7181532.284263 1.000000
7182027.864587 7182027.864587 1.000000
7182157.062523 7182157.062523 1.000000
7182049.364738 7182049.364738 1.000000
7181914.541079 7181914.541079 1.000000
7181819.152275 7181819.152275 1.000000
7181475.252506 7181475.252506 1.000000
7181360.470044 7181360.470044 1.000000
7180834.805718 7180834.805718 1.000000
7180936.149455 7180936.149455 1.000000
7180926.909304 7180926.909304 1.000000
7180048.597693 7180048.597693 1.000000
7179617.794938 7179617.794938 1.000000
7178881.479084 7178881.479084 1.000000
7179043.316332 7179043.316332 1.000000
7178967.504483 7178967.504483 1.000000
7178631.642760 7178631.642760 1.000000
7178641.736105 7178641.736105 1.000000
7178833.504169 7178833.504169 1.000000
7179621.145102 7179621.145102 1.000000
7180029.328661 7180029.328661 1.000000
7180256.907530 7180256.907530 1.000000
7180495.901511 7180495.901511 1.000000
7180073.147194 7180073.147194 1.000000
7180948.263974 7180948.263974 1.000000
7180132.958965 7180132.958965 1.000000
7180313.585744 7180313.585744 1.000000
7180722.253741 7180722.253741 1.000000
7181049.341901 7181049.341901 1.000000
7180179.221467 7180179.221467 1.000000
7179870.972917 7179870.972917 1.000000
7179758.061242 7179758.061242 1.000000
7179898.842454 7179898.842454 1.000000
7179738.479043 7179738.479043 1.000000
7179630.931698 7179630.931698 1.000000
7180319.456340 7180319.456340 1.000000
7180503.609214 7180503.609214 1.000000
7180390.220911 7180390.220911 1.000000
7179421.117635 7179421.117635 1.000000
7179511.918322 7179511.918322 1.000000
7179667.110291 7179667.110291 1.000000
7179668.383432 7179668.383432 1.000000
7179244.635173 7179244.635173 1.000000
7179035.154049 7179035.154049 1.000000
7179832.892948 7179832.892948 1.000000
7179304.309814 7179304.309814 1.000000
7178807.929101 7178807.929101 1.000000
7178627.160671 7178627.160671 1.000000
7178236.759395 7178236.759395 1.000000
7177670.840623 7177670.840623 1.000000
7178657.901318 7178657.901318 1.000000
7178806.977608 7178806.977608 1.000000
7177993.890980 7177993.890980 1.000000
7178126.877901 7178126.877901 1.000000
7177874.092198 7177874.092198 1.000000
7178377.913447 7178377.913447 1.000000
7178681.226505 7178681.226505 1.000000
7179292.630412 7179292.630412 1.000000
7179467.479363 7179467.479363 1.000000
7179607.233761 7179607.233761 1.000000
7180196.198601 7180196.198601 1.000000
7180112.803320 7180112.803320 1.000000
7179611.322276 7179611.322276 1.000000
7179510.279282 7179510.279282 1.000000
7179570.085299 7179570.085299 1.000000
7179521.766194 7179521.766194 1.000000
7179646.754647 7179646.754647 1.000000
7179804.978093 7179804.978093 1.000000
7180682.451371 7180682.451371 1.000000
7180671.544366 7180671.544366 1.000000
7180827.533692 7180827.533692 1.000000
7181019.274653 7181019.274653 1.000000
7181225.529113 7181225.529113 1.000000
7181353.055013 7181353.055013 1.000000
7181228.747956 7181228.747956 1.000000
7181403.564721 7181403.564721 1.000000
7181540.324365 7181540.324365 1.000000
7181680.558038 7181680.558038 1.000000
7181974.358778 7181974.358778 1.000000
7182961.317657 7182961.317657 1.000000
7183757.670547 7183757.670547 1.000000
7183880.489741 7183880.489741 1.000000
7184215.898989 7184215.898989 1.000000
7184335.416728 7184335.416728 1.000000
7184531.364145 7184531.364145 1.000000
7183707.279845 7183707.279845 1.000000
7183559.556219 7183559.556219 1.000000
7183798.670049 7183798.670049 1.000000
7183456.832212 7183456.832212 1.000000
7183699.363068 7183699.363068 1.000000
7183968.903666 7183968.903666 1.000000
7183740.738393 7183740.738393 1.000000
7184503.777570 7184503.777570 1.000000
7184690.401985 7184690.401985 1.000000
7185284.190422 7185284.190422 1.000000
7185395.810770 7185395.810770 1.000000
7185736.856235 7185736.856235 1.000000
7185426.387056 7185426.387056 1.000000
7185677.482245 7185677.482245 1.000000
7185265.919565 7185265.919565 1.000000
7184859.150238 7184859.150238 1.000000
7183892.958891 7183892.958891 1.000000
7183316.798138 7183316.798138 1.000000
7182857.260714 7182857.260714 1.000000
7183304.886924 7183304.886924 1.000000
7183241.207098 7183241.207098 1.000000
7182890.640579 7182890.640579 1.000000
7183676.389828 7183676.389828 1.000000
7183794.305918 7183794.305918 1.000000
7183795.710116 7183795.710116 1.000000
7184720.485377 7184720.485377 1.000000
7184515.059971 7184515.059971 1.000000
7184138.021940 7184138.021940 1.000000
7184168.786230 7184168.786230 1.000000
7184182.321100 7184182.321100 1.000000
7183306.113561 7183306.113561 1.000000
7182420.644437 7182420.644437 1.000000
7182957.080919 7182957.080919 1.000000
7183141.220235 7183141.220235 1.000000
7182313.005409 7182313.005409 1.000000
7182783.753244 7182783.753244 1.000000
7183064.041813 7183064.041813 1.000000
7182343.399074 7182343.399074 1.000000
7181540.766305 7181540.766305 1.000000
7182071.229972 7182071.229972 1.000000
7182402.394214 7182402.394214 1.000000
7182145.435259 7182145.435259 1.000000
7181753.131932 7181753.131932 1.000000
7182181.438993 7182181.438993 1.000000
7182511.138885 7182511.138885 1.000000
7182808.937900 7182808.937900 1.000000
7183462.701667 7183462.701667 1.000000
7184223.857691 7184223.857691 1.000000
7184520.491541 7184520.491541 1.000000
7184653.567288 7184653.567288 1.000000
7183953.169922 7183953.169922 1.000000
7183732.782318 7183732.782318 1.000000
7184172.631869 7184172.631869 1.000000
7183877.465214 7183877.465214 1.000000
7183392.361602 7183392.361602 1.000000
7183186.050551 7183186.050551 1.000000
7183398.168207 7183398.168207 1.000000
7184131.550297 7184131.550297 1.000000
7184237.836842 7184237.836842 1.000000
7185001.253125 7185001.253125 1.000000
7185328.350714 7185328.350714 1.000000
7185355.376819 7185355.376819 1.000000
7185423.733729 7185423.733729 1.000000
7184968.281680 7184968.281680 1.000000
7184370.609642 7184370.609642 1.000000
7183505.089287 7183505.089287 1.000000
7182941.322602 7182941.322602 1.000000
7183038.181405 7183038.181405 1.000000
7183784.096410 7183784.096410 1.000000
7183353.400373 7183353.400373 1.000000
7183500.369054 7183500.369054 1.000000
7183906.832041 7183906.832041 1.000000
7183709.065293 7183709.065293 1.000000
7182899.710840 7182899.710840 1.000000
7183118.395309 7183118.395309 1.000000
7183241.456544 7183241.456544 1.000000
7184064.791699 7184064.791699 1.000000
7184612.482663 7184612.482663 1.000000
7183633.417822 7183633.417822 1.000000
7184263.648183 7184263.648183 1.000000
7183908.204540 7183908.204540 1.000000
7184347.731063 7184347.731063 1.000000
7184007.038242 7184007.038242 1.000000
7184237.273604 7184237.273604 1.000000
7184452.677444 7184452.677444 1.000000
7184221.598864 7184221.598864 1.000000
7183393.835702 7183393.835702 1.000000
7183130.841261 7183130.841261 1.000000
7182765.240444 7182765.240444 1.000000
7183422.344661 7183422.344661 1.000000
7183835.710057 7183835.710057 1.000000
7183770.800812 7183770.800812 1.000000
7183841.645981 7183841.645981 1.000000
7183735.870481 7183735.870481 1.000000
7183635.922901 7183635.922901 1.000000
7183114.609233 7183114.609233 1.000000
7183226.480319 7183226.480319 1.000000
7183388.019323 7183388.019323 1.000000
7183051.587398 7183051.587398 1.000000
7183614.676941 7183614.676941 1.000000
7184413.435136 7184413.435136 1.000000
7184906.424796 7184906.424796 1.000000
7185544.698267 7185544.698267 1.000000
7186099.422672 7186099.422672 1.000000
7185991.045352 7185991.045352 1.000000
7186709.717408 7186709.717408 1.000000
7187284.248156 7187284.248156 1.000000
7187502.711466 7187502.711466 1.000000
7188268.975763 7188268.975763 1.000000
7188248.738586 7188248.738586 1.000000
7188183.827529 7188183.827529 1.000000
7188422.755596 7188422.755596 1.000000
7187882.645667 7187882.645667 1.000000
7188239.033166 7188239.033166 1.000000
7188082.940092 7188082.940092 1.000000
7187659.100090 7187659.100090 1.000000
7187433.221283 7187433.221283 1.000000
7187764.621548 7187764.621548 1.000000
7187488.016754 7187488.016754 1.000000
7187834.484618 7187834.484618 1.000000
7187878.496440 7187878.496440 1.000000
7187455.735762 7187455.735762 1.000000
7187717.486135 7187717.486135 1.000000
7187831.141496 7187831.141496 1.000000
7188022.392149 7188022.392149 1.000000
7188064.762475 7188064.762475 1.000000
7187897.429997 7187897.429997 1.000000
7187638.288395 7187638.288395 1.000000
7186957.817485 7186957.817485 1.000000
7186852.253766 7186852.253766 1.000000
7186341.703752 7186341.703752 1.000000
7185474.441267 7185474.441267 1.000000
7184737.996006 7184737.996006 1.000000
7184200.801405 7184200.801405 1.000000
7184803.429533 7184803.429533 1.000000
7184934.177091 7184934.177091 1.000000
7184706.530522 7184706.530522 1.000000
7184622.955003 7184622.955003 1.000000
7185008.109793 7185008.109793 1.000000
7185119.861306 7185119.861306 1.000000
7184998.781098 7184998.781098 1.000000
7185446.155597 7185446.155597 1.000000
7186165.187119 7186165.187119 1.000000
7187112.210242 7187112.210242 1.000000
7186605.082279 7186605.082279 1.000000
7185806.319806 7185806.319806 1.000000
7185102.210060 7185102.210060 1.000000
7184998.494942 7184998.494942 1.000000
7185589.369277 7185589.369277 1.000000
7185390.603839 7185390.603839 1.000000
7185709.572977 7185709.572977 1.000000
7186339.031789 7186339.031789 1.000000
7186230.310636 7186230.310636 1.000000
7185983.160255 7185983.160255 1.000000
7186398.715294 7186398.715294 1.000000
7186035.032196 7186035.032196 1.000000
7186371.778983 7186371.778983 1.000000
7186042.558228 7186042.558228 1.000000
7186412.931168 7186412.931168 1.000000
7185977.349377 7185977.349377 1.000000
7186382.565260 7186382.565260 1.000000
7186158.544374 7186158.544374 1.000000
7187004.645715 7187004.645715 1.000000
7186892.299380 7186892.299380 1.000000
7187207.778292 7187207.778292 1.000000
7186946.186697 7186946.186697 1.000000
7187111.507057 7187111.507057 1.000000
7186355.273823 7186355.273823 1.000000
7186671.035452 7186671.035452 1.000000
7186511.835575 7186511.835575 1.000000
7186207.571175 7186207.571175 1.000000
7185894.092627 7185894.092627 1.000000
7185559.496146 7185559.496146 1.000000
7185335.887232 7185335.887232 1.000000
7184791.848714 7184791.848714 1.000000
7183951.629589 7183951.629589 1.000000
7183580.399320 7183580.399320 1.000000
7183835.623148 7183835.623148 1.000000
7184177.297081 7184177.297081 1.000000
7184638.468157 7184638.468157 1.000000
7184207.866514 7184207.866514 1.000000
7184334.286845 7184334.286845 1.000000
7184512.593853 7184512.593853 1.000000
7184625.691669 7184625.691669 1.000000
7184762.731846 7184762.731846 1.000000
7184785.485417 7184785.485417 1.000000
7185018.475052 7185018.475052 1.000000
7184912.822478 7184912.822478 1.000000
7185025.965221 7185025.965221 1.000000
7185806.677113 7185806.677113 1.000000
7186482.409249 7186482.409249 1.000000
7186692.073686 7186692.073686 1.000000
7186073.342816 7186073.342816 1.000000
7185266.686371 7185266.686371 1.000000
7184884.784930 7184884.784930 1.000000
7185378.206694 7185378.206694 1.000000
7185497.498161 7185497.498161 1.000000
7186428.407603 7186428.407603 1.000000
7186325.197520 7186325.197520 1.000000
7186466.029505 7186466.029505 1.000000
7187108.059293 7187108.059293 1.000000
7186435.674102 7186435.674102 1.000000
7185819.240604 7185819.240604 1.000000
7184982.045085 7184982.045085 1.000000
7184984.452955 7184984.452955 1.000000
7184956.141236 7184956.141236 1.000000
7184485.318577 7184485.318577 1.000000
7184182.462292 7184182.462292 1.000000
7185066.802142 7185066.802142 1.000000
7185995.414788 7185995.414788 1.000000
7186107.178980 7186107.178980 1.000000
7186977.462601 7186977.462601 1.000000
7187551.607893 7187551.607893 1.000000
7188253.130695 7188253.130695 1.000000
7188411.541421 7188411.541421 1.000000
7188284.756038 7188284.756038 1.000000
7188796.682817 7188796.682817 1.000000
7188007.669593 7188007.669593 1.000000
7187539.937385 7187539.937385 1.000000
7187650.608864 7187650.608864 1.000000
7188238.501529 7188238.501529 1.000000
7188115.275285 7188115.275285 1.000000
7188924.898777 7188924.898777 1.000000
7188598.039191 7188598.039191 1.000000
7188927.176062 7188927.176062 1.000000
7188815.808242 7188815.808242 1.000000
7188039.688605 7188039.688605 1.000000
7188082.199365 7188082.199365 1.000000
7187973.499270 7187973.499270 1.000000
7188029.625296 7188029.625296 1.000000
7187778.697140 7187778.697140 1.000000
7187527.523338 7187527.523338 1.000000
7187192.984560 7187192.984560 1.000000
7187039.980730 7187039.980730 1.000000
7186799.009594 7186799.009594 1.000000
7186495.306362 7186495.306362 1.000000
7185915.734054 7185915.734054 1.000000
7185800.811253 7185800.811253 1.000000
7185335.917859 7185335.917859 1.000000
7185443.130219 7185443.130219 1.000000
7185321.801403 7185321.801403 1.000000
7184950.262260 7184950.262260 1.000000
7184673.023440 7184673.023440 1.000000
7184801.478795 7184801.478795 1.000000
7184807.748424 7184807.748424 1.000000
7184374.462061 7184374.462061 1.000000
7184619.807302 7184619.807302 1.000000
7184413.712515 7184413.712515 1.000000
7184291.799799 7184291.799799 1.000000
7184419.925876 7184419.925876 1.000000
7184753.856756 7184753.856756 1.000000
7184047.924263 7184047.924263 1.000000
7183926.353765 7183926.353765 1.000000
7183529.954002 7183529.954002 1.000000
7183182.449022 7183182.449022 1.000000
7183046.477679 7183046.477679 1.000000
7183184.689975 7183184.689975 1.000000
7184126.794592 7184126.794592 1.000000
7184323.750858 7184323.750858 1.000000
7183677.127812 7183677.127812 1.000000
7182877.395776 7182877.395776 1.000000
7181877.642123 7181877.642123 1.000000
7181226.271895 7181226.271895 1.000000
7180401.540057 7180401.540057 1.000000
7179506.175137 7179506.175137 1.000000
7179381.355709 7179381.355709 1.000000
7179300.455896 7179300.455896 1.000000
7178875.495786 7178875.495786 1.000000
7178639.003245 7178639.003245 1.000000
7178992.442117 7178992.442117 1.000000
7178669.363510 7178669.363510 1.000000
7178826.082438 7178826.082438 1.000000
7178617.781728 7178617.781728 1.000000
7179068.102437 7179068.102437 1.000000
7179009.263215 7179009.263215 1.000000
7179737.566302 7179737.566302 1.000000
7179669.553179 7179669.553179 1.000000
7179454.374250 7179454.374250 1.000000
7179799.723924 7179799.723924 1.000000
7179892.195793 7179892.195793 1.000000
7179969.833843 7179969.833843 1.000000
7180290.797000 7180290.797000 1.000000
7180416.554527 7180416.554527 1.000000
7180367.133657 7180367.133657 1.000000
7180261.314723 7180261.314723 1.000000
7180964.365145 7180964.365145 1.000000
7181392.248892 7181392.248892 1.000000
7180664.300439 7180664.300439 1.000000
7180445.349161 7180445.349161 1.000000
7180245.191118 7180245.191118 1.000000
7180842.555745 7180842.555745 1.000000
7180759.920931 7180759.920931 1.000000
7181545.672706 7181545.672706 1.000000
7181732.836610 7181732.836610 1.000000
7181890.157818 7181890.157818 1.000000
7181463.077787 7181463.077787 1.000000
7181858.176986 7181858.176986 1.000000
7181368.755282 7181368.755282 1.000000
7181600.807135 7181600.807135 1.000000
7181358.014206 7181358.014206 1.000000
7181039.270503 7181039.270503 1.000000
7180794.147608 7180794.147608 1.000000
7180768.626113 7180768.626113 1.000000
7180141.568574 7180141.568574 1.000000
7180970.016612 7180970.016612 1.000000
7181154.127954 7181154.127954 1.000000
7180951.590529 7180951.590529 1.000000
7181062.840710 7181062.840710 1.000000
7180148.139863 7180148.139863 1.000000
7180509.775188 7180509.775188 1.000000
7180846.823818 7180846.823818 1.000000
7180401.313454 7180401.313454 1.000000
7180797.265899 7180797.265899 1.000000
7181509.693651 7181509.693651 1.000000
7180623.699908 7180623.699908 1.000000
7180452.812689 7180452.812689 1.000000
7181422.466599 7181422.466599 1.000000
7181690.599285 7181690.599285 1.000000
7181365.580263 7181365.580263 1.000000
7181612.357016 7181612.357016 1.000000
7181336.935804 7181336.935804 1.000000
7181645.917775 7181645.917775 1.000000
7181145.474026 7181145.474026 1.000000
7180284.695202 7180284.695202 1.000000
7179343.754617 7179343.754617 1.000000
7178495.660234 7178495.660234 1.000000
7177856.522180 7177856.522180 1.000000
7177120.892223 7177120.892223 1.000000
7176433.690939 7176433.690939 1.000000
7175961.418738 7175961.418738 1.000000
7175790.953313 7175790.953313 1.000000
7176146.260776 7176146.260776 1.000000
7175869.865852 7175869.865852 1.000000
7176085.150526 7176085.150526 1.000000
7175720.255747 7175720.255747 1.000000
7176038.290851 7176038.290851 1.000000
7176314.154197 7176314.154197 1.000000
7176489.200123 7176489.200123 1.000000
7176770.449681 7176770.449681 1.000000
7177151.277587 7177151.277587 1.000000
7177485.280350 7177485.280350 1.000000
7177591.322381 7177591.322381 1.000000
7177411.419877 7177411.419877 1.000000
7176626.704846 7176626.704846 1.000000
7176179.078872 7176179.078872 1.000000
7176603.799876 7176603.799876 1.000000
7175671.981109 7175671.981109 1.000000
7176644.470176 7176644.470176 1.000000
7176883.298443 7176883.298443 1.000000
7176394.118936 7176394.118936 1.000000
7177162.460664 7177162.460664 1.000000
7176559.435631 7176559.435631 1.000000
7177107.662236 7177107.662236 1.000000
7177315.667767 7177315.667767 1.000000
7177584.116413 7177584.116413 1.000000
7178062.993555 7178062.993555 1.000000
7178072.587219 7178072.587219 1.000000
7177715.258159 7177715.258159 1.000000
7177019.608022 7177019.608022 1.000000
7176890.419909 7176890.419909 1.000000
7177015.512781 7177015.512781 1.000000
7177207.948132 7177207.948132 1.000000
7176406.841588 7176406.841588 1.000000
7176922.812943 7176922.812943 1.000000
7176872.647393 7176872.647393 1.000000
7176996.961802 7176996.961802 1.000000
7177400.567106 7177400.567106 1.000000
7176875.898765 7176875.898765 1.000000
7176687.881233 7176687.881233 1.000000
7177260.952716 7177260.952716 1.000000
7176721.086471 7176721.086471 1.000000
7177445.403126 7177445.403126 1.000000
7177472.148688 7177472.148688 1.000000
7177973.643805 7177973.643805 1.000000
7178547.551510 7178547.551510 1.000000
7179259.454118 7179259.454118 1.000000
7179130.614023 7179130.614023 1.000000
7178865.234709 7178865.234709 1.000000
7179212.878271 7179212.878271 1.000000
7179847.496184 7179847.496184 1.000000
7179477.182602 7179477.182602 1.000000
7179844.948849 7179844.948849 1.000000
7179688.860756 7179688.860756 1.000000
7180562.302800 7180562.302800 1.000000
7180362.106351 7180362.106351 1.000000
7179907.576679 7179907.576679 1.000000
7179531.261686 7179531.261686 1.000000
7179412.586112 7179412.586112 1.000000
7179765.556363 7179765.556363 1.000000
7179864.851837 7179864.851837 1.000000
7179869.580835 7179869.580835 1.000000
7179763.287637 7179763.287637 1.000000
7179532.829897 7179532.829897 1.000000
7179882.348436 7179882.348436 1.000000
7179748.970749 7179748.970749 1.000000
7179856.250684 7179856.250684 1.000000
7179755.079395 7179755.079395 1.000000
7179970.712341 7179970.712341 1.000000
7179647.513617 7179647.513617 1.000000
7180024.268793 7180024.268793 1.000000
7179681.000842 7179681.000842 1.000000
7180102.522963 7180102.522963 1.000000
7180392.615374 7180392.615374 1.000000
7181006.764220 7181006.764220 1.000000
7181340.259092 7181340.259092 1.000000
7181313.188393 7181313.188393 1.000000
7181197.633949 7181197.633949 1.000000
7181584.220273 7181584.220273 1.000000
7180750.043249 7180750.043249 1.000000
7181461.032660 7181461.032660 1.000000
7181508.807116 7181508.807116 1.000000
7181734.153884 7181734.153884 1.000000
7182051.009014 7182051.009014 1.000000
7182233.045582 7182233.045582 1.000000
7181949.288338 7181949.288338 1.000000
7182084.969376 7182084.969376 1.000000
7182663.819321 7182663.819321 1.000000
7182892.558076 7182892.558076 1.000000
7182724.023700 7182724.023700 1.000000
7182530.618515 7182530.618515 1.000000
7181951.822576 7181951.822576 1.000000
7181443.539968 7181443.539968 1.000000
7181801.139055 7181801.139055 1.000000
7181668.200632 7181668.200632 1.000000
7182232.752840 7182232.752840 1.000000
7182076.685706 7182076.685706 1.000000
7181973.445547 7181973.445547 1.000000
7182078.639867 7182078.639867 1.000000
7181617.796835 7181617.796835 1.000000
7181799.999813 7181799.999813 1.000000
7182038.010085 7182038.010085 1.000000
7181920.063537 7181920.063537 1.000000
7182294.683181 7182294.683181 1.000000
7182431.197544 7182431.197544 1.000000
7181952.368826 7181952.368826 1.000000
7182735.965146 7182735.965146 1.000000
7182614.766641 7182614.766641 1.000000
7182852.046101 7182852.046101 1.000000
7183038.111864 7183038.111864 1.000000
7182753.321169 7182753.321169 1.000000
7182616.141474 7182616.141474 1.000000
7183340.294222 7183340.294222 1.000000
7183480.432438 7183480.432438 1.000000
7183847.116392 7183847.116392 1.000000
7183827.687441 7183827.687441 1.000000
7183479.033240 7183479.033240 1.000000
7183749.428172 7183749.428172 1.000000
7183541.048745 7183541.048745 1.000000
7183863.610291 7183863.610291 1.000000
7184221.585184 7184221.585184 1.000000
7184440.215868 7184440.215868 1.000000
7184329.674717 7184329.674717 1.000000
7184128.286525 7184128.286525 1.000000
7184383.907402 7184383.907402 1.000000
7184162.860957 7184162.860957 1.000000
7183919.635514 7183919.635514 1.000000
7183432.308939 7183432.308939 1.000000
7183677.118901 7183677.118901 1.000000
7183401.914516 7183401.914516 1.000000
7183213.402423 7183213.402423 1.000000
7183452.892993 7183452.892993 1.000000
7183989.639875 7183989.639875 1.000000
7184531.869446 7184531.869446 1.000000
7184291.457493 7184291.457493 1.000000
7183704.090300 7183704.090300 1.000000
7183428.591968 7183428.591968 1.000000
7182870.775346 7182870.775346 1.000000
7183199.736066 7183199.736066 1.000000
7183327.792103 7183327.792103 1.000000
7182861.009801 7182861.009801 1.000000
7182739.728166 7182739.728166 1.000000
7182583.727809 7182583.727809 1.000000
7182415.401617 7182415.401617 1.000000
7182574.494814 7182574.494814 1.000000
7182831.187611 7182831.187611 1.000000
7183085.506059 7183085.506059 1.000000
7182875.796540 7182875.796540 1.000000
7182738.229697 7182738.229697 1.000000
7181755.050803 7181755.050803 1.000000
7181073.381348 7181073.381348 1.000000
7181303.510610 7181303.510610 1.000000
7181440.872352 7181440.872352 1.000000
7181692.203159 7181692.203159 1.000000
7182061.451429 7182061.451429 1.000000
7181654.335210 7181654.335210 1.000000
7182305.048103 7182305.048103 1.000000
7181622.402839 7181622.402839 1.000000
7182508.004527 7182508.004527 1.000000
7182980.075298 7182980.075298 1.000000
7182020.658305 7182020.658305 1.000000
7182674.402410 7182674.402410 1.000000
7183373.165959 7183373.165959 1.000000
7183297.404646 7183297.404646 1.000000
7183424.663029 7183424.663029 1.000000
7183246.126950 7183246.126950 1.000000
7183372.927947 7183372.927947 1.000000
7183034.253922 7183034.253922 1.000000
7183085.459927 7183085.459927 1.000000
7182864.063891 7182864.063891 1.000000
7183183.704006 7183183.704006 1.000000
7182764.955810 7182764.955810 1.000000
7183265.425921 7183265.425921 1.000000
7183728.550573 7183728.550573 1.000000
7184223.104458 7184223.104458 1.000000
7184856.264474 7184856.264474 1.000000
7185336.725959 7185336.725959 1.000000
7185441.205172 7185441.205172 1.000000
7185599.789636 7185599.789636 1.000000
7185518.236196 7185518.236196 1.000000
7185896.392477 7185896.392477 1.000000
7185253.022454 7185253.022454 1.000000
7185491.684172 7185491.684172 1.000000
7185185.775484 7185185.775484 1.000000
7185555.838110 7185555.838110 1.000000
7185756.501524 7185756.501524 1.000000
7186197.952433 7186197.952433 1.000000
7186546.268658 7186546.268658 1.000000
7185627.284276 7185627.284276 1.000000
7185188.662246 7185188.662246 1.000000
7185411.574710 7185411.574710 1.000000
7184731.000530 7184731.000530 1.000000
7184518.787043 7184518.787043 1.000000
7185146.957149 7185146.957149 1.000000
7185011.307352 7185011.307352 1.000000
7185121.408071 7185121.408071 1.000000
7185008.019517 7185008.019517 1.000000
7184983.506038 7184983.506038 1.000000
7185106.866180 7185106.866180 1.000000
7184695.089625 7184695.089625 1.000000
7184751.745276 7184751.745276 1.000000
7184661.510607 7184661.510607 1.000000
7184372.219436 7184372.219436 1.000000
7184928.113846 7184928.113846 1.000000
7185007.390495 7185007.390495 1.000000
7185563.633605 7185563.633605 1.000000
7185163.393864 7185163.393864 1.000000
7185372.861395 7185372.861395 1.000000
7185548.572288 7185548.572288 1.000000
7185441.228891 7185441.228891 1.000000
7185372.895962 7185372.895962 1.000000
7186073.354837 7186073.354837 1.000000
7185969.098291 7185969.098291 1.000000
7185264.561113 7185264.561113 1.000000
7184454.367774 7184454.367774 1.000000
7184320.766020 7184320.766020 1.000000
7184588.241366 7184588.241366 1.000000
7185310.931821 7185310.931821 1.000000
7186100.179052 7186100.179052 1.000000
7186572.856215 7186572.856215 1.000000
7185923.087444 7185923.087444 1.000000
7186489.341310 7186489.341310 1.000000
7186798.723594 7186798.723594 1.000000
7187487.603613 7187487.603613 1.000000
7186859.883501 7186859.883501 1.000000
7186978.447678 7186978.447678 1.000000
7186470.232974 7186470.232974 1.000000
7186548.670621 7186548.670621 1.000000
7185728.170647 7185728.170647 1.000000
7185584.824031 7185584.824031 1.000000
7185475.787458 7185475.787458 1.000000
7184936.531334 7184936.531334 1.000000
7185052.456132 7185052.456132 1.000000
7184892.393009 7184892.393009 1.000000
7185341.288418 7185341.288418 1.000000
7186155.654137 7186155.654137 1.000000
7186706.089460 7186706.089460 1.000000
7186358.413915 7186358.413915 1.000000
7186121.330328 7186121.330328 1.000000
7185781.981471 7185781.981471 1.000000
7185575.731308 7185575.731308 1.000000
7186464.973788 7186464.973788 1.000000
7186615.104807 7186615.104807 1.000000
7187459.755505 7187459.755505 1.000000
7187468.611972 7187468.611972 1.000000
7187260.837505 7187260.837505 1.000000
7187400.502077 7187400.502077 1.000000
7187540.960707 7187540.960707 1.000000
7187373.751450 7187373.751450 1.000000
7187128.600994 7187128.600994 1.000000
7187323.510590 7187323.510590 1.000000
7187021.914672 7187021.914672 1.000000
7187485.696216 7187485.696216 1.000000
7187953.941227 7187953.941227 1.000000
7187313.393154 7187313.393154 1.000000
7186608.494025 7186608.494025 1.000000
7186020.932693 7186020.932693 1.000000
7185358.641889 7185358.641889 1.000000
7184824.674349 7184824.674349 1.000000
7185124.436737 7185124.436737 1.000000
7184980.617974 7184980.617974 1.000000
7185198.789232 7185198.789232 1.000000
7185918.077130 7185918.077130 1.000000
7185364.392039 7185364.392039 1.000000
7185589.962462 7185589.962462 1.000000
7185994.755854 7185994.755854 1.000000
7185426.538842 7185426.538842 1.000000
7185081.595499 7185081.595499 1.000000
7185607.437338 7185607.437338 1.000000
7185333.512119 7185333.512119 1.000000
7185203.839340 7185203.839340 1.000000
7185476.644876 7185476.644876 1.000000
7185235.476874 7185235.476874 1.000000
7184766.851475 7184766.851475 1.000000
7184903.885427 7184903.885427 1.000000
7185448.960525 7185448.960525 1.000000
7186186.194267 7186186.194267 1.000000
7187002.117052 7187002.117052 1.000000
7187095.700214 7187095.700214 1.000000
7187371.306687 7187371.306687 1.000000
7187998.216058 7187998.216058 1.000000
7188333.953196 7188333.953196 1.000000
7188104.861723 7188104.861723 1.000000
7188725.132405 7188725.132405 1.000000
7188974.070305 7188974.070305 1.000000
7188785.131241 7188785.131241 1.000000
7189223.474203 7189223.474203 1.000000
7189509.044144 7189509.044144 1.000000
7189715.119848 7189715.119848 1.000000
7189769.955802 7189769.955802 1.000000
7190251.404207 7190251.404207 1.000000
7190242.665825 7190242.665825 1.000000
7190297.758998 7190297.758998 1.000000
7190131.271644 7190131.271644 1.000000
7190557.741829 7190557.741829 1.000000
7191131.168903 7191131.168903 1.000000
7190638.747237 7190638.747237 1.000000
7190915.735657 7190915.735657 1.000000
7191355.614096 7191355.614096 1.000000
7192142.375513 7192142.375513 1.000000
7192068.440544 7192068.440544 1.000000
7192078.970775 7192078.970775 1.000000
7192245.455274 7192245.455274 1.000000
7192080.145884 7192080.145884 1.000000
7191934.179406 7191934.179406 1.000000
7192033.921314 7192033.921314 1.000000
7191932.674060 7191932.674060 1.000000
7191381.839082 7191381.839082 1.000000
7190600.808115 7190600.808115 1.000000
7189891.738371 7189891.738371 1.000000
7189788.089011 7189788.089011 1.000000
7189453.036106 7189453.036106 1.000000
7189575.172837 7189575.172837 1.000000
7189834.833285 7189834.833285 1.000000
7189926.500435 7189926.500435 1.000000
7189693.998155 7189693.998155 1.000000
7189913.482675 7189913.482675 1.000000
7189446.069479 7189446.069479 1.000000
7189167.209901 7189167.209901 1.000000
7189098.150286 7189098.150286 1.000000
7189030.228416 7189030.228416 1.000000
7189664.518477 7189664.518477 1.000000
7190022.967656 7190022.967656 1.000000
7190812.002103 7190812.002103 1.000000
7190777.211409 7190777.211409 1.000000
7190801.691290 7190801.691290 1.000000
7191277.720508 7191277.720508 1.000000
7191035.377448 7191035.377448 1.000000
7190237.301632 7190237.301632 1.000000
7190261.460155 7190261.460155 1.000000
7190055.572924 7190055.572924 1.000000
7189327.569764 7189327.569764 1.000000
7189482.484957 7189482.484957 1.000000
7189698.081692 7189698.081692 1.000000
7189549.168572 7189549.168572 1.000000
7189303.100808 7189303.100808 1.000000
7189181.867180 7189181.867180 1.000000
7188874.294716 7188874.294716 1.000000
7189236.013881 7189236.013881 1.000000
7189637.078224 7189637.078224 1.000000
7189463.268248 7189463.268248 1.000000
7189366.876500 7189366.876500 1.000000
7189460.614305 7189460.614305 1.000000
7189169.726862 7189169.726862 1.000000
7189060.194401 7189060.194401 1.000000
7189484.798729 7189484.798729 1.000000
7188827.038876 7188827.038876 1.000000
7189158.048779 7189158.048779 1.000000
7189352.981446 7189352.981446 1.000000
7189543.644171 7189543.644171 1.000000
7189309.244714 7189309.244714 1.000000
7188802.888379 7188802.888379 1.000000
7188857.062319 7188857.062319 1.000000
7189679.260256 7189679.260256 1.000000
7189922.880583 7189922.880583 1.000000
7190560.969368 7190560.969368 1.000000
7191282.295860 7191282.295860 1.000000
7191730.884148 7191730.884148 1.000000
7192200.356095 7192200.356095 1.000000
7191745.454604 7191745.454604 1.000000
7190790.119883 7190790.119883 1.000000
7190341.747266 7190341.747266 1.000000
7190363.177884 7190363.177884 1.000000
7190561.996128 7190561.996128 1.000000
7190156.132312 7190156.132312 1.000000
7189883.512333 7189883.512333 1.000000
7190215.429022 7190215.429022 1.000000
7190956.654673 7190956.654673 1.000000
7190123.561706 7190123.561706 1.000000
7190187.099959 7190187.099959 1.000000
7190727.889542 7190727.889542 1.000000
7189898.632132 7189898.632132 1.000000
7190011.728657 7190011.728657 1.000000
7190118.625704 7190118.625704 1.000000
7190014.890517 7190014.890517 1.000000
7189961.143589 7189961.143589 1.000000
7189854.693577 7189854.693577 1.000000
7189811.956703 7189811.956703 1.000000
7189311.548461 7189311.548461 1.000000
7190062.394348 7190062.394348 1.000000
7190765.746602 7190765.746602 1.000000
7190943.989714 7190943.989714 1.000000
7191142.673661 7191142.673661 1.000000
7191329.629896 7191329.629896 1.000000
7190757.574120 7190757.574120 1.000000
7191168.997181 7191168.997181 1.000000
7191230.148668 7191230.148668 1.000000
7191633.636176 7191633.636176 1.000000
7191987.945620 7191987.945620 1.000000
7191864.397966 7191864.397966 1.000000
7191952.911799 7191952.911799 1.000000
7191819.296271 7191819.296271 1.000000
7191822.603114 7191822.603114 1.000000
7191647.136031 7191647.136031 1.000000
7190924.230224 7190924.230224 1.000000
7190178.005274 7190178.005274 1.000000
7190338.610057 7190338.610057 1.000000
7190622.123833 7190622.123833 1.000000
7190483.771066 7190483.771066 1.000000
7189745.935198 7189745.935198 1.000000
7189118.608459 7189118.608459 1.000000
7188659.587407 7188659.587407 1.000000
7188460.924196 7188460.924196 1.000000
7188310.291667 7188310.291667 1.000000
7187559.880588 7187559.880588 1.000000
7186910.431525 7186910.431525 1.000000
7186185.803155 7186185.803155 1.000000
7185597.518741 7185597.518741 1.000000
7185755.800925 7185755.800925 1.000000
7184778.815090 7184778.815090 1.000000
7185418.706668 7185418.706668 1.000000
7185768.596971 7185768.596971 1.000000
7185642.891336 7185642.891336 1.000000
7185813.154392 7185813.154392 1.000000
7185984.185609 7185984.185609 1.000000
7185691.907323 7185691.907323 1.000000
7184868.436344 7184868.436344 1.000000
7185433.416506 7185433.416506 1.000000
7184892.480217 7184892.480217 1.000000
7185525.854310 7185525.854310 1.000000
7185970.477334 7185970.477334 1.000000
7186550.579915 7186550.579915 1.000000
7186701.431263 7186701.431263 1.000000
7186835.585357 7186835.585357 1.000000
7187279.538157 7187279.538157 1.000000
7187354.623617 7187354.623617 1.000000
7187333.766614 7187333.766614 1.000000
7187265.189222 7187265.189222 1.000000
7186463.391812 7186463.391812 1.000000
7185710.194277 7185710.194277 1.000000
7185609.804573 7185609.804573 1.000000
7185568.532227 7185568.532227 1.000000
7185324.598874 7185324.598874 1.000000
7185443.290488 7185443.290488 1.000000
7185708.143291 7185708.143291 1.000000
7186196.664274 7186196.664274 1.000000
7186177.555166 7186177.555166 1.000000
7186339.162360 7186339.162360 1.000000
7186233.981119 7186233.981119 1.000000
7186412.137078 7186412.137078 1.000000
7186668.801205 7186668.801205 1.000000
7186388.943984 7186388.943984 1.000000
7185917.570367 7185917.570367 1.000000
7186165.726860 7186165.726860 1.000000
7186046.637555 7186046.637555 1.000000
7185725.805851 7185725.805851 1.000000
7186427.021526 7186427.021526 1.000000
7186756.384510 7186756.384510 1.000000
7185947.653452 7185947.653452 1.000000
7186064.481064 7186064.481064 1.000000
7186543.761520 7186543.761520 1.000000
7186992.420236 7186992.420236 1.000000
7186445.683264 7186445.683264 1.000000
7186739.266671 7186739.266671 1.000000
7186847.628290 7186847.628290 1.000000
7186701.590934 7186701.590934 1.000000
7187354.928952 7187354.928952 1.000000
7187248.194445 7187248.194445 1.000000
7188088.838194 7188088.838194 1.000000
7187406.833240 7187406.833240 1.000000
7187891.907180 7187891.907180 1.000000
7187744.379020 7187744.379020 1.000000
7188627.369466 7188627.369466 1.000000
7189505.291204 7189505.291204 1.000000
7189919.674363 7189919.674363 1.000000
7190034.559392 7190034.559392 1.000000
7189977.319856 7189977.319856 1.000000
7190202.950485 7190202.950485 1.000000
7190094.981384 7190094.981384 1.000000
7189992.356351 7189992.356351 1.000000
7189883.171823 7189883.171823 1.000000
7189644.454517 7189644.454517 1.000000
7189516.341563 7189516.341563 1.000000
7189441.891548 7189441.891548 1.000000
7188913.795469 7188913.795469 1.000000
7189031.857401 7189031.857401 1.000000
7189529.047660 7189529.047660 1.000000
7189706.077752 7189706.077752 1.000000
7189085.701540 7189085.701540 1.000000
7188900.645871 7188900.645871 1.000000
7188013.218893 7188013.218893 1.000000
7187615.826509 7187615.826509 1.000000
7187409.735987 7187409.735987 1.000000
7187100.573907 7187100.573907 1.000000
7186334.546241 7186334.546241 1.000000
7186101.027638 7186101.027638 1.000000
7185997.616515 7185997.616515 1.000000
7185810.156714 7185810.156714 1.000000
7185544.328115 7185544.328115 1.000000
7184845.001940 7184845.001940 1.000000
7184655.415585 7184655.415585 1.000000
7185281.454033 7185281.454033 1.000000
7184642.543774 7184642.543774 1.000000
7185002.855361 7185002.855361 1.000000
7185102.728377 7185102.728377 1.000000
7185892.627670 7185892.627670 1.000000
7186617.843419 7186617.843419 1.000000
7185892.309137 7185892.309137 1.000000
7186072.741580 7186072.741580 1.000000
7186575.292817 7186575.292817 1.000000
7187124.556310 7187124.556310 1.000000
7187467.157977 7187467.157977 1.000000
7187714.943444 7187714.943444 1.000000
7187980.052260 7187980.052260 1.000000
7188070.915865 7188070.915865 1.000000
7188007.036763 7188007.036763 1.000000
7187591.157316 7187591.157316 1.000000
7187173.291652 7187173.291652 1.000000
7186512.440711 7186512.440711 1.000000
7186773.416585 7186773.416585 1.000000
7186623.858584 7186623.858584 1.000000
7186558.642804 7186558.642804 1.000000
7187156.254873 7187156.254873 1.000000
7187344.601179 7187344.601179 1.000000
7186899.242623 7186899.242623 1.000000
7187079.779014 7187079.779014 1.000000
7186863.803276 7186863.803276 1.000000
7187148.266212 7187148.266212 1.000000
7186582.013690 7186582.013690 1.000000
7187147.097332 7187147.097332 1.000000
7187129.518960 7187129.518960 1.000000
7186835.882499 7186835.882499 1.000000
7187341.237152 7187341.237152 1.000000
7188337.787212 7188337.787212 1.000000
7188920.167183 7188920.167183 1.000000
7189273.361208 7189273.361208 1.000000
7189843.673046 7189843.673046 1.000000
7190528.936519 7190528.936519 1.000000
7190843.045183 7190843.045183 1.000000
7191245.080216 7191245.080216 1.000000
7191596.321826 7191596.321826 1.000000
7191285.536644 7191285.536644 1.000000
7190985.885793 7190985.885793 1.000000
7190972.954734 7190972.954734 1.000000
7190296.836264 7190296.836264 1.000000
7190147.705591 7190147.705591 1.000000
7190036.476880 7190036.476880 1.000000
7189899.229901 7189899.229901 1.000000
7189818.169716 7189818.169716 1.000000
7188974.725844 7188974.725844 1.000000
7188830.960987 7188830.960987 1.000000
7188182.828605 7188182.828605 1.000000
7187882.989853 7187882.989853 1.000000
7187272.316793 7187272.316793 1.000000
7186701.741351 7186701.741351 1.000000
7186553.060724 7186553.060724 1.000000
7186340.685151 7186340.685151 1.000000
7186086.224627 7186086.224627 1.000000
7186098.161744 7186098.161744 1.000000
7186093.351177 7186093.351177 1.000000
7186898.630013 7186898.630013 1.000000
7186383.135317 7186383.135317 1.000000
7186157.663635 7186157.663635 1.000000
7185449.832277 7185449.832277 1.000000
7184997.607292 7184997.607292 1.000000
7184822.818102 7184822.818102 1.000000
7184656.808325 7184656.808325 1.000000
7184313.940955 7184313.940955 1.000000
7184555.852881 7184555.852881 1.000000
7184038.329074 7184038.329074 1.000000
7183872.813173 7183872.813173 1.000000
7183351.215829 7183351.215829 1.000000
7183410.456227 7183410.456227 1.000000
7184109.761685 7184109.761685 1.000000
7184000.467417 7184000.467417 1.000000
7184030.387353 7184030.387353 1.000000
7183289.896532 7183289.896532 1.000000
7183774.079045 7183774.079045 1.000000
7183598.882878 7183598.882878 1.000000
7183002.722970 7183002.722970 1.000000
7183660.439686 7183660.439686 1.000000
7183986.974430 7183986.974430 1.000000
7183457.520438 7183457.520438 1.000000
7183884.790954 7183884.790954 1.000000
7184775.823183 7184775.823183 1.000000
7184443.429381 7184443.429381 1.000000
7184407.931760 7184407.931760 1.000000
7183947.092163 7183947.092163 1.000000
7183482.399222 7183482.399222 1.000000
7183808.370233 7183808.370233 1.000000
7184230.972565 7184230.972565 1.000000
7184444.952808 7184444.952808 1.000000
7184620.082373 7184620.082373 1.000000
7183852.133476 7183852.133476 1.000000
7183417.395016 7183417.395016 1.000000
7183290.988243 7183290.988243 1.000000
7182971.407683 7182971.407683 1.000000
7182587.472381 7182587.472381 1.000000
7183028.487932 7183028.487932 1.000000
7183464.968012 7183464.968012 1.000000
7183462.325242 7183462.325242 1.000000
7183746.021448 7183746.021448 1.000000
7183764.059821 7183764.059821 1.000000
7183727.112358 7183727.112358 1.000000
7184280.081094 7184280.081094 1.000000
7184387.859409 7184387.859409 1.000000
7184335.017469 7184335.017469 1.000000
7184823.352088 7184823.352088 1.000000
7185245.613887 7185245.613887 1.000000
7185366.470876 7185366.470876 1.000000
7185244.111402 7185244.111402 1.000000
7185951.966502 7185951.966502 1.000000
7186128.241969 7186128.241969 1.000000
7186223.799757 7186223.799757 1.000000
7186887.596274 7186887.596274 1.000000
7187119.132619 7187119.132619 1.000000
7186856.201426 7186856.201426 1.000000
7186918.626778 7186918.626778 1.000000
7187836.219839 7187836.219839 1.000000
7187937.842837 7187937.842837 1.000000
7186938.245701 7186938.245701 1.000000
7186730.763922 7186730.763922 1.000000
7186375.541559 7186375.541559 1.000000
7186550.719299 7186550.719299 1.000000
7185710.906728 7185710.906728 1.000000
7186529.884426 7186529.884426 1.000000
7186401.636620 7186401.636620 1.000000
7186527.550219 7186527.550219 1.000000
7186651.602090 7186651.602090 1.000000
7186478.700145 7186478.700145 1.000000
7186759.049181 7186759.049181 1.000000
7187209.285917 7187209.285917 1.000000
7186645.811626 7186645.811626 1.000000
7186746.344736 7186746.344736 1.000000
7186249.843648 7186249.843648 1.000000
7185927.240977 7185927.240977 1.000000
7185902.320075 7185902.320075 1.000000
7185771.113244 7185771.113244 1.000000
7185627.940189 7185627.940189 1.000000
7185337.131300 7185337.131300 1.000000
7185185.878217 7185185.878217 1.000000
7185543.210731 7185543.210731 1.000000
7186148.685835 7186148.685835 1.000000
7186730.963159 7186730.963159 1.000000
7187414.651809 7187414.651809 1.000000
7187372.155047 7187372.155047 1.000000
7187680.634166 7187680.634166 1.000000
7187705.291213 7187705.291213 1.000000
7187004.218486 7187004.218486 1.000000
7187068.456192 7187068.456192 1.000000
7186910.451372 7186910.451372 1.000000
7187050.003077 7187050.003077 1.000000
7186239.287181 7186239.287181 1.000000
7185353.510160 7185353.510160 1.000000
7186216.491811 7186216.491811 1.000000
7186178.895919 7186178.895919 1.000000
7186876.076918 7186876.076918 1.000000
7186984.248780 7186984.248780 1.000000
7186258.509258 7186258.509258 1.000000
7186958.103455 7186958.103455 1.000000
7187896.735293 7187896.735293 1.000000
7187919.438527 7187919.438527 1.000000
7188693.372221 7188693.372221 1.000000
7189372.435633 7189372.435633 1.000000
7189475.464406 7189475.464406 1.000000
7189628.479806 7189628.479806 1.000000
7189769.874684 7189769.874684 1.000000
7189896.608490 7189896.608490 1.000000
7189589.186960 7189589.186960 1.000000
7189486.529281 7189486.529281 1.000000
7189052.682981 7189052.682981 1.000000
7189617.910873 7189617.910873 1.000000
7189108.714198 7189108.714198 1.000000
7188899.917057 7188899.917057 1.000000
7189477.438933 7189477.438933 1.000000
7189918.451633 7189918.451633 1.000000
7189435.018361 7189435.018361 1.000000
7188652.496033 7188652.496033 1.000000
7188898.518160 7188898.518160 1.000000
7189463.231205 7189463.231205 1.000000
7190303.143561 7190303.143561 1.000000
7191113.673322 7191113.673322 1.000000
7191879.336922 7191879.336922 1.000000
7192347.073671 7192347.073671 1.000000
7192005.851171 7192005.851171 1.000000
7191470.034241 7191470.034241 1.000000
7192106.474116 7192106.474116 1.000000
7192236.008177 7192236.008177 1.000000
7191495.121057 7191495.121057 1.000000
7191886.222213 7191886.222213 1.000000
7191352.510558 7191352.510558 1.000000
7190439.737982 7190439.737982 1.000000
7190038.947155 7190038.947155 1.000000
7189830.015796 7189830.015796 1.000000
7189609.414062 7189609.414062 1.000000
7189067.203684 7189067.203684 1.000000
7188700.141222 7188700.141222 1.000000
7188546.566618 7188546.566618 1.000000
7188314.661720 7188314.661720 1.000000
7188121.209520 7188121.209520 1.000000
7188430.179565 7188430.179565 1.000000
7187495.484733 7187495.484733 1.000000
7187968.939808 7187968.939808 1.000000
7187852.390749 7187852.390749 1.000000
7187720.738531 7187720.738531 1.000000
7188577.591229 7188577.591229 1.000000
7188400.477531 7188400.477531 1.000000
7188058.340695 7188058.340695 1.000000
7188134.346259 7188134.346259 1.000000
7188726.971349 7188726.971349 1.000000
7189544.695634 7189544.695634 1.000000
7189397.891815 7189397.891815 1.000000
7189645.243692 7189645.243692 1.000000
7189553.245520 7189553.245520 1.000000
7189879.202648 7189879.202648 1.000000
7190105.808001 7190105.808001 1.000000
7190436.879573 7190436.879573 1.000000
7190856.831854 7190856.831854 1.000000
7190270.484381 7190270.484381 1.000000
7189674.738305 7189674.738305 1.000000
7189610.135158 7189610.135158 1.000000
7189432.118930 7189432.118930 1.000000
7189755.474535 7189755.474535 1.000000
7190077.415380 7190077.415380 1.000000
7190317.148028 7190317.148028 1.000000
7190431.604042 7190431.604042 1.000000
7190342.076202 7190342.076202 1.000000
7190458.781306 7190458.781306 1.000000
7190573.283198 7190573.283198 1.000000
7190715.435826 7190715.435826 1.000000
7191635.011483 7191635.011483 1.000000
7192144.574863 7192144.574863 1.000000
7192326.638264 7192326.638264 1.000000
7191713.007855 7191713.007855 1.000000
7191171.196093 7191171.196093 1.000000
7191058.892030 7191058.892030 1.000000
7190922.897138 7190922.897138 1.000000
7190808.617025 7190808.617025 1.000000
7190094.784509 7190094.784509 1.000000
7189791.908338 7189791.908338 1.000000
7189516.625322 7189516.625322 1.000000
7189824.617537 7189824.617537 1.000000
7190466.569708 7190466.569708 1.000000
7189957.851892 7189957.851892 1.000000
7188972.983150 7188972.983150 1.000000
7188559.818028 7188559.818028 1.000000
7187942.378966 7187942.378966 1.000000
7187774.653374 7187774.653374 1.000000
7187905.004712 7187905.004712 1.000000
7188337.645174 7188337.645174 1.000000
7188449.763191 7188449.763191 1.000000
7187721.917757 7187721.917757 1.000000
7187727.756872 7187727.756872 1.000000
7188055.180222 7188055.180222 1.000000
7188190.356773 7188190.356773 1.000000
7188371.024781 7188371.024781 1.000000
7189189.780150 7189189.780150 1.000000
7188984.193620 7188984.193620 1.000000
7189132.182159 7189132.182159 1.000000
7188904.019075 7188904.019075 1.000000
7187974.012115 7187974.012115 1.000000
7188108.970239 7188108.970239 1.000000
7187127.918043 7187127.918043 1.000000
7187860.583182 7187860.583182 1.000000
7187786.718772 7187786.718772 1.000000
7187602.454033 7187602.454033 1.000000
7187431.093887 7187431.093887 1.000000
7186628.980183 7186628.980183 1.000000
7186737.206612 7186737.206612 1.000000
7187620.139881 7187620.139881 1.000000
7188597.426491 7188597.426491 1.000000
7188513.500900 7188513.500900 1.000000
7188347.195373 7188347.195373 1.000000
7188198.261009 7188198.261009 1.000000
7188075.891214 7188075.891214 1.000000
7187459.439429 7187459.439429 1.000000
7187168.744714 7187168.744714 1.000000
7186731.806600 7186731.806600 1.000000
7185759.066951 7185759.066951 1.000000
7185604.908023 7185604.908023 1.000000
7184775.220508 7184775.220508 1.000000
7184033.732417 7184033.732417 1.000000
7183907.422436 7183907.422436 1.000000
7183821.574966 7183821.574966 1.000000
7184092.399373 7184092.399373 1.000000
7184379.642110 7184379.642110 1.000000
7184255.271270 7184255.271270 1.000000
7184252.903872 7184252.903872 1.000000
7183655.122747 7183655.122747 1.000000
7183397.196211 7183397.196211 1.000000
7183532.459930 7183532.459930 1.000000
7183275.962168 7183275.962168 1.000000
7183395.147814 7183395.147814 1.000000
7183357.985036 7183357.985036 1.000000
7183266.801577 7183266.801577 1.000000
7182987.863526 7182987.863526 1.000000
7183974.266521 7183974.266521 1.000000
7183319.965196 7183319.965196 1.000000
7183201.372916 7183201.372916 1.000000
7183186.836694 7183186.836694 1.000000
7182354.210195 7182354.210195 1.000000
7181788.681301 7181788.681301 1.000000
7181654.357419 7181654.357419 1.000000
7182031.651602 7182031.651602 1.000000
7182796.926149 7182796.926149 1.000000
7183167.261080 7183167.261080 1.000000
7183146.183111 7183146.183111 1.000000
7183306.399095 7183306.399095 1.000000
7182955.279786 7182955.279786 1.000000
7182675.092517 7182675.092517 1.000000
7182221.752109 7182221.752109 1.000000
7181379.667368 7181379.667368 1.000000
7181213.487822 7181213.487822 1.000000
7180454.699835 7180454.699835 1.000000
7181437.511442 7181437.511442 1.000000
7181336.362800 7181336.362800 1.000000
7181562.420457 7181562.420457 1.000000
7181850.099345 7181850.099345 1.000000
7182217.741212 7182217.741212 1.000000
7181787.559314 7181787.559314 1.000000
7182098.397336 7182098.397336 1.000000
7181904.138557 7181904.138557 1.000000
7181623.281087 7181623.281087 1.000000
7181855.411535 7181855.411535 1.000000
7181977.511539 7181977.511539 1.000000
7181093.287854 7181093.287854 1.000000
7180775.635634 7180775.635634 1.000000
7180306.881146 7180306.881146 1.000000
7180469.498781 7180469.498781 1.000000
7180837.939472 7180837.939472 1.000000
7181130.567995 7181130.567995 1.000000
7181020.049393 7181020.049393 1.000000
7181188.640811 7181188.640811 1.000000
7182071.307413 7182071.307413 1.000000
7182615.381385 7182615.381385 1.000000
7182990.136840 7182990.136840 1.000000
7182799.084195 7182799.084195 1.000000
7183017.410086 7183017.410086 1.000000
7182892.119007 7182892.119007 1.000000
7182714.365225 7182714.365225 1.000000
7183107.004347 7183107.004347 1.000000
7182966.669895 7182966.669895 1.000000
7183074.803557 7183074.803557 1.000000
7182948.259725 7182948.259725 1.000000
7183375.867026 7183375.867026 1.000000
7183220.285886 7183220.285886 1.000000
7182798.081797 7182798.081797 1.000000
7182927.364615 7182927.364615 1.000000
7182717.116953 7182717.116953 1.000000
7182367.212482 7182367.212482 1.000000
7182829.456716 7182829.456716 1.000000
7182192.419932 7182192.419932 1.000000
7182596.494936 7182596.494936 1.000000
7182465.508261 7182465.508261 1.000000
7182587.247930 7182587.247930 1.000000
7182346.144952 7182346.144952 1.000000
7181441.522207 7181441.522207 1.000000
7181658.953255 7181658.953255 1.000000
7181771.606758 7181771.606758 1.000000
7181660.070712 7181660.070712 1.000000
7181387.512594 7181387.512594 1.000000
7181176.994492 7181176.994492 1.000000
7181039.806705 7181039.806705 1.000000
7180644.648222 7180644.648222 1.000000
7180976.938418 7180976.938418 1.000000
7180857.391954 7180857.391954 1.000000
7180924.780145 7180924.780145 1.000000
7181346.974177 7181346.974177 1.000000
7181187.481342 7181187.481342 1.000000
7181062.795771 7181062.795771 1.000000
7180918.645866 7180918.645866 1.000000
7180791.876877 7180791.876877 1.000000
7179813.156096 7179813.156096 1.000000
7179683.213530 7179683.213530 1.000000
7179531.915550 7179531.915550 1.000000
7179391.441251 7179391.441251 1.000000
7178555.502959 7178555.502959 1.000000
7179128.335785 7179128.335785 1.000000
7179377.154736 7179377.154736 1.000000
7179175.845527 7179175.845527 1.000000
7179593.809988 7179593.809988 1.000000
7179199.030609 7179199.030609 1.000000
7179099.032527 7179099.032527 1.000000
7179329.554303 7179329.554303 1.000000
7178800.072418 7178800.072418 1.000000
7178876.611121 7178876.611121 1.000000
7178424.747642 7178424.747642 1.000000
7177524.118830 7177524.118830 1.000000
7177901.360442 7177901.360442 1.000000
7177693.284066 7177693.284066 1.000000
7177596.878334 7177596.878334 1.000000
7177727.391073 7177727.391073 1.000000
7177689.114265 7177689.114265 1.000000
7177545.090615 7177545.090615 1.000000
7177380.800053 7177380.800053 1.000000
7176957.659350 7176957.659350 1.000000
7177686.915316 7177686.915316 1.000000
7177544.361839 7177544.361839 1.000000
7177955.591643 7177955.591643 1.000000
7178818.400667 7178818.400667 1.000000
7178171.007820 7178171.007820 1.000000
7177525.534100 7177525.534100 1.000000
7177270.380198 7177270.380198 1.000000
7177245.136974 7177245.136974 1.000000
7176303.239449 7176303.239449 1.000000
7175490.139892 7175490.139892 1.000000
7175370.340716 7175370.340716 1.000000
7175217.079364 7175217.079364 1.000000
7175031.106963 7175031.106963 1.000000
7175729.846030 7175729.846030 1.000000
7175114.522921 7175114.522921 1.000000
7175010.632227 7175010.632227 1.000000
7175411.906540 7175411.906540 1.000000
7175252.330697 7175252.330697 1.000000
7175602.987176 7175602.987176 1.000000
7176362.985356 7176362.985356 1.000000
7176169.624741 7176169.624741 1.000000
7176043.085178 7176043.085178 1.000000
7176868.065326 7176868.065326 1.000000
7176686.785854 7176686.785854 1.000000
7175954.220227 7175954.220227 1.000000
7176871.673917 7176871.673917 1.000000
7176700.271383 7176700.271383 1.000000
7177325.768950 7177325.768950 1.000000
7177154.171163 7177154.171163 1.000000
7177180.964136 7177180.964136 1.000000
7177282.232418 7177282.232418 1.000000
7177394.072269 7177394.072269 1.000000
7177611.247455 7177611.247455 1.000000
7176868.459785 7176868.459785 1.000000
7176467.130396 7176467.130396 1.000000
7176864.825580 7176864.825580 1.000000
7176226.200213 7176226.200213 1.000000
7176873.593010 7176873.593010 1.000000
7177301.860921 7177301.860921 1.000000
7177881.724424 7177881.724424 1.000000
7177139.758280 7177139.758280 1.000000
7176367.302561 7176367.302561 1.000000
7175568.066241 7175568.066241 1.000000
7174721.414705 7174721.414705 1.000000
7173826.921039 7173826.921039 1.000000
7172979.876392 7172979.876392 1.000000
7172560.546705 7172560.546705 1.000000
7172860.381112 7172860.381112 1.000000
7172703.519487 7172703.519487 1.000000
7172858.721836 7172858.721836 1.000000
7172330.826431 7172330.826431 1.000000
7171698.769344 7171698.769344 1.000000
7171720.207394 7171720.207394 1.000000
7172087.497754 7172087.497754 1.000000
7172198.430564 7172198.430564 1.000000
7172059.396279 7172059.396279 1.000000
7172043.799618 7172043.799618 1.000000
7171376.810510 7171376.810510 1.000000
7170773.427420 7170773.427420 1.000000
7170628.557252 7170628.557252 1.000000
7170445.074034 7170445.074034 1.000000
7170578.090209 7170578.090209 1.000000
7170790.950616 7170790.950616 1.000000
7171550.742149 7171550.742149 1.000000
7171634.549296 7171634.549296 1.000000
7170769.016297 7170769.016297 1.000000
7170876.683004 7170876.683004 1.000000
7170438.667244 7170438.667244 1.000000
7170317.071236 7170317.071236 1.000000
7169332.325176 7169332.325176 1.000000
7168453.901152 7168453.901152 1.000000
7168325.362020 7168325.362020 1.000000
7167611.896807 7167611.896807 1.000000
7167331.861715 7167331.861715 1.000000
7167030.364195 7167030.364195 1.000000
7166141.372155 7166141.372155 1.000000
7166024.969537 7166024.969537 1.000000
7165900.003926 7165900.003926 1.000000
7165786.197070 7165786.197070 1.000000
7165648.038584 7165648.038584 1.000000
7165222.324056 7165222.324056 1.000000
7164810.846217 7164810.846217 1.000000
7164394.497390 7164394.497390 1.000000
7163984.897405 7163984.897405 1.000000
7163566.774212 7163566.774212 1.000000
7163158.881018 7163158.881018 1.000000
7162743.058855 7162743.058855 1.000000
7162327.592523 7162327.592523 1.000000
7161916.950881 7161916.950881 1.000000
7161511.713023 7161511.713023 1.000000
7161108.105108 7161108.105108 1.000000
7160699.319047 7160699.319047 1.000000
