7157962.235460 7157962.235460 1.000000
7157916.969453 7157916.969453 1.000000
7157881.319276 7157881.319276 1.000000
7157856.135181 7157856.135181 1.000000
7157820.183244 7157820.183244 1.000000
7157786.779325 7157786.779325 1.000000
7157748.563474 7157748.563474 1.000000
7164640.901447 7164640.901447 1.000000
7165076.369384 7165076.369384 1.000000
7165632.887958 7165632.887958 1.000000
7165767.710935 7165767.710935 1.000000
7165889.390793 7165889.390793 1.000000
7166162.864633 7166162.864633 1.000000
7167162.328158 7167162.328158 1.000000
7167304.878112 7167304.878112 1.000000
7167420.406892 7167420.406892 1.000000
7168103.628631 7168103.628631 1.000000
7168481.294930 7168481.294930 1.000000
7169017.657569 7169017.657569 1.000000
7169789.140705 7169789.140705 1.000000
7170437.348980 7170437.348980 1.000000
7171235.005040 7171235.005040 1.000000
7171855.264291 7171855.264291 1.000000
7172539.178487 7172539.178487 1.000000
7173101.030493 7173101.030493 1.000000
7173573.666889 7173573.666889 1.000000
7174113.829231 7174113.829231 1.000000
7174649.734583 7174649.734583 1.000000
7175100.279114 7175100.279114 1.000000
7175411.211805 7175411.211805 1.000000
7175872.140627 7175872.140627 1.000000
7176372.205602 7176372.205602 1.000000
7177129.185300 7177129.185300 1.000000
7177882.183170 7177882.183170 1.000000
7178599.569526 7178599.569526 1.000000
7179263.366452 7179263.366452 1.000000
7179757.789707 7179757.789707 1.000000
7180471.553445 7180471.553445 1.000000
7180827.810700 7180827.810700 1.000000
7181108.055166 7181108.055166 1.000000
7181328.288645 7181328.288645 1.000000
7181931.588012 7181931.588012 1.000000
7182059.596828 7182059.596828 1.000000
7182729.414288 7182729.414288 1.000000
7182755.252374 7182755.252374 1.000000
7182865.918260 7182865.918260 1.000000
7182977.717117 7182977.717117 1.000000
7183124.761618 7183124.761618 1.000000
7182884.261378 7182884.261378 1.000000
7183007.805085 7183007.805085 1.000000
7182844.434151 7182844.434151 1.000000
7182959.616225 7182959.616225 1.000000
7183127.637916 7183127.637916 1.000000
7184014.127028 7184014.127028 1.000000
7184053.250774 7184053.250774 1.000000
7184168.113669 7184168.113669 1.000000
7184305.248147 7184305.248147 1.000000
7184394.745561 7184394.745561 1.000000
7185258.374462 7185258.374462 1.000000
7186055.016430 7186055.016430 1.000000
7186152.164414 7186152.164414 1.000000
7186193.330254 7186193.330254 1.000000
7186979.370805 7186979.370805 1.000000
7187660.264638 7187660.264638 1.000000
7188007.659414 7188007.659414 1.000000
7188138.145074 7188138.145074 1.000000
7188349.840743 7188349.840743 1.000000
7188843.806700 7188843.806700 1.000000
7189619.777329 7189619.777329 1.000000
7190082.244021 7190082.244021 1.000000
7190058.710551 7190058.710551 1.000000
7190161.937489 7190161.937489 1.000000
7190740.015395 7190740.015395 1.000000
7190928.006606 7190928.006606 1.000000
7191440.159570 7191440.159570 1.000000
7192064.305644 7192064.305644 1.000000
7192181.535364 7192181.535364 1.000000
7192287.346895 7192287.346895 1.000000
7191911.718378 7191911.718378 1.000000
7192023.965970 7192023.965970 1.000000
7193005.295550 7193005.295550 1.000000
7193020.314473 7193020.314473 1.000000
7192401.790346 7192401.790346 1.000000
7192013.566680 7192013.566680 1.000000
7192087.985030 7192087.985030 1.000000
7192782.993495 7192782.993495 1.000000
7192917.051362 7192917.051362 1.000000
7193804.893029 7193804.893029 1.000000
7194779.990817 7194779.990817 1.000000
7195561.028404 7195561.028404 1.000000
7195695.818537 7195695.818537 1.000000
7195024.767969 7195024.767969 1.000000
7195341.676911 7195341.676911 1.000000
7163851.454495 7163851.454495 1.000000
7163609.166615 7163609.166615 1.000000
7163242.955444 7163242.955444 1.000000
7163128.311204 7163128.311204 1.000000
7162734.256449 7162734.256449 1.000000
7162348.317702 7162348.317702 1.000000
7161683.175044 7161683.175044 1.000000
7161239.062621 7161239.062621 1.000000
7160494.932224 7160494.932224 1.000000
7159856.750012 7159856.750012 1.000000
7159717.611563 7159717.611563 1.000000
7159331.359054 7159331.359054 1.000000
7158756.506944 7158756.506944 1.000000
7158632.268212 7158632.268212 1.000000
7158501.223642 7158501.223642 1.000000
7158277.206056 7158277.206056 1.000000
7158015.288924 7158015.288924 1.000000
7157824.701898 7157824.701898 1.000000
7157580.455816 7157580.455816 1.000000
7157130.941002 7157130.941002 1.000000
7156696.788436 7156696.788436 1.000000
7156280.699403 7156280.699403 1.000000
7155856.290043 7155856.290043 1.000000
7155222.593525 7155222.593525 1.000000
7154952.091985 7154952.091985 1.000000
7154623.584522 7154623.584522 1.000000
7154124.946062 7154124.946062 1.000000
7153521.321453 7153521.321453 1.000000
7153143.262319 7153143.262319 1.000000
7152616.107389 7152616.107389 1.000000
7152195.631751 7152195.631751 1.000000
7151717.793332 7151717.793332 1.000000
7151101.303574 7151101.303574 1.000000
7150664.072001 7150664.072001 1.000000
7150242.262268 7150242.262268 1.000000
7149889.690517 7149889.690517 1.000000
7149492.428215 7149492.428215 1.000000
7149049.865268 7149049.865268 1.000000
7148739.202845 7148739.202845 1.000000
7148512.056118 7148512.056118 1.000000
7147903.163312 7147903.163312 1.000000
7147623.338076 7147623.338076 1.000000
7147110.847076 7147110.847076 1.000000
7146489.346205 7146489.346205 1.000000
7146023.534602 7146023.534602 1.000000
7145675.604614 7145675.604614 1.000000
7145152.903617 7145152.903617 1.000000
7144671.491530 7144671.491530 1.000000
7144455.859262 7144455.859262 1.000000
7144351.097256 7144351.097256 1.000000
7143935.560430 7143935.560430 1.000000
7143535.227914 7143535.227914 1.000000
7142969.112152 7142969.112152 1.000000
7142547.874074 7142547.874074 1.000000
7142136.164863 7142136.164863 1.000000
7141435.180909 7141435.180909 1.000000
7140751.871178 7140751.871178 1.000000
7140092.788757 7140092.788757 1.000000
7139398.704486 7139398.704486 1.000000
7138871.699749 7138871.699749 1.000000
7138219.383628 7138219.383628 1.000000
7137340.067367 7137340.067367 1.000000
7136690.663150 7136690.663150 1.000000
7135982.801769 7135982.801769 1.000000
7135437.848327 7135437.848327 1.000000
7134847.984576 7134847.984576 1.000000
7134305.010513 7134305.010513 1.000000
7133572.883508 7133572.883508 1.000000
7132900.710614 7132900.710614 1.000000
7132128.745662 7132128.745662 1.000000
7131440.660174 7131440.660174 1.000000
7130683.365516 7130683.365516 1.000000
7130002.355599 7130002.355599 1.000000
7129344.869462 7129344.869462 1.000000
7128642.796201 7128642.796201 1.000000
7128007.725018 7128007.725018 1.000000
7127139.686264 7127139.686264 1.000000
7126355.429826 7126355.429826 1.000000
7125438.839132 7125438.839132 1.000000
7124730.594110 7124730.594110 1.000000
7123895.233434 7123895.233434 1.000000
7123781.180452 7123781.180452 1.000000
7123675.404783 7123675.404783 1.000000
7123212.035561 7123212.035561 1.000000
7123111.615693 7123111.615693 1.000000
7122993.393566 7122993.393566 1.000000
7122093.523080 7122093.523080 1.000000
7121970.163927 7121970.163927 1.000000
7121868.421086 7121868.421086 1.000000
7121163.111751 7121163.111751 1.000000
7121033.538309 7121033.538309 1.000000
7120919.665270 7120919.665270 1.000000
7119929.633480 7119929.633480 1.000000
7119824.050382 7119824.050382 1.000000
7119717.654645 7119717.654645 1.000000
7118833.740318 7118833.740318 1.000000
7118724.887409 7118724.887409 1.000000
7118622.313068 7118622.313068 1.000000
7117723.560765 7117723.560765 1.000000
7117604.684322 7117604.684322 1.000000
7117498.617124 7117498.617124 1.000000
7116567.121436 7116567.121436 1.000000
7116458.675087 7116458.675087 1.000000
7115680.224354 7115680.224354 1.000000
7114789.869612 7114789.869612 1.000000
7114021.563653 7114021.563653 1.000000
7113163.745204 7113163.745204 1.000000
7113062.745662 7113062.745662 1.000000
7112133.788549 7112133.788549 1.000000
7112011.640424 7112011.640424 1.000000
7111909.057407 7111909.057407 1.000000
7111806.391134 7111806.391134 1.000000
7110866.830423 7110866.830423 1.000000
7110763.835868 7110763.835868 1.000000
7109837.387350 7109837.387350 1.000000
7109736.940652 7109736.940652 1.000000
7109625.341038 7109625.341038 1.000000
7109506.372984 7109506.372984 1.000000
7108518.608764 7108518.608764 1.000000
7108409.272317 7108409.272317 1.000000
7108288.567702 7108288.567702 1.000000
7107342.541085 7107342.541085 1.000000
7107233.652651 7107233.652651 1.000000
7107100.222259 7107100.222259 1.000000
7106977.442155 7106977.442155 1.000000
7106847.870264 7106847.870264 1.000000
7106733.115086 7106733.115086 1.000000
7106606.813449 7106606.813449 1.000000
7106484.261583 7106484.261583 1.000000
7106368.248112 7106368.248112 1.000000
7105405.691900 7105405.691900 1.000000
7104415.892372 7104415.892372 1.000000
7104311.332041 7104311.332041 1.000000
7104190.990605 7104190.990605 1.000000
7104077.122720 7104077.122720 1.000000
7103949.961152 7103949.961152 1.000000
7103001.712536 7103001.712536 1.000000
7102875.595865 7102875.595865 1.000000
7102760.398315 7102760.398315 1.000000
7102643.881561 7102643.881561 1.000000
7102543.252959 7102543.252959 1.000000
7102430.994751 7102430.994751 1.000000
7102323.402134 7102323.402134 1.000000
7102221.290343 7102221.290343 1.000000
7102091.797018 7102091.797018 1.000000
7101964.182910 7101964.182910 1.000000
7101843.743901 7101843.743901 1.000000
7101712.401636 7101712.401636 1.000000
7101592.443684 7101592.443684 1.000000
7101478.137221 7101478.137221 1.000000
7101370.504855 7101370.504855 1.000000
7101250.974770 7101250.974770 1.000000
7101130.913694 7101130.913694 1.000000
7101018.754785 7101018.754785 1.000000
7100914.795041 7100914.795041 1.000000
7100781.535965 7100781.535965 1.000000
7100638.645055 7100638.645055 1.000000
7100493.389807 7100493.389807 1.000000
7100345.756180 7100345.756180 1.000000
7100211.310466 7100211.310466 1.000000
7100094.000601 7100094.000601 1.000000
7099148.018151 7099148.018151 1.000000
7098999.939145 7098999.939145 1.000000
7098849.057353 7098849.057353 1.000000
7098733.126363 7098733.126363 1.000000
7098629.450031 7098629.450031 1.000000
7098498.658306 7098498.658306 1.000000
7098397.077850 7098397.077850 1.000000
7098252.252420 7098252.252420 1.000000
7098121.615427 7098121.615427 1.000000
7097996.035913 7097996.035913 1.000000
7097876.558963 7097876.558963 1.000000
7097730.878604 7097730.878604 1.000000
7097601.399678 7097601.399678 1.000000
7097484.806352 7097484.806352 1.000000
7097378.089421 7097378.089421 1.000000
7097228.837840 7097228.837840 1.000000
7097098.551521 7097098.551521 1.000000
7096980.427952 7096980.427952 1.000000
7096837.313243 7096837.313243 1.000000
7096727.063099 7096727.063099 1.000000
7096602.918810 7096602.918810 1.000000
7096472.305742 7096472.305742 1.000000
7096344.227913 7096344.227913 1.000000
7096199.445749 7096199.445749 1.000000
7096088.800356 7096088.800356 1.000000
7095944.455546 7095944.455546 1.000000
7095799.025061 7095799.025061 1.000000
7095691.193753 7095691.193753 1.000000
7095575.770409 7095575.770409 1.000000
7095444.202469 7095444.202469 1.000000
7095303.460818 7095303.460818 1.000000
7095146.698430 7095146.698430 1.000000
7094980.737932 7094980.737932 1.000000
7094836.289113 7094836.289113 1.000000
7094680.313405 7094680.313405 1.000000
7094542.065072 7094542.065072 1.000000
7094379.865382 7094379.865382 1.000000
7094221.055851 7094221.055851 1.000000
7094078.856117 7094078.856117 1.000000
7093947.508096 7093947.508096 1.000000
7093798.764977 7093798.764977 1.000000
7093672.355045 7093672.355045 1.000000
7093526.741368 7093526.741368 1.000000
7093386.482402 7093386.482402 1.000000
7093253.351620 7093253.351620 1.000000
7093110.675533 7093110.675533 1.000000
7092984.542251 7092984.542251 1.000000
7092871.250965 7092871.250965 1.000000
7092747.752013 7092747.752013 1.000000
7092609.887462 7092609.887462 1.000000
7092461.363727 7092461.363727 1.000000
7092330.156875 7092330.156875 1.000000
7092199.032622 7092199.032622 1.000000
7092084.925365 7092084.925365 1.000000
7091964.726439 7091964.726439 1.000000
7091823.803034 7091823.803034 1.000000
7091660.516714 7091660.516714 1.000000
7091524.823353 7091524.823353 1.000000
7091401.320696 7091401.320696 1.000000
7091253.129364 7091253.129364 1.000000
7091118.514142 7091118.514142 1.000000
7090966.326623 7090966.326623 1.000000
7090761.960103 7090761.960103 1.000000
7090625.647251 7090625.647251 1.000000
7089948.643509 7089948.643509 1.000000
7089694.204526 7089694.204526 1.000000
7089136.960230 7089136.960230 1.000000
7088888.793067 7088888.793067 1.000000
7088777.127552 7088777.127552 1.000000
7088628.575349 7088628.575349 1.000000
7088464.612147 7088464.612147 1.000000
7088296.794886 7088296.794886 1.000000
7088151.574836 7088151.574836 1.000000
7087993.619770 7087993.619770 1.000000
7087866.727133 7087866.727133 1.000000
7087755.490791 7087755.490791 1.000000
7087654.916253 7087654.916253 1.000000
7087501.889830 7087501.889830 1.000000
7087356.797656 7087356.797656 1.000000
7087223.971265 7087223.971265 1.000000
7087076.105921 7087076.105921 1.000000
7086948.870360 7086948.870360 1.000000
7086814.496759 7086814.496759 1.000000
7086664.195888 7086664.195888 1.000000
7086509.937711 7086509.937711 1.000000
7086374.866406 7086374.866406 1.000000
7086231.656842 7086231.656842 1.000000
7086038.942921 7086038.942921 1.000000
7085882.902277 7085882.902277 1.000000
7085734.860988 7085734.860988 1.000000
7085569.417778 7085569.417778 1.000000
7085439.318897 7085439.318897 1.000000
7085304.846473 7085304.846473 1.000000
7085122.623421 7085122.623421 1.000000
7084989.212052 7084989.212052 1.000000
7084856.360005 7084856.360005 1.000000
7084690.043154 7084690.043154 1.000000
7084533.359015 7084533.359015 1.000000
7084368.289613 7084368.289613 1.000000
7084247.953270 7084247.953270 1.000000
7084078.480904 7084078.480904 1.000000
7083915.824506 7083915.824506 1.000000
7083779.981659 7083779.981659 1.000000
7083642.347133 7083642.347133 1.000000
7083535.652708 7083535.652708 1.000000
7083410.603085 7083410.603085 1.000000
7163872.922106 7163872.922106 1.000000
7163763.435174 7163763.435174 1.000000
7163659.341834 7163659.341834 1.000000
7163555.659460 7163555.659460 1.000000
7163454.120227 7163454.120227 1.000000
7163345.492672 7163345.492672 1.000000
7163227.175041 7163227.175041 1.000000
7163098.851403 7163098.851403 1.000000
7162995.121555 7162995.121555 1.000000
7162886.064521 7162886.064521 1.000000
7161983.254835 7161983.254835 1.000000
7161057.460964 7161057.460964 1.000000
7160950.721430 7160950.721430 1.000000
7160836.612591 7160836.612591 1.000000
7160735.881493 7160735.881493 1.000000
7159737.091413 7159737.091413 1.000000
7158785.943567 7158785.943567 1.000000
7158681.491742 7158681.491742 1.000000
7158580.127301 7158580.127301 1.000000
7157612.117991 7157612.117991 1.000000
7157497.420850 7157497.420850 1.000000
7157395.814562 7157395.814562 1.000000
7156475.625234 7156475.625234 1.000000
7156361.967084 7156361.967084 1.000000
7156260.918335 7156260.918335 1.000000
7156160.833541 7156160.833541 1.000000
7155392.629867 7155392.629867 1.000000
7155287.575694 7155287.575694 1.000000
7155166.616549 7155166.616549 1.000000
7155055.277060 7155055.277060 1.000000
7154935.515346 7154935.515346 1.000000
7154822.990704 7154822.990704 1.000000
7154692.538010 7154692.538010 1.000000
7164066.747156 7164066.747156 1.000000
7164206.893379 7164206.893379 1.000000
7164246.499103 7164246.499103 1.000000
7164509.485493 7164509.485493 1.000000
7164858.173125 7164858.173125 1.000000
7164980.733127 7164980.733127 1.000000
7165023.252039 7165023.252039 1.000000
7165303.644740 7165303.644740 1.000000
7165601.019837 7165601.019837 1.000000
7165601.416973 7165601.416973 1.000000
7165809.514622 7165809.514622 1.000000
7165948.368036 7165948.368036 1.000000
7165993.329958 7165993.329958 1.000000
7166118.801412 7166118.801412 1.000000
7166340.117025 7166340.117025 1.000000
7166812.621466 7166812.621466 1.000000
7166935.339071 7166935.339071 1.000000
7166725.110541 7166725.110541 1.000000
7167313.394665 7167313.394665 1.000000
7166838.108947 7166838.108947 1.000000
7166847.765629 7166847.765629 1.000000
7166585.860045 7166585.860045 1.000000
7166979.132541 7166979.132541 1.000000
7167049.741726 7167049.741726 1.000000
7167375.172787 7167375.172787 1.000000
7167565.243181 7167565.243181 1.000000
7167771.614271 7167771.614271 1.000000
7168084.572813 7168084.572813 1.000000
7168381.728635 7168381.728635 1.000000
7168490.449572 7168490.449572 1.000000
7168415.804716 7168415.804716 1.000000
7168465.738976 7168465.738976 1.000000
7168587.651446 7168587.651446 1.000000
7168865.790908 7168865.790908 1.000000
7169355.815240 7169355.815240 1.000000
7169356.200145 7169356.200145 1.000000
7169297.138046 7169297.138046 1.000000
7169922.867323 7169922.867323 1.000000
7169685.859174 7169685.859174 1.000000
7170355.399908 7170355.399908 1.000000
7169675.683487 7169675.683487 1.000000
7170215.378509 7170215.378509 1.000000
7169887.762711 7169887.762711 1.000000
7170470.092691 7170470.092691 1.000000
7170611.105670 7170611.105670 1.000000
7170549.976346 7170549.976346 1.000000
7170440.955427 7170440.955427 1.000000
7170364.810486 7170364.810486 1.000000
7171025.371165 7171025.371165 1.000000
7170881.876517 7170881.876517 1.000000
7170826.595289 7170826.595289 1.000000
7171346.400938 7171346.400938 1.000000
7170972.731842 7170972.731842 1.000000
7171170.669680 7171170.669680 1.000000
7171572.141968 7171572.141968 1.000000
7171854.104307 7171854.104307 1.000000
7171611.569853 7171611.569853 1.000000
7172049.047529 7172049.047529 1.000000
7171396.918746 7171396.918746 1.000000
7171634.679652 7171634.679652 1.000000
7171486.157471 7171486.157471 1.000000
7170936.888605 7170936.888605 1.000000
7170138.402428 7170138.402428 1.000000
7170454.096211 7170454.096211 1.000000
7170981.094862 7170981.094862 1.000000
7170861.130369 7170861.130369 1.000000
7171397.135953 7171397.135953 1.000000
7171188.930939 7171188.930939 1.000000
7171314.861871 7171314.861871 1.000000
7171465.918454 7171465.918454 1.000000
7171555.207081 7171555.207081 1.000000
7171684.032703 7171684.032703 1.000000
7171804.375461 7171804.375461 1.000000
7171984.361224 7171984.361224 1.000000
7172123.667865 7172123.667865 1.000000
7172186.498650 7172186.498650 1.000000
7172124.149445 7172124.149445 1.000000
7172127.712655 7172127.712655 1.000000
7172097.787422 7172097.787422 1.000000
7172620.752761 7172620.752761 1.000000
7173026.115251 7173026.115251 1.000000
7172799.071432 7172799.071432 1.000000
7172932.901659 7172932.901659 1.000000
7173471.876447 7173471.876447 1.000000
7173743.761297 7173743.761297 1.000000
7173718.387635 7173718.387635 1.000000
7173643.257146 7173643.257146 1.000000
7173675.978384 7173675.978384 1.000000
7173775.427974 7173775.427974 1.000000
7173878.058794 7173878.058794 1.000000
7174004.286666 7174004.286666 1.000000
7174112.973364 7174112.973364 1.000000
7174123.757595 7174123.757595 1.000000
7174063.931461 7174063.931461 1.000000
7174156.970756 7174156.970756 1.000000
7174286.711606 7174286.711606 1.000000
7174498.199071 7174498.199071 1.000000
7174798.137463 7174798.137463 1.000000
7175076.308887 7175076.308887 1.000000
7175423.714676 7175423.714676 1.000000
7175756.756220 7175756.756220 1.000000
7175972.371681 7175972.371681 1.000000
7176112.549374 7176112.549374 1.000000
7176378.234014 7176378.234014 1.000000
7176558.447415 7176558.447415 1.000000
7176569.913083 7176569.913083 1.000000
7176650.821112 7176650.821112 1.000000
7176772.050117 7176772.050117 1.000000
7176894.341764 7176894.341764 1.000000
7176976.605216 7176976.605216 1.000000
7177086.995317 7177086.995317 1.000000
7177220.339798 7177220.339798 1.000000
7177362.858206 7177362.858206 1.000000
7177525.125780 7177525.125780 1.000000
7177632.926354 7177632.926354 1.000000
7177755.674431 7177755.674431 1.000000
7177852.860104 7177852.860104 1.000000
7177896.594960 7177896.594960 1.000000
7177932.584877 7177932.584877 1.000000
7177901.859288 7177901.859288 1.000000
7177893.144347 7177893.144347 1.000000
7177935.170889 7177935.170889 1.000000
7177984.765196 7177984.765196 1.000000
7178041.729960 7178041.729960 1.000000
7178198.694600 7178198.694600 1.000000
7178417.126129 7178417.126129 1.000000
7178486.112753 7178486.112753 1.000000
7178483.906688 7178483.906688 1.000000
7178705.003130 7178705.003130 1.000000
7178748.858010 7178748.858010 1.000000
7178807.616563 7178807.616563 1.000000
7179015.553879 7179015.553879 1.000000
7179069.273178 7179069.273178 1.000000
7178976.541300 7178976.541300 1.000000
7179142.311358 7179142.311358 1.000000
7179308.429873 7179308.429873 1.000000
7179278.775812 7179278.775812 1.000000
7179463.839685 7179463.839685 1.000000
7179452.198984 7179452.198984 1.000000
7179532.757183 7179532.757183 1.000000
7179705.678214 7179705.678214 1.000000
7180084.771002 7180084.771002 1.000000
7179882.546730 7179882.546730 1.000000
7180195.079472 7180195.079472 1.000000
7180108.098141 7180108.098141 1.000000
7180546.641379 7180546.641379 1.000000
7180491.973275 7180491.973275 1.000000
7180434.028921 7180434.028921 1.000000
7180521.659147 7180521.659147 1.000000
7180834.704858 7180834.704858 1.000000
7181013.961063 7181013.961063 1.000000
7181127.171487 7181127.171487 1.000000
7181277.589871 7181277.589871 1.000000
7181348.280632 7181348.280632 1.000000
7181272.241911 7181272.241911 1.000000
7181141.105700 7181141.105700 1.000000
7181382.774410 7181382.774410 1.000000
7181172.627229 7181172.627229 1.000000
7181520.982227 7181520.982227 1.000000
7181528.240087 7181528.240087 1.000000
7180824.135368 7180824.135368 1.000000
7180351.974253 7180351.974253 1.000000
7180013.653597 7180013.653597 1.000000
7179800.876203 7179800.876203 1.000000
7180321.221986 7180321.221986 1.000000
7180721.516760 7180721.516760 1.000000
7180401.851924 7180401.851924 1.000000
7180729.593131 7180729.593131 1.000000
7180932.149575 7180932.149575 1.000000
7180741.001159 7180741.001159 1.000000
7181261.957165 7181261.957165 1.000000
7180942.176667 7180942.176667 1.000000
7181540.185739 7181540.185739 1.000000
7181327.746618 7181327.746618 1.000000
7181455.823763 7181455.823763 1.000000
7181442.926850 7181442.926850 1.000000
7181517.258416 7181517.258416 1.000000
7181915.558078 7181915.558078 1.000000
7181677.090241 7181677.090241 1.000000
7181566.118638 7181566.118638 1.000000
7181539.489157 7181539.489157 1.000000
7181483.784266 7181483.784266 1.000000
7181576.072047 7181576.072047 1.000000
7182016.442493 7182016.442493 1.000000
7181790.743548 7181790.743548 1.000000
7181777.802304 7181777.802304 1.000000
7182183.886136 7182183.886136 1.000000
7182092.173228 7182092.173228 1.000000
7182011.622924 7182011.622924 1.000000
7182171.831832 7182171.831832 1.000000
7182541.142092 7182541.142092 1.000000
7182666.321833 7182666.321833 1.000000
7182536.038335 7182536.038335 1.000000
7182965.806038 7182965.806038 1.000000
7183260.243831 7183260.243831 1.000000
7183553.989952 7183553.989952 1.000000
7184027.709708 7184027.709708 1.000000
7184035.434739 7184035.434739 1.000000
7184502.773301 7184502.773301 1.000000
7184934.284344 7184934.284344 1.000000
7185471.946940 7185471.946940 1.000000
7186080.156906 7186080.156906 1.000000
7186327.647599 7186327.647599 1.000000
7186313.415407 7186313.415407 1.000000
7186011.661155 7186011.661155 1.000000
7186030.701400 7186030.701400 1.000000
7186737.442943 7186737.442943 1.000000
7186836.097057 7186836.097057 1.000000
7187205.663488 7187205.663488 1.000000
7187719.019783 7187719.019783 1.000000
7187780.549098 7187780.549098 1.000000
7187907.249717 7187907.249717 1.000000
7188597.838117 7188597.838117 1.000000
7188943.086364 7188943.086364 1.000000
7188965.193534 7188965.193534 1.000000
7189295.742041 7189295.742041 1.000000
7188680.385078 7188680.385078 1.000000
7188563.111992 7188563.111992 1.000000
7189039.832555 7189039.832555 1.000000
7189825.138785 7189825.138785 1.000000
7190221.214468 7190221.214468 1.000000
7190330.134509 7190330.134509 1.000000
7190297.705390 7190297.705390 1.000000
7189937.978408 7189937.978408 1.000000
7189562.846420 7189562.846420 1.000000
7189563.478440 7189563.478440 1.000000
7189220.909524 7189220.909524 1.000000
7189022.212370 7189022.212370 1.000000
7188401.361949 7188401.361949 1.000000
7188880.791752 7188880.791752 1.000000
7188754.718413 7188754.718413 1.000000
7188510.659629 7188510.659629 1.000000
7188158.869824 7188158.869824 1.000000
7187830.605250 7187830.605250 1.000000
7187951.871194 7187951.871194 1.000000
7188589.116318 7188589.116318 1.000000
7188994.825215 7188994.825215 1.000000
7189834.526629 7189834.526629 1.000000
7190088.918659 7190088.918659 1.000000
7189972.510546 7189972.510546 1.000000
7190461.558738 7190461.558738 1.000000
7190562.553737 7190562.553737 1.000000
7189975.418016 7189975.418016 1.000000
7190508.940605 7190508.940605 1.000000
7189696.712275 7189696.712275 1.000000
7189873.194503 7189873.194503 1.000000
7188980.883463 7188980.883463 1.000000
7189513.876586 7189513.876586 1.000000
7189687.875269 7189687.875269 1.000000
7189571.544183 7189571.544183 1.000000
7189780.692860 7189780.692860 1.000000
7189125.882062 7189125.882062 1.000000
7188643.077789 7188643.077789 1.000000
7188910.887446 7188910.887446 1.000000
7188793.575349 7188793.575349 1.000000
7189464.224130 7189464.224130 1.000000
7188698.620048 7188698.620048 1.000000
7188753.837956 7188753.837956 1.000000
7188322.960775 7188322.960775 1.000000
7189170.516192 7189170.516192 1.000000
7189643.922462 7189643.922462 1.000000
7189296.008248 7189296.008248 1.000000
7188863.372652 7188863.372652 1.000000
7188669.146241 7188669.146241 1.000000
7188604.859012 7188604.859012 1.000000
7188177.004559 7188177.004559 1.000000
7188252.454525 7188252.454525 1.000000
7188347.289623 7188347.289623 1.000000
7188227.975370 7188227.975370 1.000000
7188523.046432 7188523.046432 1.000000
7188382.046911 7188382.046911 1.000000
7188758.704270 7188758.704270 1.000000
7188734.752691 7188734.752691 1.000000
7188486.781358 7188486.781358 1.000000
7188811.181005 7188811.181005 1.000000
7188451.245433 7188451.245433 1.000000
7188272.679308 7188272.679308 1.000000
