7267880.022358 7267880.022358 1.000000
7267750.273937 7267750.273937 1.000000
7267250.193078 7267250.193078 1.000000
7267968.984659 7267968.984659 1.000000
7268181.749526 7268181.749526 1.000000
7268706.174805 7268706.174805 1.000000
7269233.028726 7269233.028726 1.000000
7269366.505673 7269366.505673 1.000000
7268825.668370 7268825.668370 1.000000
7268879.264484 7268879.264484 1.000000
7268598.416789 7268598.416789 1.000000
7268986.973022 7268986.973022 1.000000
7268569.079545 7268569.079545 1.000000
7268673.027909 7268673.027909 1.000000
7268569.099711 7268569.099711 1.000000
7268312.612797 7268312.612797 1.000000
7268922.592920 7268922.592920 1.000000
7268342.742200 7268342.742200 1.000000
7267940.187904 7267940.187904 1.000000
7268312.745576 7268312.745576 1.000000
7268427.478570 7268427.478570 1.000000
7268817.645822 7268817.645822 1.000000
7268660.687112 7268660.687112 1.000000
7268989.834607 7268989.834607 1.000000
7268736.933550 7268736.933550 1.000000
7268403.934018 7268403.934018 1.000000
7268406.132119 7268406.132119 1.000000
7268352.688333 7268352.688333 1.000000
7267894.611333 7267894.611333 1.000000
7268249.500596 7268249.500596 1.000000
7268238.342656 7268238.342656 1.000000
7267694.518411 7267694.518411 1.000000
7267606.038819 7267606.038819 1.000000
7267559.726347 7267559.726347 1.000000
7267044.723346 7267044.723346 1.000000
7266751.113196 7266751.113196 1.000000
7266602.150185 7266602.150185 1.000000
7266479.284658 7266479.284658 1.000000
7266491.124883 7266491.124883 1.000000
7266138.275639 7266138.275639 1.000000
7266537.593433 7266537.593433 1.000000
7266119.838924 7266119.838924 1.000000
7266559.608048 7266559.608048 1.000000
7266657.535975 7266657.535975 1.000000
7266652.163953 7266652.163953 1.000000
7266794.463739 7266794.463739 1.000000
7266917.300730 7266917.300730 1.000000
7267341.863504 7267341.863504 1.000000
7267038.426786 7267038.426786 1.000000
7266259.103652 7266259.103652 1.000000
7265851.100761 7265851.100761 1.000000
7264952.186253 7264952.186253 1.000000
7264143.478267 7264143.478267 1.000000
7264035.978690 7264035.978690 1.000000
7263323.075395 7263323.075395 1.000000
7263202.171578 7263202.171578 1.000000
7262515.513026 7262515.513026 1.000000
7261965.774407 7261965.774407 1.000000
7261525.135447 7261525.135447 1.000000
7260539.302168 7260539.302168 1.000000
7260525.296579 7260525.296579 1.000000
7259911.846731 7259911.846731 1.000000
7259590.301363 7259590.301363 1.000000
7259431.488670 7259431.488670 1.000000
7258729.490588 7258729.490588 1.000000
7258462.488716 7258462.488716 1.000000
7257903.805097 7257903.805097 1.000000
7258583.495219 7258583.495219 1.000000
7258774.203598 7258774.203598 1.000000
7259463.042211 7259463.042211 1.000000
7259303.578493 7259303.578493 1.000000
7259112.828606 7259112.828606 1.000000
7259255.243252 7259255.243252 1.000000
7258641.335407 7258641.335407 1.000000
7257903.704509 7257903.704509 1.000000
7257593.983679 7257593.983679 1.000000
7257046.178411 7257046.178411 1.000000
7256823.450760 7256823.450760 1.000000
7256400.390559 7256400.390559 1.000000
7257304.537458 7257304.537458 1.000000
7257437.926253 7257437.926253 1.000000
7257271.859249 7257271.859249 1.000000
7256655.055614 7256655.055614 1.000000
7256681.624216 7256681.624216 1.000000
7256926.142632 7256926.142632 1.000000
7256933.859239 7256933.859239 1.000000
7256795.822842 7256795.822842 1.000000
7256655.565600 7256655.565600 1.000000
7256714.603623 7256714.603623 1.000000
7256870.984741 7256870.984741 1.000000
7257386.011725 7257386.011725 1.000000
7257960.029294 7257960.029294 1.000000
7257859.113349 7257859.113349 1.000000
7258226.333582 7258226.333582 1.000000
7257819.299462 7257819.299462 1.000000
7258189.017139 7258189.017139 1.000000
7257936.500019 7257936.500019 1.000000
7257793.466140 7257793.466140 1.000000
7257961.292600 7257961.292600 1.000000
7257458.196686 7257458.196686 1.000000
7256833.846708 7256833.846708 1.000000
7256939.155520 7256939.155520 1.000000
7256693.768777 7256693.768777 1.000000
7256860.626933 7256860.626933 1.000000
7256397.675677 7256397.675677 1.000000
7257064.429895 7257064.429895 1.000000
7257282.274175 7257282.274175 1.000000
7257156.794488 7257156.794488 1.000000
7256986.902761 7256986.902761 1.000000
7257097.885120 7257097.885120 1.000000
7257524.541749 7257524.541749 1.000000
7257212.658865 7257212.658865 1.000000
7257644.690460 7257644.690460 1.000000
7257390.973602 7257390.973602 1.000000
7257563.726442 7257563.726442 1.000000
7257411.181812 7257411.181812 1.000000
7257996.421807 7257996.421807 1.000000
7258045.433464 7258045.433464 1.000000
7258054.028526 7258054.028526 1.000000
7258822.517730 7258822.517730 1.000000
7258332.743696 7258332.743696 1.000000
7258695.958477 7258695.958477 1.000000
7259146.990064 7259146.990064 1.000000
7258564.107843 7258564.107843 1.000000
7258473.869642 7258473.869642 1.000000
7258924.158828 7258924.158828 1.000000
7259722.121551 7259722.121551 1.000000
7260265.428219 7260265.428219 1.000000
7259719.214797 7259719.214797 1.000000
7259025.901749 7259025.901749 1.000000
7258922.441319 7258922.441319 1.000000
7258115.146922 7258115.146922 1.000000
7258229.211178 7258229.211178 1.000000
7257815.734552 7257815.734552 1.000000
7257925.853269 7257925.853269 1.000000
7258047.569711 7258047.569711 1.000000
7258853.572017 7258853.572017 1.000000
7258883.313584 7258883.313584 1.000000
7259318.909507 7259318.909507 1.000000
7259166.222383 7259166.222383 1.000000
7258990.518445 7258990.518445 1.000000
7258701.395000 7258701.395000 1.000000
7258921.266873 7258921.266873 1.000000
7259898.999976 7259898.999976 1.000000
7260381.654984 7260381.654984 1.000000
7260833.043701 7260833.043701 1.000000
7260719.025537 7260719.025537 1.000000
7260447.732406 7260447.732406 1.000000
7260128.788453 7260128.788453 1.000000
7259866.234904 7259866.234904 1.000000
7260653.136879 7260653.136879 1.000000
7260508.526499 7260508.526499 1.000000
7260793.157981 7260793.157981 1.000000
7260380.692335 7260380.692335 1.000000
7259740.435236 7259740.435236 1.000000
7260104.788393 7260104.788393 1.000000
7260001.822311 7260001.822311 1.000000
7260122.634828 7260122.634828 1.000000
7259444.028642 7259444.028642 1.000000
7259545.682571 7259545.682571 1.000000
7259513.891830 7259513.891830 1.000000
7259284.564636 7259284.564636 1.000000
7259656.271415 7259656.271415 1.000000
7259551.061992 7259551.061992 1.000000
7258931.921121 7258931.921121 1.000000
7258373.077007 7258373.077007 1.000000
7258453.056146 7258453.056146 1.000000
7257922.009655 7257922.009655 1.000000
7258031.370476 7258031.370476 1.000000
7257921.654526 7257921.654526 1.000000
7258079.551334 7258079.551334 1.000000
7258198.841408 7258198.841408 1.000000
7258326.020876 7258326.020876 1.000000
7257578.258321 7257578.258321 1.000000
7257455.370282 7257455.370282 1.000000
7257662.252397 7257662.252397 1.000000
7257783.302838 7257783.302838 1.000000
7257930.452123 7257930.452123 1.000000
7258072.340170 7258072.340170 1.000000
7257935.208180 7257935.208180 1.000000
7257802.874371 7257802.874371 1.000000
7257620.939066 7257620.939066 1.000000
7258340.683572 7258340.683572 1.000000
7258002.457907 7258002.457907 1.000000
7257897.866577 7257897.866577 1.000000
7258046.116977 7258046.116977 1.000000
7258693.626551 7258693.626551 1.000000
7259562.568678 7259562.568678 1.000000
7260152.835736 7260152.835736 1.000000
7260555.720613 7260555.720613 1.000000
7261163.919693 7261163.919693 1.000000
7261986.870930 7261986.870930 1.000000
7262167.320333 7262167.320333 1.000000
7261858.936703 7261858.936703 1.000000
7261811.490045 7261811.490045 1.000000
7262041.375343 7262041.375343 1.000000
7262096.589206 7262096.589206 1.000000
7261990.249682 7261990.249682 1.000000
7261025.401449 7261025.401449 1.000000
7261969.607062 7261969.607062 1.000000
7262102.645432 7262102.645432 1.000000
7263013.513166 7263013.513166 1.000000
7263790.075942 7263790.075942 1.000000
7264497.976064 7264497.976064 1.000000
7264085.908012 7264085.908012 1.000000
7263884.777875 7263884.777875 1.000000
7263984.341499 7263984.341499 1.000000
7263663.806950 7263663.806950 1.000000
7263100.498941 7263100.498941 1.000000
7263555.680182 7263555.680182 1.000000
7263678.387233 7263678.387233 1.000000
7263488.304518 7263488.304518 1.000000
7263611.842390 7263611.842390 1.000000
7263490.314040 7263490.314040 1.000000
7263753.283653 7263753.283653 1.000000
7263489.825723 7263489.825723 1.000000
7263647.988847 7263647.988847 1.000000
7263269.044497 7263269.044497 1.000000
7263807.656073 7263807.656073 1.000000
7264094.976677 7264094.976677 1.000000
7264354.174684 7264354.174684 1.000000
7264631.571893 7264631.571893 1.000000
7264346.780094 7264346.780094 1.000000
7263996.041351 7263996.041351 1.000000
7263842.840839 7263842.840839 1.000000
7263944.714208 7263944.714208 1.000000
7264100.842892 7264100.842892 1.000000
7264234.838737 7264234.838737 1.000000
7264042.534807 7264042.534807 1.000000
7263598.271070 7263598.271070 1.000000
7263219.884810 7263219.884810 1.000000
7262930.944407 7262930.944407 1.000000
7263158.489244 7263158.489244 1.000000
7262979.618208 7262979.618208 1.000000
7263107.364368 7263107.364368 1.000000
7262868.325587 7262868.325587 1.000000
7263085.770411 7263085.770411 1.000000
7262778.353528 7262778.353528 1.000000
7263141.545153 7263141.545153 1.000000
7262933.843060 7262933.843060 1.000000
7262783.450733 7262783.450733 1.000000
7262825.629131 7262825.629131 1.000000
7262701.263660 7262701.263660 1.000000
7262028.333011 7262028.333011 1.000000
7262160.341752 7262160.341752 1.000000
7261449.915838 7261449.915838 1.000000
7261161.932863 7261161.932863 1.000000
7261132.088342 7261132.088342 1.000000
7261360.721806 7261360.721806 1.000000
7261073.822043 7261073.822043 1.000000
7261325.224667 7261325.224667 1.000000
7261011.015121 7261011.015121 1.000000
7261941.543479 7261941.543479 1.000000
7261041.730648 7261041.730648 1.000000
7261814.649826 7261814.649826 1.000000
7261537.998441 7261537.998441 1.000000
7261928.551618 7261928.551618 1.000000
7261042.303649 7261042.303649 1.000000
7261015.114548 7261015.114548 1.000000
7260723.739186 7260723.739186 1.000000
7261505.853055 7261505.853055 1.000000
7261014.007486 7261014.007486 1.000000
7261443.876956 7261443.876956 1.000000
7261825.568961 7261825.568961 1.000000
7261709.219220 7261709.219220 1.000000
7261995.921787 7261995.921787 1.000000
7261538.838622 7261538.838622 1.000000
7261892.314466 7261892.314466 1.000000
7261266.724015 7261266.724015 1.000000
7261164.764967 7261164.764967 1.000000
7261763.753909 7261763.753909 1.000000
7261624.512840 7261624.512840 1.000000
7261459.406351 7261459.406351 1.000000
7261829.779844 7261829.779844 1.000000
7262115.703101 7262115.703101 1.000000
7262396.202249 7262396.202249 1.000000
7262053.208891 7262053.208891 1.000000
7261580.384384 7261580.384384 1.000000
7261855.951421 7261855.951421 1.000000
7261538.218707 7261538.218707 1.000000
7261842.732441 7261842.732441 1.000000
7261742.221733 7261742.221733 1.000000
7261576.967199 7261576.967199 1.000000
7261835.153272 7261835.153272 1.000000
7261074.384447 7261074.384447 1.000000
7260837.664972 7260837.664972 1.000000
7260303.358483 7260303.358483 1.000000
7260680.401577 7260680.401577 1.000000
7260838.136763 7260838.136763 1.000000
7261129.761664 7261129.761664 1.000000
7261005.492099 7261005.492099 1.000000
7261948.825768 7261948.825768 1.000000
7262053.660545 7262053.660545 1.000000
7262335.544942 7262335.544942 1.000000
7261939.583071 7261939.583071 1.000000
7261232.411321 7261232.411321 1.000000
7260901.318702 7260901.318702 1.000000
7261348.295694 7261348.295694 1.000000
7261073.592315 7261073.592315 1.000000
7261007.166717 7261007.166717 1.000000
7261096.173854 7261096.173854 1.000000
7260991.899998 7260991.899998 1.000000
7260774.887779 7260774.887779 1.000000
7260671.079393 7260671.079393 1.000000
7260566.326376 7260566.326376 1.000000
7259815.014365 7259815.014365 1.000000
7259704.522496 7259704.522496 1.000000
7258821.964845 7258821.964845 1.000000
7257863.385263 7257863.385263 1.000000
7256960.206196 7256960.206196 1.000000
7256404.418595 7256404.418595 1.000000
7256895.711721 7256895.711721 1.000000
7257058.025274 7257058.025274 1.000000
7256931.205551 7256931.205551 1.000000
7257229.557534 7257229.557534 1.000000
7256255.415324 7256255.415324 1.000000
7255694.140694 7255694.140694 1.000000
7255588.176343 7255588.176343 1.000000
7255018.877436 7255018.877436 1.000000
7254753.035675 7254753.035675 1.000000
7254613.654915 7254613.654915 1.000000
7254372.406943 7254372.406943 1.000000
7254416.906362 7254416.906362 1.000000
7254639.388997 7254639.388997 1.000000
7254164.628712 7254164.628712 1.000000
7253233.853537 7253233.853537 1.000000
7253625.309116 7253625.309116 1.000000
7253239.513896 7253239.513896 1.000000
7252995.379178 7252995.379178 1.000000
7253252.693429 7253252.693429 1.000000
7253451.401846 7253451.401846 1.000000
7253295.358268 7253295.358268 1.000000
7253087.967988 7253087.967988 1.000000
7253214.975086 7253214.975086 1.000000
7253443.688608 7253443.688608 1.000000
7253636.995062 7253636.995062 1.000000
7253849.568979 7253849.568979 1.000000
7254056.194802 7254056.194802 1.000000
7253676.446265 7253676.446265 1.000000
7253838.472309 7253838.472309 1.000000
7254010.247723 7254010.247723 1.000000
7254172.933581 7254172.933581 1.000000
7253936.008506 7253936.008506 1.000000
7254180.095262 7254180.095262 1.000000
7253955.169443 7253955.169443 1.000000
7254072.958094 7254072.958094 1.000000
7254185.310428 7254185.310428 1.000000
7253906.633246 7253906.633246 1.000000
7254067.155229 7254067.155229 1.000000
7255047.086245 7255047.086245 1.000000
7255454.956978 7255454.956978 1.000000
7255404.033882 7255404.033882 1.000000
7255812.616000 7255812.616000 1.000000
7254978.557436 7254978.557436 1.000000
7255197.220443 7255197.220443 1.000000
7255467.929134 7255467.929134 1.000000
7255344.789812 7255344.789812 1.000000
7255746.746100 7255746.746100 1.000000
7255465.245629 7255465.245629 1.000000
7255022.919602 7255022.919602 1.000000
7254461.426949 7254461.426949 1.000000
7254670.066797 7254670.066797 1.000000
7254577.238783 7254577.238783 1.000000
7254722.651328 7254722.651328 1.000000
7254517.150934 7254517.150934 1.000000
7255103.187482 7255103.187482 1.000000
7255409.514364 7255409.514364 1.000000
7254613.488385 7254613.488385 1.000000
7254039.482417 7254039.482417 1.000000
7253810.754795 7253810.754795 1.000000
7253634.910434 7253634.910434 1.000000
7253501.372176 7253501.372176 1.000000
7253620.965059 7253620.965059 1.000000
7254370.103699 7254370.103699 1.000000
7254624.456700 7254624.456700 1.000000
7255098.826186 7255098.826186 1.000000
7255055.260732 7255055.260732 1.000000
7255209.844282 7255209.844282 1.000000
7255571.194222 7255571.194222 1.000000
7255573.107129 7255573.107129 1.000000
7255100.206627 7255100.206627 1.000000
7254725.791075 7254725.791075 1.000000
7254398.494089 7254398.494089 1.000000
7254853.789518 7254853.789518 1.000000
7255707.359421 7255707.359421 1.000000
7255586.695675 7255586.695675 1.000000
7255711.684257 7255711.684257 1.000000
7255450.570420 7255450.570420 1.000000
7255001.378606 7255001.378606 1.000000
7254298.406305 7254298.406305 1.000000
7254571.915366 7254571.915366 1.000000
7255101.394996 7255101.394996 1.000000
7255097.851658 7255097.851658 1.000000
7255572.432229 7255572.432229 1.000000
7256497.497672 7256497.497672 1.000000
7256776.758464 7256776.758464 1.000000
7257629.147800 7257629.147800 1.000000
7258196.746859 7258196.746859 1.000000
7258297.295472 7258297.295472 1.000000
7258203.757192 7258203.757192 1.000000
7258581.732215 7258581.732215 1.000000
7259009.828559 7259009.828559 1.000000
7259119.274017 7259119.274017 1.000000
7259241.473334 7259241.473334 1.000000
7259170.167544 7259170.167544 1.000000
7259778.990067 7259778.990067 1.000000
7259301.709739 7259301.709739 1.000000
7260083.942863 7260083.942863 1.000000
7260050.235548 7260050.235548 1.000000
7259512.562541 7259512.562541 1.000000
7259220.128157 7259220.128157 1.000000
7259018.516361 7259018.516361 1.000000
7259378.086382 7259378.086382 1.000000
7259909.299578 7259909.299578 1.000000
7260561.618235 7260561.618235 1.000000
7261257.852670 7261257.852670 1.000000
7260422.867825 7260422.867825 1.000000
7260183.773097 7260183.773097 1.000000
7260210.578175 7260210.578175 1.000000
7260003.882853 7260003.882853 1.000000
7260137.485946 7260137.485946 1.000000
7260286.694154 7260286.694154 1.000000
7260515.113736 7260515.113736 1.000000
7260754.835924 7260754.835924 1.000000
7260393.831780 7260393.831780 1.000000
7260585.765890 7260585.765890 1.000000
7260813.821532 7260813.821532 1.000000
7260626.792687 7260626.792687 1.000000
7260517.324828 7260517.324828 1.000000
7260554.758417 7260554.758417 1.000000
7260293.021161 7260293.021161 1.000000
7260043.266936 7260043.266936 1.000000
7259400.786582 7259400.786582 1.000000
7258637.662343 7258637.662343 1.000000
7258738.677129 7258738.677129 1.000000
7259366.028111 7259366.028111 1.000000
7259191.307700 7259191.307700 1.000000
7259962.645476 7259962.645476 1.000000
7260106.931658 7260106.931658 1.000000
7260592.063517 7260592.063517 1.000000
7259621.490753 7259621.490753 1.000000
7259826.241009 7259826.241009 1.000000
7260009.322601 7260009.322601 1.000000
7259823.641216 7259823.641216 1.000000
7259582.305211 7259582.305211 1.000000
7259826.172004 7259826.172004 1.000000
7259794.632118 7259794.632118 1.000000
7260257.694980 7260257.694980 1.000000
7260999.405344 7260999.405344 1.000000
7260626.182884 7260626.182884 1.000000
7261002.122457 7261002.122457 1.000000
7260872.160370 7260872.160370 1.000000
7260999.202601 7260999.202601 1.000000
7261123.210515 7261123.210515 1.000000
7260928.088276 7260928.088276 1.000000
7261003.650344 7261003.650344 1.000000
7260796.983154 7260796.983154 1.000000
7260951.349257 7260951.349257 1.000000
7260283.276656 7260283.276656 1.000000
7260392.396841 7260392.396841 1.000000
7260225.010398 7260225.010398 1.000000
7259599.751260 7259599.751260 1.000000
7259809.977423 7259809.977423 1.000000
7260030.689379 7260030.689379 1.000000
7260627.351558 7260627.351558 1.000000
7259815.317499 7259815.317499 1.000000
7259589.725523 7259589.725523 1.000000
7259312.268568 7259312.268568 1.000000
7258945.661615 7258945.661615 1.000000
7258587.321883 7258587.321883 1.000000
7258435.424118 7258435.424118 1.000000
7258033.157234 7258033.157234 1.000000
7257905.086631 7257905.086631 1.000000
7258204.161394 7258204.161394 1.000000
7258083.669415 7258083.669415 1.000000
7258988.404846 7258988.404846 1.000000
7259618.320032 7259618.320032 1.000000
7258693.299101 7258693.299101 1.000000
7258644.594629 7258644.594629 1.000000
7258780.985643 7258780.985643 1.000000
7258883.568974 7258883.568974 1.000000
7258786.178166 7258786.178166 1.000000
7258747.693301 7258747.693301 1.000000
7258742.463775 7258742.463775 1.000000
7259615.989865 7259615.989865 1.000000
7259325.456170 7259325.456170 1.000000
7259044.301935 7259044.301935 1.000000
7259255.163042 7259255.163042 1.000000
7259136.116646 7259136.116646 1.000000
7259290.787141 7259290.787141 1.000000
7259184.590373 7259184.590373 1.000000
7259388.882372 7259388.882372 1.000000
7259378.553082 7259378.553082 1.000000
7258890.009626 7258890.009626 1.000000
7258683.937816 7258683.937816 1.000000
7258702.145104 7258702.145104 1.000000
7258862.647478 7258862.647478 1.000000
7258980.327161 7258980.327161 1.000000
7259222.783249 7259222.783249 1.000000
7258737.934458 7258737.934458 1.000000
7258272.496490 7258272.496490 1.000000
7258187.224662 7258187.224662 1.000000
7258289.644216 7258289.644216 1.000000
7258468.310016 7258468.310016 1.000000
7258419.224767 7258419.224767 1.000000
7258957.121414 7258957.121414 1.000000
7259014.081738 7259014.081738 1.000000
7259124.899464 7259124.899464 1.000000
7259159.526370 7259159.526370 1.000000
7258869.059279 7258869.059279 1.000000
7258822.981659 7258822.981659 1.000000
7258670.593409 7258670.593409 1.000000
7258697.299757 7258697.299757 1.000000
7259410.687493 7259410.687493 1.000000
7259716.157809 7259716.157809 1.000000
7259789.158843 7259789.158843 1.000000
7260182.953931 7260182.953931 1.000000
7260487.247091 7260487.247091 1.000000
7260150.742662 7260150.742662 1.000000
7260810.146285 7260810.146285 1.000000
7260860.619389 7260860.619389 1.000000
7260520.623676 7260520.623676 1.000000
7259704.748063 7259704.748063 1.000000
7259520.683540 7259520.683540 1.000000
7259222.822673 7259222.822673 1.000000
7259109.178128 7259109.178128 1.000000
7258196.922283 7258196.922283 1.000000
7258239.048428 7258239.048428 1.000000
7258616.733502 7258616.733502 1.000000
7258106.203990 7258106.203990 1.000000
7258237.814650 7258237.814650 1.000000
7258670.723297 7258670.723297 1.000000
7258354.564152 7258354.564152 1.000000
7258579.582172 7258579.582172 1.000000
7258459.246934 7258459.246934 1.000000
7257638.148625 7257638.148625 1.000000
7256698.142192 7256698.142192 1.000000
7256559.461584 7256559.461584 1.000000
7257416.843624 7257416.843624 1.000000
7258240.121244 7258240.121244 1.000000
7258088.288116 7258088.288116 1.000000
7257857.942566 7257857.942566 1.000000
7258042.554891 7258042.554891 1.000000
7257912.514539 7257912.514539 1.000000
7257796.137399 7257796.137399 1.000000
7256849.317312 7256849.317312 1.000000
7256281.444393 7256281.444393 1.000000
7256601.033866 7256601.033866 1.000000
7256701.959957 7256701.959957 1.000000
7256047.872183 7256047.872183 1.000000
7255469.856009 7255469.856009 1.000000
7255350.683483 7255350.683483 1.000000
7254669.703681 7254669.703681 1.000000
7254180.434003 7254180.434003 1.000000
7254912.235519 7254912.235519 1.000000
7254504.035842 7254504.035842 1.000000
7254274.888145 7254274.888145 1.000000
7254638.368137 7254638.368137 1.000000
7253814.508034 7253814.508034 1.000000
7254473.212198 7254473.212198 1.000000
7254144.664188 7254144.664188 1.000000
7254987.703701 7254987.703701 1.000000
7254971.046077 7254971.046077 1.000000
7254605.465742 7254605.465742 1.000000
7254772.916372 7254772.916372 1.000000
7255024.865935 7255024.865935 1.000000
7255804.026496 7255804.026496 1.000000
7255729.426394 7255729.426394 1.000000
7255329.105956 7255329.105956 1.000000
7255392.572605 7255392.572605 1.000000
7254921.680702 7254921.680702 1.000000
7255099.418012 7255099.418012 1.000000
7254337.987989 7254337.987989 1.000000
7254423.381511 7254423.381511 1.000000
7254180.196273 7254180.196273 1.000000
7254487.463904 7254487.463904 1.000000
7254301.891003 7254301.891003 1.000000
7253996.807708 7253996.807708 1.000000
7253980.299575 7253980.299575 1.000000
7254286.614189 7254286.614189 1.000000
7254733.999514 7254733.999514 1.000000
7255030.705262 7255030.705262 1.000000
7255207.113585 7255207.113585 1.000000
7255892.436739 7255892.436739 1.000000
7255576.955392 7255576.955392 1.000000
7255857.907137 7255857.907137 1.000000
7256034.173434 7256034.173434 1.000000
7255939.065708 7255939.065708 1.000000
7255842.903267 7255842.903267 1.000000
7255852.878747 7255852.878747 1.000000
7255922.779004 7255922.779004 1.000000
7256519.891452 7256519.891452 1.000000
7256445.221277 7256445.221277 1.000000
7256482.250591 7256482.250591 1.000000
7256182.563449 7256182.563449 1.000000
7255421.101480 7255421.101480 1.000000
7256010.809803 7256010.809803 1.000000
7255947.662936 7255947.662936 1.000000
7255514.829568 7255514.829568 1.000000
7255589.229291 7255589.229291 1.000000
7255350.942263 7255350.942263 1.000000
7255317.886862 7255317.886862 1.000000
7255613.299247 7255613.299247 1.000000
7255582.598039 7255582.598039 1.000000
7256435.772371 7256435.772371 1.000000
7256766.899966 7256766.899966 1.000000
7257052.980021 7257052.980021 1.000000
7256607.541204 7256607.541204 1.000000
7256924.390897 7256924.390897 1.000000
7257175.394299 7257175.394299 1.000000
7257152.906107 7257152.906107 1.000000
7257986.731506 7257986.731506 1.000000
7258500.842327 7258500.842327 1.000000
7258278.798749 7258278.798749 1.000000
7257479.873799 7257479.873799 1.000000
7256918.300358 7256918.300358 1.000000
7257163.591001 7257163.591001 1.000000
7257292.677252 7257292.677252 1.000000
7258281.521693 7258281.521693 1.000000
7257946.912026 7257946.912026 1.000000
7257944.178841 7257944.178841 1.000000
7258183.543862 7258183.543862 1.000000
7258049.530252 7258049.530252 1.000000
7258412.546680 7258412.546680 1.000000
7258646.094709 7258646.094709 1.000000
7258460.813965 7258460.813965 1.000000
7257774.513493 7257774.513493 1.000000
7257691.271097 7257691.271097 1.000000
7257590.023608 7257590.023608 1.000000
7257892.980824 7257892.980824 1.000000
7258185.753225 7258185.753225 1.000000
7257922.008151 7257922.008151 1.000000
7257648.006217 7257648.006217 1.000000
7257468.593797 7257468.593797 1.000000
7257183.581543 7257183.581543 1.000000
7257633.755635 7257633.755635 1.000000
7258010.946720 7258010.946720 1.000000
7258136.107261 7258136.107261 1.000000
7258321.009654 7258321.009654 1.000000
7258463.203420 7258463.203420 1.000000
7258984.956573 7258984.956573 1.000000
7258456.703417 7258456.703417 1.000000
7258525.396596 7258525.396596 1.000000
7258771.699336 7258771.699336 1.000000
7258731.967034 7258731.967034 1.000000
7259438.181725 7259438.181725 1.000000
7258626.939809 7258626.939809 1.000000
7259437.976753 7259437.976753 1.000000
7260285.365474 7260285.365474 1.000000
7261141.170728 7261141.170728 1.000000
7261283.763141 7261283.763141 1.000000
7261001.849221 7261001.849221 1.000000
7261018.875676 7261018.875676 1.000000
7260841.121753 7260841.121753 1.000000
7261101.078962 7261101.078962 1.000000
7261517.515073 7261517.515073 1.000000
7261539.277762 7261539.277762 1.000000
7261453.370738 7261453.370738 1.000000
7261299.494514 7261299.494514 1.000000
7260572.443998 7260572.443998 1.000000
7260203.815531 7260203.815531 1.000000
7260769.600108 7260769.600108 1.000000
7260468.991234 7260468.991234 1.000000
7260661.874721 7260661.874721 1.000000
7260176.581487 7260176.581487 1.000000
7260033.248629 7260033.248629 1.000000
7260627.549938 7260627.549938 1.000000
7260754.363271 7260754.363271 1.000000
7260208.247663 7260208.247663 1.000000
7260702.754690 7260702.754690 1.000000
7260548.676836 7260548.676836 1.000000
7260591.547564 7260591.547564 1.000000
7260618.266373 7260618.266373 1.000000
7260689.448135 7260689.448135 1.000000
7260458.458477 7260458.458477 1.000000
7260859.132631 7260859.132631 1.000000
7260692.691283 7260692.691283 1.000000
7261093.535380 7261093.535380 1.000000
7260744.988681 7260744.988681 1.000000
7260535.009973 7260535.009973 1.000000
7260470.061194 7260470.061194 1.000000
7260288.223373 7260288.223373 1.000000
7260177.672523 7260177.672523 1.000000
7260193.839830 7260193.839830 1.000000
7260312.202430 7260312.202430 1.000000
7260278.361709 7260278.361709 1.000000
7259762.811632 7259762.811632 1.000000
7259405.796691 7259405.796691 1.000000
7259391.244828 7259391.244828 1.000000
7259212.336643 7259212.336643 1.000000
7259184.803973 7259184.803973 1.000000
7259466.925511 7259466.925511 1.000000
7259183.655907 7259183.655907 1.000000
7259443.195199 7259443.195199 1.000000
7259290.160167 7259290.160167 1.000000
7258968.649073 7258968.649073 1.000000
7258978.619712 7258978.619712 1.000000
7258680.381652 7258680.381652 1.000000
7258614.475350 7258614.475350 1.000000
7258706.387699 7258706.387699 1.000000
7258830.704577 7258830.704577 1.000000
7259089.855131 7259089.855131 1.000000
7259240.556004 7259240.556004 1.000000
7259472.271930 7259472.271930 1.000000
7259910.623029 7259910.623029 1.000000
7259731.233642 7259731.233642 1.000000
7259101.965772 7259101.965772 1.000000
7258828.155469 7258828.155469 1.000000
7259435.969964 7259435.969964 1.000000
7260195.501693 7260195.501693 1.000000
7260136.014157 7260136.014157 1.000000
7260307.353843 7260307.353843 1.000000
7260845.367535 7260845.367535 1.000000
7261395.386801 7261395.386801 1.000000
7262070.790861 7262070.790861 1.000000
7261809.664095 7261809.664095 1.000000
7262533.703422 7262533.703422 1.000000
7262696.065920 7262696.065920 1.000000
7263253.771500 7263253.771500 1.000000
7263395.574384 7263395.574384 1.000000
7263054.292367 7263054.292367 1.000000
7263332.302221 7263332.302221 1.000000
7264186.004008 7264186.004008 1.000000
7264380.520945 7264380.520945 1.000000
7264606.074507 7264606.074507 1.000000
7264848.627078 7264848.627078 1.000000
7264970.048809 7264970.048809 1.000000
7264619.066968 7264619.066968 1.000000
7264138.409915 7264138.409915 1.000000
7264289.455413 7264289.455413 1.000000
7264867.829797 7264867.829797 1.000000
7264513.361225 7264513.361225 1.000000
7264644.364184 7264644.364184 1.000000
7264793.693992 7264793.693992 1.000000
7264971.171436 7264971.171436 1.000000
7264885.051998 7264885.051998 1.000000
7264305.726040 7264305.726040 1.000000
7264252.083172 7264252.083172 1.000000
7264132.175616 7264132.175616 1.000000
7264055.508980 7264055.508980 1.000000
7264711.910388 7264711.910388 1.000000
7265099.139619 7265099.139619 1.000000
7265906.922455 7265906.922455 1.000000
7266079.078135 7266079.078135 1.000000
7265887.852457 7265887.852457 1.000000
7265772.543128 7265772.543128 1.000000
7265828.184881 7265828.184881 1.000000
7265110.657866 7265110.657866 1.000000
7264885.186507 7264885.186507 1.000000
7264526.131241 7264526.131241 1.000000
7264329.501272 7264329.501272 1.000000
7264181.878983 7264181.878983 1.000000
7263898.485454 7263898.485454 1.000000
7263775.232656 7263775.232656 1.000000
7263903.246245 7263903.246245 1.000000
7263644.086088 7263644.086088 1.000000
7263736.702724 7263736.702724 1.000000
7263858.198868 7263858.198868 1.000000
7263889.248580 7263889.248580 1.000000
7263781.545880 7263781.545880 1.000000
7263946.871567 7263946.871567 1.000000
7264003.335624 7264003.335624 1.000000
7264320.255654 7264320.255654 1.000000
7264545.258450 7264545.258450 1.000000
7264647.385760 7264647.385760 1.000000
7264249.309328 7264249.309328 1.000000
7264325.213004 7264325.213004 1.000000
7264278.392985 7264278.392985 1.000000
7263948.797855 7263948.797855 1.000000
7264022.489901 7264022.489901 1.000000
7263741.607370 7263741.607370 1.000000
7263721.730211 7263721.730211 1.000000
7263809.399106 7263809.399106 1.000000
7263933.932773 7263933.932773 1.000000
7263656.856197 7263656.856197 1.000000
7263659.537764 7263659.537764 1.000000
7263552.304813 7263552.304813 1.000000
7263219.903185 7263219.903185 1.000000
7263580.940423 7263580.940423 1.000000
7263438.095778 7263438.095778 1.000000
7263314.972341 7263314.972341 1.000000
7264112.485419 7264112.485419 1.000000
7263548.356836 7263548.356836 1.000000
7263010.364884 7263010.364884 1.000000
7262996.705102 7262996.705102 1.000000
7263196.437476 7263196.437476 1.000000
7263245.240986 7263245.240986 1.000000
7263887.087961 7263887.087961 1.000000
7263971.002048 7263971.002048 1.000000
7264387.471428 7264387.471428 1.000000
7264148.378683 7264148.378683 1.000000
7264058.950522 7264058.950522 1.000000
7263940.446338 7263940.446338 1.000000
7263857.164254 7263857.164254 1.000000
7264217.174236 7264217.174236 1.000000
7264117.847344 7264117.847344 1.000000
7264461.978824 7264461.978824 1.000000
7264688.576016 7264688.576016 1.000000
7264206.958072 7264206.958072 1.000000
7264257.025991 7264257.025991 1.000000
7264441.151965 7264441.151965 1.000000
7264147.915000 7264147.915000 1.000000
7264272.625776 7264272.625776 1.000000
7264320.776113 7264320.776113 1.000000
7264579.718479 7264579.718479 1.000000
7264582.406963 7264582.406963 1.000000
7264435.795735 7264435.795735 1.000000
7263779.391634 7263779.391634 1.000000
7263872.673973 7263872.673973 1.000000
7264013.659554 7264013.659554 1.000000
7263407.283777 7263407.283777 1.000000
7262960.141111 7262960.141111 1.000000
7263084.082931 7263084.082931 1.000000
7262913.844864 7262913.844864 1.000000
7262619.079692 7262619.079692 1.000000
7262793.572522 7262793.572522 1.000000
7263340.214255 7263340.214255 1.000000
7262964.468888 7262964.468888 1.000000
7262974.270684 7262974.270684 1.000000
7262630.055992 7262630.055992 1.000000
7262763.435676 7262763.435676 1.000000
7262913.269485 7262913.269485 1.000000
7263196.681009 7263196.681009 1.000000
7262851.300742 7262851.300742 1.000000
7262263.814837 7262263.814837 1.000000
7262445.141324 7262445.141324 1.000000
7262046.664091 7262046.664091 1.000000
7261393.273392 7261393.273392 1.000000
7261617.531857 7261617.531857 1.000000
7260931.026150 7260931.026150 1.000000
7261057.354881 7261057.354881 1.000000
7261181.058091 7261181.058091 1.000000
7261485.713426 7261485.713426 1.000000
7261535.537363 7261535.537363 1.000000
7261565.542155 7261565.542155 1.000000
7261817.108998 7261817.108998 1.000000
7262265.161686 7262265.161686 1.000000
7262152.325043 7262152.325043 1.000000
7261443.577515 7261443.577515 1.000000
7261321.805497 7261321.805497 1.000000
7261526.179419 7261526.179419 1.000000
7261870.016527 7261870.016527 1.000000
7262236.446948 7262236.446948 1.000000
7261238.269291 7261238.269291 1.000000
7261268.385763 7261268.385763 1.000000
7261669.667494 7261669.667494 1.000000
7262579.942212 7262579.942212 1.000000
7262422.970315 7262422.970315 1.000000
7263011.250866 7263011.250866 1.000000
7262456.326527 7262456.326527 1.000000
7262339.920266 7262339.920266 1.000000
7262232.245236 7262232.245236 1.000000
7262115.578581 7262115.578581 1.000000
7261874.553272 7261874.553272 1.000000
7261420.540028 7261420.540028 1.000000
7261855.025183 7261855.025183 1.000000
7261210.517690 7261210.517690 1.000000
7260502.503888 7260502.503888 1.000000
7259951.502779 7259951.502779 1.000000
7259946.032087 7259946.032087 1.000000
7259699.724910 7259699.724910 1.000000
7260208.327192 7260208.327192 1.000000
7260007.626036 7260007.626036 1.000000
7260034.527966 7260034.527966 1.000000
7259775.189040 7259775.189040 1.000000
7258998.928933 7258998.928933 1.000000
7258988.054705 7258988.054705 1.000000
7259205.156186 7259205.156186 1.000000
7258943.299351 7258943.299351 1.000000
7259124.064768 7259124.064768 1.000000
7259580.676925 7259580.676925 1.000000
7259636.731532 7259636.731532 1.000000
7260296.304231 7260296.304231 1.000000
7260204.558792 7260204.558792 1.000000
7260700.393822 7260700.393822 1.000000
7261050.434251 7261050.434251 1.000000
7261059.437148 7261059.437148 1.000000
7260474.791708 7260474.791708 1.000000
7260816.153043 7260816.153043 1.000000
7260919.980955 7260919.980955 1.000000
7260784.468071 7260784.468071 1.000000
7260469.352145 7260469.352145 1.000000
7260972.454930 7260972.454930 1.000000
7260721.304404 7260721.304404 1.000000
7260994.268478 7260994.268478 1.000000
7260848.462655 7260848.462655 1.000000
7260984.771905 7260984.771905 1.000000
7261140.047843 7261140.047843 1.000000
7260707.115610 7260707.115610 1.000000
7260783.071986 7260783.071986 1.000000
7260874.904335 7260874.904335 1.000000
7260773.537826 7260773.537826 1.000000
7260060.432739 7260060.432739 1.000000
7259908.619569 7259908.619569 1.000000
7260240.596846 7260240.596846 1.000000
7259881.716163 7259881.716163 1.000000
7259998.019254 7259998.019254 1.000000
7260192.152269 7260192.152269 1.000000
7260325.296481 7260325.296481 1.000000
7260459.625450 7260459.625450 1.000000
7260657.219812 7260657.219812 1.000000
7261028.580371 7261028.580371 1.000000
7261321.320396 7261321.320396 1.000000
7261512.763671 7261512.763671 1.000000
7261829.797151 7261829.797151 1.000000
7261733.741747 7261733.741747 1.000000
7261199.878260 7261199.878260 1.000000
7260542.846350 7260542.846350 1.000000
7259636.018225 7259636.018225 1.000000
7259761.411514 7259761.411514 1.000000
7258786.197609 7258786.197609 1.000000
7258651.364255 7258651.364255 1.000000
7258896.464727 7258896.464727 1.000000
7259294.600872 7259294.600872 1.000000
7259071.371739 7259071.371739 1.000000
7259255.399216 7259255.399216 1.000000
7258726.848794 7258726.848794 1.000000
7259127.749210 7259127.749210 1.000000
7259837.448209 7259837.448209 1.000000
7259937.458769 7259937.458769 1.000000
7260900.789397 7260900.789397 1.000000
7261316.080696 7261316.080696 1.000000
7261068.471258 7261068.471258 1.000000
7260085.045356 7260085.045356 1.000000
7259828.685784 7259828.685784 1.000000
7260151.241147 7260151.241147 1.000000
7259905.739058 7259905.739058 1.000000
7259308.388618 7259308.388618 1.000000
7259647.357127 7259647.357127 1.000000
7260004.140715 7260004.140715 1.000000
7259019.395576 7259019.395576 1.000000
7258596.689184 7258596.689184 1.000000
7259024.635952 7259024.635952 1.000000
7259342.473452 7259342.473452 1.000000
7259101.932656 7259101.932656 1.000000
7258821.661501 7258821.661501 1.000000
7258596.551748 7258596.551748 1.000000
7259354.494363 7259354.494363 1.000000
7259645.049924 7259645.049924 1.000000
7259996.821659 7259996.821659 1.000000
7260510.991576 7260510.991576 1.000000
7260319.680749 7260319.680749 1.000000
7260128.836642 7260128.836642 1.000000
7260431.923053 7260431.923053 1.000000
7260289.972120 7260289.972120 1.000000
7260143.780880 7260143.780880 1.000000
7260328.680391 7260328.680391 1.000000
7260558.011051 7260558.011051 1.000000
7261460.028628 7261460.028628 1.000000
7261174.294461 7261174.294461 1.000000
7260820.301277 7260820.301277 1.000000
7260797.298403 7260797.298403 1.000000
7259863.304936 7259863.304936 1.000000
7259702.508865 7259702.508865 1.000000
7258967.196354 7258967.196354 1.000000
7258480.409037 7258480.409037 1.000000
7258212.031632 7258212.031632 1.000000
7258016.707455 7258016.707455 1.000000
7257963.681470 7257963.681470 1.000000
7257647.325877 7257647.325877 1.000000
7257220.017062 7257220.017062 1.000000
7257320.862481 7257320.862481 1.000000
7257605.393212 7257605.393212 1.000000
7257721.996893 7257721.996893 1.000000
7256805.514921 7256805.514921 1.000000
7256683.906859 7256683.906859 1.000000
7255902.189785 7255902.189785 1.000000
7256425.160842 7256425.160842 1.000000
7256147.952829 7256147.952829 1.000000
7255515.032527 7255515.032527 1.000000
7255382.725223 7255382.725223 1.000000
7255757.706743 7255757.706743 1.000000
7255902.284858 7255902.284858 1.000000
7255488.905760 7255488.905760 1.000000
7255237.417460 7255237.417460 1.000000
7255554.733683 7255554.733683 1.000000
7255363.359711 7255363.359711 1.000000
7255366.453285 7255366.453285 1.000000
7255514.122270 7255514.122270 1.000000
7255686.085269 7255686.085269 1.000000
7256618.092287 7256618.092287 1.000000
7257577.342253 7257577.342253 1.000000
7258247.019478 7258247.019478 1.000000
7258098.339291 7258098.339291 1.000000
7257683.697038 7257683.697038 1.000000
7258501.755507 7258501.755507 1.000000
7258607.192371 7258607.192371 1.000000
7258010.345573 7258010.345573 1.000000
7258728.761666 7258728.761666 1.000000
7258935.915493 7258935.915493 1.000000
7259064.871001 7259064.871001 1.000000
7258920.998954 7258920.998954 1.000000
7258793.045155 7258793.045155 1.000000
7258986.071519 7258986.071519 1.000000
7258023.928894 7258023.928894 1.000000
7258191.533573 7258191.533573 1.000000
7258316.303243 7258316.303243 1.000000
7259261.604670 7259261.604670 1.000000
7258488.744315 7258488.744315 1.000000
7258375.757314 7258375.757314 1.000000
7258250.853703 7258250.853703 1.000000
7258578.928132 7258578.928132 1.000000
7258044.988470 7258044.988470 1.000000
7258446.062759 7258446.062759 1.000000
7258672.719768 7258672.719768 1.000000
7258932.453399 7258932.453399 1.000000
7259080.642651 7259080.642651 1.000000
7258713.408282 7258713.408282 1.000000
7258896.047897 7258896.047897 1.000000
7258285.434287 7258285.434287 1.000000
7258688.811862 7258688.811862 1.000000
7258974.118064 7258974.118064 1.000000
7259115.768782 7259115.768782 1.000000
7258748.306918 7258748.306918 1.000000
7257771.214839 7257771.214839 1.000000
7257028.181083 7257028.181083 1.000000
7256162.381261 7256162.381261 1.000000
7255545.663636 7255545.663636 1.000000
7255784.346183 7255784.346183 1.000000
7255581.563547 7255581.563547 1.000000
7255883.310968 7255883.310968 1.000000
7256476.454294 7256476.454294 1.000000
7256596.089510 7256596.089510 1.000000
7256540.257267 7256540.257267 1.000000
7256722.410191 7256722.410191 1.000000
7256793.104715 7256793.104715 1.000000
7257706.570996 7257706.570996 1.000000
7257861.838229 7257861.838229 1.000000
7257137.848687 7257137.848687 1.000000
7257572.392300 7257572.392300 1.000000
7257244.716937 7257244.716937 1.000000
7256879.609166 7256879.609166 1.000000
7256557.309438 7256557.309438 1.000000
7255961.839856 7255961.839856 1.000000
7255655.583904 7255655.583904 1.000000
7256106.837843 7256106.837843 1.000000
7256945.903031 7256945.903031 1.000000
7257160.412607 7257160.412607 1.000000
7257320.975825 7257320.975825 1.000000
7257422.457581 7257422.457581 1.000000
7258188.338773 7258188.338773 1.000000
7258348.757636 7258348.757636 1.000000
7258351.900611 7258351.900611 1.000000
7258994.672291 7258994.672291 1.000000
7259416.648298 7259416.648298 1.000000
7258922.835479 7258922.835479 1.000000
7258792.920881 7258792.920881 1.000000
7258344.742560 7258344.742560 1.000000
7258766.230773 7258766.230773 1.000000
7259160.708341 7259160.708341 1.000000
7259399.285821 7259399.285821 1.000000
7259137.858933 7259137.858933 1.000000
7259378.152434 7259378.152434 1.000000
7259667.261617 7259667.261617 1.000000
7259700.792230 7259700.792230 1.000000
7260123.413699 7260123.413699 1.000000
7260468.143115 7260468.143115 1.000000
7260689.913026 7260689.913026 1.000000
7260430.753995 7260430.753995 1.000000
7261113.938230 7261113.938230 1.000000
7261369.200323 7261369.200323 1.000000
7260615.193393 7260615.193393 1.000000
7260982.601006 7260982.601006 1.000000
7261089.092655 7261089.092655 1.000000
7261522.499968 7261522.499968 1.000000
7261328.551001 7261328.551001 1.000000
7261162.002635 7261162.002635 1.000000
7260742.347184 7260742.347184 1.000000
7260666.799528 7260666.799528 1.000000
7260714.780584 7260714.780584 1.000000
7261495.484710 7261495.484710 1.000000
7262388.845781 7262388.845781 1.000000
7262522.896552 7262522.896552 1.000000
7262357.163385 7262357.163385 1.000000
7262576.338237 7262576.338237 1.000000
7262647.294981 7262647.294981 1.000000
7262050.353082 7262050.353082 1.000000
7261468.598536 7261468.598536 1.000000
7260966.785665 7260966.785665 1.000000
7260227.836383 7260227.836383 1.000000
7259632.113453 7259632.113453 1.000000
7259815.762218 7259815.762218 1.000000
7260302.202061 7260302.202061 1.000000
7261086.570639 7261086.570639 1.000000
7261641.827583 7261641.827583 1.000000
7261898.719074 7261898.719074 1.000000
7261873.805118 7261873.805118 1.000000
7261431.084721 7261431.084721 1.000000
7261144.707691 7261144.707691 1.000000
7260927.533480 7260927.533480 1.000000
7260823.069153 7260823.069153 1.000000
7261528.319373 7261528.319373 1.000000
7261648.373246 7261648.373246 1.000000
7261992.701365 7261992.701365 1.000000
7261945.442872 7261945.442872 1.000000
7261823.120288 7261823.120288 1.000000
7261679.462780 7261679.462780 1.000000
7261894.189545 7261894.189545 1.000000
7261709.684035 7261709.684035 1.000000
7262107.054875 7262107.054875 1.000000
7261690.993882 7261690.993882 1.000000
7262111.213569 7262111.213569 1.000000
7261946.289293 7261946.289293 1.000000
7261319.804347 7261319.804347 1.000000
7260686.201485 7260686.201485 1.000000
7260421.801472 7260421.801472 1.000000
7260777.071213 7260777.071213 1.000000
7261126.288835 7261126.288835 1.000000
7260705.518654 7260705.518654 1.000000
7260464.973308 7260464.973308 1.000000
