7300454.595229 7300454.595229 1.000000
7301338.879136 7301338.879136 1.000000
7301725.350706 7301725.350706 1.000000
7302044.585826 7302044.585826 1.000000
7302517.154297 7302517.154297 1.000000
7302895.216649 7302895.216649 1.000000
7303240.093175 7303240.093175 1.000000
7303601.397890 7303601.397890 1.000000
7304172.691942 7304172.691942 1.000000
7304646.949602 7304646.949602 1.000000
7305109.142211 7305109.142211 1.000000
7305464.364752 7305464.364752 1.000000
7305794.351960 7305794.351960 1.000000
7306647.746349 7306647.746349 1.000000
7307197.009284 7307197.009284 1.000000
7307785.703774 7307785.703774 1.000000
7308323.193787 7308323.193787 1.000000
7307613.467870 7307613.467870 1.000000
7307382.269121 7307382.269121 1.000000
7307671.143673 7307671.143673 1.000000
7307456.079090 7307456.079090 1.000000
7306805.082532 7306805.082532 1.000000
7306555.024607 7306555.024607 1.000000
7306301.057489 7306301.057489 1.000000
7306415.159707 7306415.159707 1.000000
7306655.268560 7306655.268560 1.000000
7307467.786908 7307467.786908 1.000000
7308222.835137 7308222.835137 1.000000
7308350.856042 7308350.856042 1.000000
7307924.578882 7307924.578882 1.000000
7307489.003365 7307489.003365 1.000000
7307310.777354 7307310.777354 1.000000
7307534.894120 7307534.894120 1.000000
7307262.120063 7307262.120063 1.000000
7307647.412066 7307647.412066 1.000000
7307487.302461 7307487.302461 1.000000
7307254.648697 7307254.648697 1.000000
7306342.008359 7306342.008359 1.000000
7306219.073065 7306219.073065 1.000000
7306963.459030 7306963.459030 1.000000
7306135.617421 7306135.617421 1.000000
7306551.050667 7306551.050667 1.000000
7306665.408575 7306665.408575 1.000000
7306021.460484 7306021.460484 1.000000
7306190.723997 7306190.723997 1.000000
7306599.831739 7306599.831739 1.000000
7307272.596361 7307272.596361 1.000000
7307150.070387 7307150.070387 1.000000
7306888.227674 7306888.227674 1.000000
7307028.180553 7307028.180553 1.000000
7306924.018004 7306924.018004 1.000000
7307310.909264 7307310.909264 1.000000
7308074.964984 7308074.964984 1.000000
7308188.123326 7308188.123326 1.000000
7307905.638261 7307905.638261 1.000000
7307768.826544 7307768.826544 1.000000
7307585.660768 7307585.660768 1.000000
7307849.868050 7307849.868050 1.000000
7308417.309417 7308417.309417 1.000000
7308194.084737 7308194.084737 1.000000
7307988.569244 7307988.569244 1.000000
7308219.749010 7308219.749010 1.000000
7307416.605857 7307416.605857 1.000000
7307725.866605 7307725.866605 1.000000
7308548.857401 7308548.857401 1.000000
7308184.454578 7308184.454578 1.000000
7307934.602198 7307934.602198 1.000000
7307152.842879 7307152.842879 1.000000
7306702.205047 7306702.205047 1.000000
7306422.200810 7306422.200810 1.000000
7306606.941069 7306606.941069 1.000000
7307599.936946 7307599.936946 1.000000
7307599.936326 7307599.936326 1.000000
7307902.798560 7307902.798560 1.000000
7307734.081457 7307734.081457 1.000000
7308161.067926 7308161.067926 1.000000
7307804.330869 7307804.330869 1.000000
7307962.746792 7307962.746792 1.000000
7308249.327529 7308249.327529 1.000000
7307387.317036 7307387.317036 1.000000
7306853.966439 7306853.966439 1.000000
7307833.266777 7307833.266777 1.000000
7307952.565373 7307952.565373 1.000000
7308672.514197 7308672.514197 1.000000
7308571.591689 7308571.591689 1.000000
7307895.920080 7307895.920080 1.000000
7307885.282236 7307885.282236 1.000000
7307424.922234 7307424.922234 1.000000
7306472.703544 7306472.703544 1.000000
7306218.816243 7306218.816243 1.000000
7306401.233440 7306401.233440 1.000000
7306505.096687 7306505.096687 1.000000
7306217.062312 7306217.062312 1.000000
7306065.552853 7306065.552853 1.000000
7305953.740536 7305953.740536 1.000000
7306061.331468 7306061.331468 1.000000
7306278.821614 7306278.821614 1.000000
7306726.607691 7306726.607691 1.000000
7306934.802876 7306934.802876 1.000000
7307055.134179 7307055.134179 1.000000
7307268.898434 7307268.898434 1.000000
7306777.053129 7306777.053129 1.000000
7306146.511869 7306146.511869 1.000000
7305322.862431 7305322.862431 1.000000
7306184.082058 7306184.082058 1.000000
7306311.754720 7306311.754720 1.000000
7306624.279831 7306624.279831 1.000000
7307256.074903 7307256.074903 1.000000
7307374.975965 7307374.975965 1.000000
7307758.894508 7307758.894508 1.000000
7308176.903313 7308176.903313 1.000000
7307772.013881 7307772.013881 1.000000
7307660.510462 7307660.510462 1.000000
7307382.507214 7307382.507214 1.000000
7307594.510768 7307594.510768 1.000000
7307793.626878 7307793.626878 1.000000
7307573.550393 7307573.550393 1.000000
7307241.730158 7307241.730158 1.000000
7306250.793245 7306250.793245 1.000000
7306425.287353 7306425.287353 1.000000
7307011.472582 7307011.472582 1.000000
7306843.396090 7306843.396090 1.000000
7307181.945756 7307181.945756 1.000000
7306738.085993 7306738.085993 1.000000
7306600.821941 7306600.821941 1.000000
7306334.966891 7306334.966891 1.000000
7306493.643387 7306493.643387 1.000000
7306045.832687 7306045.832687 1.000000
7305931.182119 7305931.182119 1.000000
7306671.396742 7306671.396742 1.000000
7306288.455119 7306288.455119 1.000000
7307987.315642 7307987.315642 1.000000
7307832.640667 7307832.640667 1.000000
7307691.226075 7307691.226075 1.000000
7307263.777447 7307263.777447 1.000000
7307533.635636 7307533.635636 1.000000
7307414.020757 7307414.020757 1.000000
7307583.114685 7307583.114685 1.000000
7307731.057400 7307731.057400 1.000000
7308086.452313 7308086.452313 1.000000
7307811.250845 7307811.250845 1.000000
7308084.352215 7308084.352215 1.000000
7308240.433600 7308240.433600 1.000000
7308819.348509 7308819.348509 1.000000
7306375.663924 7306375.663924 1.000000
7306600.372010 7306600.372010 1.000000
7305008.153161 7305008.153161 1.000000
7305121.728039 7305121.728039 1.000000
7305454.614865 7305454.614865 1.000000
7305638.756334 7305638.756334 1.000000
7305877.358387 7305877.358387 1.000000
7304160.865567 7304160.865567 1.000000
7302307.826181 7302307.826181 1.000000
7300404.415420 7300404.415420 1.000000
7299951.779324 7299951.779324 1.000000
7299664.977638 7299664.977638 1.000000
7299514.291491 7299514.291491 1.000000
7299250.926302 7299250.926302 1.000000
7298321.024724 7298321.024724 1.000000
7297697.508055 7297697.508055 1.000000
7296983.677484 7296983.677484 1.000000
7296823.090504 7296823.090504 1.000000
7297016.452515 7297016.452515 1.000000
7297159.288923 7297159.288923 1.000000
7296965.822468 7296965.822468 1.000000
7297140.758252 7297140.758252 1.000000
7296216.659193 7296216.659193 1.000000
7295758.549391 7295758.549391 1.000000
7295423.865988 7295423.865988 1.000000
7294568.301844 7294568.301844 1.000000
7295092.138551 7295092.138551 1.000000
7295530.282605 7295530.282605 1.000000
7295885.216417 7295885.216417 1.000000
7295745.150133 7295745.150133 1.000000
7295501.548942 7295501.548942 1.000000
7295710.458145 7295710.458145 1.000000
7295457.082810 7295457.082810 1.000000
7295568.826722 7295568.826722 1.000000
7296088.399816 7296088.399816 1.000000
7295777.100885 7295777.100885 1.000000
7295656.898462 7295656.898462 1.000000
7295820.281217 7295820.281217 1.000000
7295938.121215 7295938.121215 1.000000
7296110.613253 7296110.613253 1.000000
7295986.060948 7295986.060948 1.000000
7296357.996454 7296357.996454 1.000000
7296635.364492 7296635.364492 1.000000
7296898.849321 7296898.849321 1.000000
7296995.312905 7296995.312905 1.000000
7297280.864675 7297280.864675 1.000000
7296485.354307 7296485.354307 1.000000
7296035.520988 7296035.520988 1.000000
7296364.345052 7296364.345052 1.000000
7296369.473176 7296369.473176 1.000000
7296619.389777 7296619.389777 1.000000
7297266.111810 7297266.111810 1.000000
7297394.743201 7297394.743201 1.000000
7297052.189729 7297052.189729 1.000000
7296381.816740 7296381.816740 1.000000
7295720.126263 7295720.126263 1.000000
7295834.117700 7295834.117700 1.000000
7296318.585059 7296318.585059 1.000000
7297036.526459 7297036.526459 1.000000
7297286.022482 7297286.022482 1.000000
7297564.256056 7297564.256056 1.000000
7297564.530135 7297564.530135 1.000000
7297372.924919 7297372.924919 1.000000
7297891.087841 7297891.087841 1.000000
7298774.481042 7298774.481042 1.000000
7298890.001477 7298890.001477 1.000000
7299145.219116 7299145.219116 1.000000
7298997.323023 7298997.323023 1.000000
7298528.333459 7298528.333459 1.000000
7298380.476025 7298380.476025 1.000000
7298493.416418 7298493.416418 1.000000
7299475.462549 7299475.462549 1.000000
7299982.493886 7299982.493886 1.000000
7300737.698407 7300737.698407 1.000000
7300995.723224 7300995.723224 1.000000
7300701.159644 7300701.159644 1.000000
7300840.398844 7300840.398844 1.000000
7300680.541200 7300680.541200 1.000000
7300317.165102 7300317.165102 1.000000
7300189.352159 7300189.352159 1.000000
7300538.745007 7300538.745007 1.000000
7301067.766325 7301067.766325 1.000000
7300881.710658 7300881.710658 1.000000
7301422.439312 7301422.439312 1.000000
7301311.806919 7301311.806919 1.000000
7301060.827709 7301060.827709 1.000000
7300819.948164 7300819.948164 1.000000
7300394.104435 7300394.104435 1.000000
7300541.714859 7300541.714859 1.000000
7300333.127064 7300333.127064 1.000000
7300759.125269 7300759.125269 1.000000
7300924.883706 7300924.883706 1.000000
7301577.384939 7301577.384939 1.000000
7302289.564641 7302289.564641 1.000000
7301629.859437 7301629.859437 1.000000
7301743.600341 7301743.600341 1.000000
7301413.399129 7301413.399129 1.000000
7302045.475784 7302045.475784 1.000000
7303004.856848 7303004.856848 1.000000
7302531.579510 7302531.579510 1.000000
7302997.962044 7302997.962044 1.000000
7303912.314472 7303912.314472 1.000000
7304199.812325 7304199.812325 1.000000
7304616.758427 7304616.758427 1.000000
7304616.422279 7304616.422279 1.000000
7304422.644774 7304422.644774 1.000000
7304136.457917 7304136.457917 1.000000
7302843.865394 7302843.865394 1.000000
7302998.118280 7302998.118280 1.000000
7303279.695576 7303279.695576 1.000000
7303122.119356 7303122.119356 1.000000
7303625.019869 7303625.019869 1.000000
7302878.486776 7302878.486776 1.000000
7302551.502497 7302551.502497 1.000000
7302993.201494 7302993.201494 1.000000
7302563.459729 7302563.459729 1.000000
7301894.730025 7301894.730025 1.000000
7302757.746375 7302757.746375 1.000000
7303460.368466 7303460.368466 1.000000
7304181.497461 7304181.497461 1.000000
7304040.764793 7304040.764793 1.000000
7304204.012429 7304204.012429 1.000000
7304348.594494 7304348.594494 1.000000
7304246.471221 7304246.471221 1.000000
7304129.316801 7304129.316801 1.000000
7303767.158610 7303767.158610 1.000000
7304440.710720 7304440.710720 1.000000
7304013.628201 7304013.628201 1.000000
7303567.904666 7303567.904666 1.000000
7303989.226090 7303989.226090 1.000000
7303773.374214 7303773.374214 1.000000
7303637.494926 7303637.494926 1.000000
7303835.498970 7303835.498970 1.000000
7303572.259386 7303572.259386 1.000000
7303390.069098 7303390.069098 1.000000
7302998.944876 7302998.944876 1.000000
7303720.220274 7303720.220274 1.000000
7303469.122968 7303469.122968 1.000000
7303033.698487 7303033.698487 1.000000
7302916.813614 7302916.813614 1.000000
7302763.598561 7302763.598561 1.000000
7303033.317187 7303033.317187 1.000000
7303197.098794 7303197.098794 1.000000
7303094.666870 7303094.666870 1.000000
7302521.468708 7302521.468708 1.000000
7303491.088116 7303491.088116 1.000000
7303324.141832 7303324.141832 1.000000
7303080.091719 7303080.091719 1.000000
7303488.959617 7303488.959617 1.000000
7303282.440784 7303282.440784 1.000000
7303476.204415 7303476.204415 1.000000
7302930.441284 7302930.441284 1.000000
7303187.351849 7303187.351849 1.000000
7303873.479989 7303873.479989 1.000000
7303797.618248 7303797.618248 1.000000
7303979.640486 7303979.640486 1.000000
7303472.330696 7303472.330696 1.000000
7304408.007317 7304408.007317 1.000000
7304164.012547 7304164.012547 1.000000
7304531.589247 7304531.589247 1.000000
7303800.309429 7303800.309429 1.000000
7304410.854215 7304410.854215 1.000000
7304547.394136 7304547.394136 1.000000
7304171.599022 7304171.599022 1.000000
7304325.268634 7304325.268634 1.000000
7303827.899761 7303827.899761 1.000000
7304121.329900 7304121.329900 1.000000
7303996.052171 7303996.052171 1.000000
7304151.852777 7304151.852777 1.000000
7304975.282041 7304975.282041 1.000000
7304942.882727 7304942.882727 1.000000
7304189.303163 7304189.303163 1.000000
7303535.272797 7303535.272797 1.000000
7303782.262779 7303782.262779 1.000000
7303913.807845 7303913.807845 1.000000
7304063.176572 7304063.176572 1.000000
7303760.889595 7303760.889595 1.000000
7302929.013550 7302929.013550 1.000000
7303055.769831 7303055.769831 1.000000
7303797.799559 7303797.799559 1.000000
7303901.649784 7303901.649784 1.000000
7303419.415650 7303419.415650 1.000000
7304073.832583 7304073.832583 1.000000
7303510.821962 7303510.821962 1.000000
7303633.300590 7303633.300590 1.000000
7303320.963138 7303320.963138 1.000000
7303489.096286 7303489.096286 1.000000
7303711.757767 7303711.757767 1.000000
7304037.828586 7304037.828586 1.000000
7303894.725284 7303894.725284 1.000000
7303680.825977 7303680.825977 1.000000
7303824.330350 7303824.330350 1.000000
7303648.049258 7303648.049258 1.000000
7302854.762132 7302854.762132 1.000000
7303029.521416 7303029.521416 1.000000
7303343.135041 7303343.135041 1.000000
7303446.654936 7303446.654936 1.000000
7303576.142614 7303576.142614 1.000000
7303135.841560 7303135.841560 1.000000
7303495.507398 7303495.507398 1.000000
7303054.721944 7303054.721944 1.000000
7303839.801378 7303839.801378 1.000000
7303944.687773 7303944.687773 1.000000
7304148.344680 7304148.344680 1.000000
7303458.117443 7303458.117443 1.000000
7302817.648620 7302817.648620 1.000000
7302918.216593 7302918.216593 1.000000
7303307.144997 7303307.144997 1.000000
7303874.195484 7303874.195484 1.000000
7303497.016729 7303497.016729 1.000000
7303879.382319 7303879.382319 1.000000
7304111.819025 7304111.819025 1.000000
7304224.616285 7304224.616285 1.000000
7303904.963031 7303904.963031 1.000000
7304087.043258 7304087.043258 1.000000
7303923.639602 7303923.639602 1.000000
7303420.851610 7303420.851610 1.000000
7303660.425368 7303660.425368 1.000000
7303812.245555 7303812.245555 1.000000
7303306.336961 7303306.336961 1.000000
7303505.000367 7303505.000367 1.000000
7303951.282844 7303951.282844 1.000000
7303662.526032 7303662.526032 1.000000
7304100.211586 7304100.211586 1.000000
7304268.998083 7304268.998083 1.000000
7304710.134898 7304710.134898 1.000000
7304485.104167 7304485.104167 1.000000
7305078.493109 7305078.493109 1.000000
7305525.887897 7305525.887897 1.000000
7304921.507322 7304921.507322 1.000000
7305034.442822 7305034.442822 1.000000
7304857.817619 7304857.817619 1.000000
7305051.842439 7305051.842439 1.000000
7304929.677046 7304929.677046 1.000000
7304796.612833 7304796.612833 1.000000
7304522.007944 7304522.007944 1.000000
7304712.447433 7304712.447433 1.000000
7304874.677682 7304874.677682 1.000000
7305144.170539 7305144.170539 1.000000
7305425.070445 7305425.070445 1.000000
7305235.914906 7305235.914906 1.000000
7305090.898438 7305090.898438 1.000000
7304644.779634 7304644.779634 1.000000
7305212.968159 7305212.968159 1.000000
7304868.121710 7304868.121710 1.000000
7304498.757517 7304498.757517 1.000000
7305329.753607 7305329.753607 1.000000
7305341.744315 7305341.744315 1.000000
7305919.361646 7305919.361646 1.000000
7306178.954700 7306178.954700 1.000000
7306077.818207 7306077.818207 1.000000
7305361.563242 7305361.563242 1.000000
7305676.799024 7305676.799024 1.000000
7305259.191438 7305259.191438 1.000000
7304800.151814 7304800.151814 1.000000
7305334.742797 7305334.742797 1.000000
7304767.729299 7304767.729299 1.000000
7305542.551751 7305542.551751 1.000000
7305242.562368 7305242.562368 1.000000
7305078.089601 7305078.089601 1.000000
7304594.510873 7304594.510873 1.000000
7304857.788563 7304857.788563 1.000000
7304552.420043 7304552.420043 1.000000
7304683.863381 7304683.863381 1.000000
7304514.583151 7304514.583151 1.000000
7305393.115325 7305393.115325 1.000000
7305535.515673 7305535.515673 1.000000
7306531.224594 7306531.224594 1.000000
7305718.823391 7305718.823391 1.000000
7305351.802064 7305351.802064 1.000000
7305175.705607 7305175.705607 1.000000
7305816.704187 7305816.704187 1.000000
7305536.810100 7305536.810100 1.000000
7306350.942032 7306350.942032 1.000000
7305983.252161 7305983.252161 1.000000
7306441.264740 7306441.264740 1.000000
7307059.398529 7307059.398529 1.000000
7306240.192930 7306240.192930 1.000000
7306496.585820 7306496.585820 1.000000
7306374.997822 7306374.997822 1.000000
7306200.625324 7306200.625324 1.000000
7305696.990515 7305696.990515 1.000000
7305504.855007 7305504.855007 1.000000
7305238.273345 7305238.273345 1.000000
7305184.566600 7305184.566600 1.000000
7305692.283762 7305692.283762 1.000000
7305474.960694 7305474.960694 1.000000
7305800.959641 7305800.959641 1.000000
7305641.248211 7305641.248211 1.000000
7305382.774415 7305382.774415 1.000000
7305256.342378 7305256.342378 1.000000
7305409.842064 7305409.842064 1.000000
7306265.652926 7306265.652926 1.000000
7305876.091982 7305876.091982 1.000000
7306314.240708 7306314.240708 1.000000
7305657.678977 7305657.678977 1.000000
7305100.326972 7305100.326972 1.000000
7305092.466781 7305092.466781 1.000000
7305492.279221 7305492.279221 1.000000
7305290.645603 7305290.645603 1.000000
7305658.375869 7305658.375869 1.000000
7305305.801613 7305305.801613 1.000000
7305105.640660 7305105.640660 1.000000
7305256.971725 7305256.971725 1.000000
7304386.308571 7304386.308571 1.000000
7305332.234668 7305332.234668 1.000000
7305166.682508 7305166.682508 1.000000
7304910.815629 7304910.815629 1.000000
7304688.433205 7304688.433205 1.000000
7305044.328511 7305044.328511 1.000000
7305216.053700 7305216.053700 1.000000
7305766.098597 7305766.098597 1.000000
7306233.086402 7306233.086402 1.000000
7305334.412113 7305334.412113 1.000000
7305648.130580 7305648.130580 1.000000
7305484.512036 7305484.512036 1.000000
7306370.689708 7306370.689708 1.000000
7306038.094657 7306038.094657 1.000000
7305879.950651 7305879.950651 1.000000
7305312.137769 7305312.137769 1.000000
7305104.533058 7305104.533058 1.000000
7304946.685107 7304946.685107 1.000000
7305105.061849 7305105.061849 1.000000
7304827.399781 7304827.399781 1.000000
7305112.624678 7305112.624678 1.000000
7305332.810254 7305332.810254 1.000000
7305120.526462 7305120.526462 1.000000
7305407.469182 7305407.469182 1.000000
7305136.709197 7305136.709197 1.000000
7305425.174676 7305425.174676 1.000000
7305753.334972 7305753.334972 1.000000
7305161.130268 7305161.130268 1.000000
7306026.698524 7306026.698524 1.000000
7306186.187282 7306186.187282 1.000000
7305930.723677 7305930.723677 1.000000
7306452.805098 7306452.805098 1.000000
7305677.348548 7305677.348548 1.000000
7305390.924997 7305390.924997 1.000000
7304628.459577 7304628.459577 1.000000
7305429.031695 7305429.031695 1.000000
7305663.122247 7305663.122247 1.000000
7305407.067157 7305407.067157 1.000000
7305508.984328 7305508.984328 1.000000
7305486.804437 7305486.804437 1.000000
7305161.356595 7305161.356595 1.000000
7306049.293077 7306049.293077 1.000000
7305201.902931 7305201.902931 1.000000
7305590.236122 7305590.236122 1.000000
7305928.715270 7305928.715270 1.000000
7306656.350735 7306656.350735 1.000000
7306531.936617 7306531.936617 1.000000
7306116.643992 7306116.643992 1.000000
7306315.628550 7306315.628550 1.000000
7306419.529962 7306419.529962 1.000000
7306010.631979 7306010.631979 1.000000
7305831.490029 7305831.490029 1.000000
7305282.459106 7305282.459106 1.000000
7305996.257443 7305996.257443 1.000000
7306983.537099 7306983.537099 1.000000
7306074.353784 7306074.353784 1.000000
7306200.342197 7306200.342197 1.000000
7306538.708169 7306538.708169 1.000000
7306263.057797 7306263.057797 1.000000
7306411.745193 7306411.745193 1.000000
7306785.643975 7306785.643975 1.000000
7306071.618259 7306071.618259 1.000000
7306326.137810 7306326.137810 1.000000
7306140.441043 7306140.441043 1.000000
7306787.807398 7306787.807398 1.000000
7307049.870859 7307049.870859 1.000000
7306818.649004 7306818.649004 1.000000
7305862.837789 7305862.837789 1.000000
7305530.174132 7305530.174132 1.000000
7305864.829304 7305864.829304 1.000000
7305075.655449 7305075.655449 1.000000
7304656.904555 7304656.904555 1.000000
7305021.382872 7305021.382872 1.000000
7304662.557853 7304662.557853 1.000000
7305361.396513 7305361.396513 1.000000
7305780.538346 7305780.538346 1.000000
7306125.011572 7306125.011572 1.000000
7307025.888751 7307025.888751 1.000000
7307307.305264 7307307.305264 1.000000
7304794.996188 7304794.996188 1.000000
7303876.282538 7303876.282538 1.000000
7303476.617143 7303476.617143 1.000000
7304298.746624 7304298.746624 1.000000
7305930.196300 7305930.196300 1.000000
7305789.963459 7305789.963459 1.000000
7306124.057866 7306124.057866 1.000000
7306597.934337 7306597.934337 1.000000
7306497.918919 7306497.918919 1.000000
7306387.461990 7306387.461990 1.000000
7307094.257708 7307094.257708 1.000000
7307412.132564 7307412.132564 1.000000
7306815.233366 7306815.233366 1.000000
7307240.333698 7307240.333698 1.000000
7306453.666744 7306453.666744 1.000000
7307245.332908 7307245.332908 1.000000
7307259.232465 7307259.232465 1.000000
7307417.457039 7307417.457039 1.000000
7308036.595483 7308036.595483 1.000000
7307772.171054 7307772.171054 1.000000
7307464.207957 7307464.207957 1.000000
7307246.445461 7307246.445461 1.000000
7307132.881711 7307132.881711 1.000000
7307244.559246 7307244.559246 1.000000
7308180.001977 7308180.001977 1.000000
7308956.869641 7308956.869641 1.000000
7308725.407499 7308725.407499 1.000000
7308526.504635 7308526.504635 1.000000
7308183.282699 7308183.282699 1.000000
7308049.631877 7308049.631877 1.000000
7307959.910054 7307959.910054 1.000000
7307497.479792 7307497.479792 1.000000
7307388.975446 7307388.975446 1.000000
7307255.833901 7307255.833901 1.000000
7306650.927878 7306650.927878 1.000000
7306985.206484 7306985.206484 1.000000
7306749.355091 7306749.355091 1.000000
7306931.657846 7306931.657846 1.000000
7306549.003113 7306549.003113 1.000000
7306785.404118 7306785.404118 1.000000
7307793.830280 7307793.830280 1.000000
7307483.960900 7307483.960900 1.000000
7307286.005176 7307286.005176 1.000000
7307884.602187 7307884.602187 1.000000
7307498.169306 7307498.169306 1.000000
7307498.166732 7307498.166732 1.000000
7307386.373775 7307386.373775 1.000000
7307830.110090 7307830.110090 1.000000
7307593.735335 7307593.735335 1.000000
7308088.490415 7308088.490415 1.000000
7308202.670639 7308202.670639 1.000000
7308062.284662 7308062.284662 1.000000
7308017.173933 7308017.173933 1.000000
7308156.358679 7308156.358679 1.000000
7307949.635772 7307949.635772 1.000000
7308209.176863 7308209.176863 1.000000
7308573.456181 7308573.456181 1.000000
7308461.087590 7308461.087590 1.000000
7307895.261304 7307895.261304 1.000000
7307565.631059 7307565.631059 1.000000
7307408.358463 7307408.358463 1.000000
7306909.898383 7306909.898383 1.000000
7306045.971040 7306045.971040 1.000000
7305669.576338 7305669.576338 1.000000
7305850.255223 7305850.255223 1.000000
7306437.587007 7306437.587007 1.000000
7306643.665724 7306643.665724 1.000000
7306848.648977 7306848.648977 1.000000
7307149.849526 7307149.849526 1.000000
7306267.139385 7306267.139385 1.000000
7306524.306845 7306524.306845 1.000000
7306470.937785 7306470.937785 1.000000
7307060.803151 7307060.803151 1.000000
7306607.878725 7306607.878725 1.000000
7306780.418263 7306780.418263 1.000000
7307431.544660 7307431.544660 1.000000
7306916.361825 7306916.361825 1.000000
7307077.991089 7307077.991089 1.000000
7307445.674729 7307445.674729 1.000000
7307558.612675 7307558.612675 1.000000
7306749.954864 7306749.954864 1.000000
7306866.907931 7306866.907931 1.000000
7306972.873550 7306972.873550 1.000000
7307109.779317 7307109.779317 1.000000
7307812.266551 7307812.266551 1.000000
7308017.394382 7308017.394382 1.000000
7307368.093771 7307368.093771 1.000000
7306778.676001 7306778.676001 1.000000
7306897.976546 7306897.976546 1.000000
7306526.319539 7306526.319539 1.000000
7306217.530161 7306217.530161 1.000000
7306218.094808 7306218.094808 1.000000
7306388.472409 7306388.472409 1.000000
7306517.976087 7306517.976087 1.000000
7306775.463183 7306775.463183 1.000000
7306927.034910 7306927.034910 1.000000
7305931.435299 7305931.435299 1.000000
7306174.594948 7306174.594948 1.000000
7306614.437742 7306614.437742 1.000000
7306345.448829 7306345.448829 1.000000
7306114.074713 7306114.074713 1.000000
7306916.315505 7306916.315505 1.000000
7307018.040830 7307018.040830 1.000000
7307603.164712 7307603.164712 1.000000
7307201.263689 7307201.263689 1.000000
7307662.579059 7307662.579059 1.000000
7307942.091971 7307942.091971 1.000000
7308679.532787 7308679.532787 1.000000
7308570.912402 7308570.912402 1.000000
7309116.471391 7309116.471391 1.000000
7308858.868102 7308858.868102 1.000000
7308684.242431 7308684.242431 1.000000
7308426.911095 7308426.911095 1.000000
7307885.110843 7307885.110843 1.000000
7307414.405816 7307414.405816 1.000000
7307236.406186 7307236.406186 1.000000
7307349.828534 7307349.828534 1.000000
7307615.215374 7307615.215374 1.000000
7307592.690343 7307592.690343 1.000000
7306812.217452 7306812.217452 1.000000
7306662.192937 7306662.192937 1.000000
7306366.711520 7306366.711520 1.000000
7306681.149637 7306681.149637 1.000000
7307333.318920 7307333.318920 1.000000
7307456.046466 7307456.046466 1.000000
7307240.282417 7307240.282417 1.000000
7307789.850794 7307789.850794 1.000000
7306988.848134 7306988.848134 1.000000
7307862.156954 7307862.156954 1.000000
7308161.930892 7308161.930892 1.000000
7308707.994569 7308707.994569 1.000000
7307995.375750 7307995.375750 1.000000
7307592.092997 7307592.092997 1.000000
7307928.895216 7307928.895216 1.000000
7307687.621351 7307687.621351 1.000000
7307197.624866 7307197.624866 1.000000
7306600.963317 7306600.963317 1.000000
7306372.856951 7306372.856951 1.000000
7306473.363694 7306473.363694 1.000000
7306968.961321 7306968.961321 1.000000
7307230.901326 7307230.901326 1.000000
7306971.534043 7306971.534043 1.000000
7307376.023975 7307376.023975 1.000000
7307920.332915 7307920.332915 1.000000
7307631.865151 7307631.865151 1.000000
7307346.443795 7307346.443795 1.000000
7307175.720647 7307175.720647 1.000000
7307506.904960 7307506.904960 1.000000
7307711.301379 7307711.301379 1.000000
7308573.160681 7308573.160681 1.000000
7308440.733161 7308440.733161 1.000000
7308451.657830 7308451.657830 1.000000
7307909.003490 7307909.003490 1.000000
7308412.739801 7308412.739801 1.000000
7309188.895623 7309188.895623 1.000000
7308970.239866 7308970.239866 1.000000
7308843.451077 7308843.451077 1.000000
7308067.940359 7308067.940359 1.000000
7308995.942713 7308995.942713 1.000000
7308825.248154 7308825.248154 1.000000
7308699.976106 7308699.976106 1.000000
7309177.455722 7309177.455722 1.000000
7308927.234009 7308927.234009 1.000000
7309505.775114 7309505.775114 1.000000
7309822.436205 7309822.436205 1.000000
7309718.409727 7309718.409727 1.000000
7309456.428748 7309456.428748 1.000000
7309238.772740 7309238.772740 1.000000
7308783.427234 7308783.427234 1.000000
7307954.259597 7307954.259597 1.000000
7307698.722100 7307698.722100 1.000000
7307846.358743 7307846.358743 1.000000
7308180.661080 7308180.661080 1.000000
7307826.698032 7307826.698032 1.000000
7308294.658258 7308294.658258 1.000000
7307695.138835 7307695.138835 1.000000
7308147.250926 7308147.250926 1.000000
7309361.131294 7309361.131294 1.000000
7308383.752857 7308383.752857 1.000000
7308116.335804 7308116.335804 1.000000
7307732.376905 7307732.376905 1.000000
7308273.018736 7308273.018736 1.000000
7308785.928553 7308785.928553 1.000000
7308563.808136 7308563.808136 1.000000
7308370.459906 7308370.459906 1.000000
7307663.356686 7307663.356686 1.000000
7308043.952692 7308043.952692 1.000000
7307810.852525 7307810.852525 1.000000
7307321.517563 7307321.517563 1.000000
7308154.794724 7308154.794724 1.000000
7307834.055999 7307834.055999 1.000000
7308090.089495 7308090.089495 1.000000
7307473.493252 7307473.493252 1.000000
7306829.440294 7306829.440294 1.000000
7307477.694645 7307477.694645 1.000000
7307952.784714 7307952.784714 1.000000
7308880.911265 7308880.911265 1.000000
7309152.519236 7309152.519236 1.000000
7308972.723076 7308972.723076 1.000000
7308811.415602 7308811.415602 1.000000
7308582.302539 7308582.302539 1.000000
7308780.872336 7308780.872336 1.000000
7308211.375194 7308211.375194 1.000000
7308040.376438 7308040.376438 1.000000
7308504.068391 7308504.068391 1.000000
7308952.887413 7308952.887413 1.000000
7308699.330507 7308699.330507 1.000000
7308417.811730 7308417.811730 1.000000
7307910.508302 7307910.508302 1.000000
7307549.290627 7307549.290627 1.000000
7308230.902000 7308230.902000 1.000000
7308175.362774 7308175.362774 1.000000
7307943.185179 7307943.185179 1.000000
7307211.129736 7307211.129736 1.000000
7307044.135741 7307044.135741 1.000000
7307154.028185 7307154.028185 1.000000
7307792.584171 7307792.584171 1.000000
7307673.339175 7307673.339175 1.000000
7308066.063206 7308066.063206 1.000000
7307774.171463 7307774.171463 1.000000
7307090.272212 7307090.272212 1.000000
7307900.335608 7307900.335608 1.000000
7307727.052960 7307727.052960 1.000000
7308687.867105 7308687.867105 1.000000
7308877.999121 7308877.999121 1.000000
7308400.985535 7308400.985535 1.000000
7308701.640763 7308701.640763 1.000000
7308600.253478 7308600.253478 1.000000
7309273.584612 7309273.584612 1.000000
7309565.945406 7309565.945406 1.000000
7309429.326795 7309429.326795 1.000000
7308630.441143 7308630.441143 1.000000
7308493.544248 7308493.544248 1.000000
7308539.069990 7308539.069990 1.000000
7308410.041368 7308410.041368 1.000000
7308558.557184 7308558.557184 1.000000
7308800.306950 7308800.306950 1.000000
7308574.782863 7308574.782863 1.000000
7307601.143985 7307601.143985 1.000000
7306757.797042 7306757.797042 1.000000
7305814.145966 7305814.145966 1.000000
7305311.325012 7305311.325012 1.000000
7304357.591969 7304357.591969 1.000000
7305279.667468 7305279.667468 1.000000
7305005.478633 7305005.478633 1.000000
7305586.103191 7305586.103191 1.000000
7306315.338683 7306315.338683 1.000000
7306498.245837 7306498.245837 1.000000
7306631.334118 7306631.334118 1.000000
7306810.163458 7306810.163458 1.000000
7306932.448582 7306932.448582 1.000000
7306656.876478 7306656.876478 1.000000
7307142.554669 7307142.554669 1.000000
7307335.656387 7307335.656387 1.000000
7307593.286239 7307593.286239 1.000000
7307825.714443 7307825.714443 1.000000
7308110.448854 7308110.448854 1.000000
7308246.298086 7308246.298086 1.000000
7308391.614425 7308391.614425 1.000000
7307488.829779 7307488.829779 1.000000
7307231.973780 7307231.973780 1.000000
7307305.373696 7307305.373696 1.000000
7307143.369107 7307143.369107 1.000000
7307284.798006 7307284.798006 1.000000
7307166.054670 7307166.054670 1.000000
7308104.262830 7308104.262830 1.000000
7308376.279825 7308376.279825 1.000000
7308226.557183 7308226.557183 1.000000
7307863.879747 7307863.879747 1.000000
7308011.480474 7308011.480474 1.000000
7307667.980468 7307667.980468 1.000000
7307499.562580 7307499.562580 1.000000
7307659.171002 7307659.171002 1.000000
7306749.542862 7306749.542862 1.000000
7305949.135195 7305949.135195 1.000000
7306775.085304 7306775.085304 1.000000
7307143.158038 7307143.158038 1.000000
7306998.981261 7306998.981261 1.000000
7307203.548051 7307203.548051 1.000000
7306873.878388 7306873.878388 1.000000
7307048.198182 7307048.198182 1.000000
7306903.343148 7306903.343148 1.000000
7306744.637002 7306744.637002 1.000000
7306754.790200 7306754.790200 1.000000
7307454.204899 7307454.204899 1.000000
7307938.058717 7307938.058717 1.000000
7308171.533512 7308171.533512 1.000000
7307692.880058 7307692.880058 1.000000
7308283.724391 7308283.724391 1.000000
7309228.123650 7309228.123650 1.000000
7308842.058550 7308842.058550 1.000000
7308717.261549 7308717.261549 1.000000
7309539.334152 7309539.334152 1.000000
7308631.028398 7308631.028398 1.000000
7308281.576878 7308281.576878 1.000000
7309133.294274 7309133.294274 1.000000
7309020.172141 7309020.172141 1.000000
7309933.206144 7309933.206144 1.000000
7309113.738060 7309113.738060 1.000000
7309001.848163 7309001.848163 1.000000
7309198.713718 7309198.713718 1.000000
7309347.492503 7309347.492503 1.000000
7310185.994677 7310185.994677 1.000000
7309904.304294 7309904.304294 1.000000
7309504.278648 7309504.278648 1.000000
7309112.188024 7309112.188024 1.000000
7308965.939995 7308965.939995 1.000000
7308851.467376 7308851.467376 1.000000
7308340.145294 7308340.145294 1.000000
7308564.454377 7308564.454377 1.000000
7308675.496605 7308675.496605 1.000000
7309011.061269 7309011.061269 1.000000
7308886.311195 7308886.311195 1.000000
7309143.382030 7309143.382030 1.000000
7309291.014711 7309291.014711 1.000000
7309438.788895 7309438.788895 1.000000
7308686.601864 7308686.601864 1.000000
7308800.971920 7308800.971920 1.000000
7308323.177961 7308323.177961 1.000000
7307608.064816 7307608.064816 1.000000
7307410.985512 7307410.985512 1.000000
7307661.460747 7307661.460747 1.000000
7307788.705169 7307788.705169 1.000000
7307513.976462 7307513.976462 1.000000
7306703.975483 7306703.975483 1.000000
7306905.596345 7306905.596345 1.000000
7307367.812013 7307367.812013 1.000000
7307666.698513 7307666.698513 1.000000
7308522.052177 7308522.052177 1.000000
7308697.039284 7308697.039284 1.000000
7308875.321380 7308875.321380 1.000000
7309843.214996 7309843.214996 1.000000
7309576.387030 7309576.387030 1.000000
7309229.497212 7309229.497212 1.000000
7309128.870769 7309128.870769 1.000000
7309240.610352 7309240.610352 1.000000
7309024.573031 7309024.573031 1.000000
7308199.246706 7308199.246706 1.000000
7307908.325882 7307908.325882 1.000000
7307920.790829 7307920.790829 1.000000
7307752.882737 7307752.882737 1.000000
7308519.520056 7308519.520056 1.000000
7308271.677677 7308271.677677 1.000000
7308082.864359 7308082.864359 1.000000
7307961.494723 7307961.494723 1.000000
7308545.492994 7308545.492994 1.000000
7308611.487510 7308611.487510 1.000000
7308483.967105 7308483.967105 1.000000
7307971.940210 7307971.940210 1.000000
7307816.021346 7307816.021346 1.000000
7308104.312865 7308104.312865 1.000000
7308918.488793 7308918.488793 1.000000
7309472.349709 7309472.349709 1.000000
7308903.168198 7308903.168198 1.000000
7309664.147773 7309664.147773 1.000000
7310000.180171 7310000.180171 1.000000
7309886.075421 7309886.075421 1.000000
7309264.907005 7309264.907005 1.000000
7309404.829944 7309404.829944 1.000000
7309415.093962 7309415.093962 1.000000
7309250.343007 7309250.343007 1.000000
7308966.004183 7308966.004183 1.000000
7308721.624481 7308721.624481 1.000000
7308863.634395 7308863.634395 1.000000
7308198.272688 7308198.272688 1.000000
7308793.593628 7308793.593628 1.000000
7309374.483336 7309374.483336 1.000000
7309055.414306 7309055.414306 1.000000
7309726.721571 7309726.721571 1.000000
7309546.964201 7309546.964201 1.000000
7309356.310940 7309356.310940 1.000000
7309575.892911 7309575.892911 1.000000
7308612.415934 7308612.415934 1.000000
7308501.188989 7308501.188989 1.000000
7309043.676032 7309043.676032 1.000000
7308648.749278 7308648.749278 1.000000
7308484.760322 7308484.760322 1.000000
7308792.678726 7308792.678726 1.000000
7308344.053070 7308344.053070 1.000000
7309127.287856 7309127.287856 1.000000
7308798.041874 7308798.041874 1.000000
7308969.584993 7308969.584993 1.000000
7308730.795100 7308730.795100 1.000000
7307920.796671 7307920.796671 1.000000
7307773.016671 7307773.016671 1.000000
7308502.166125 7308502.166125 1.000000
7308753.759722 7308753.759722 1.000000
7309193.986742 7309193.986742 1.000000
7309318.922812 7309318.922812 1.000000
7309646.268097 7309646.268097 1.000000
7310358.828656 7310358.828656 1.000000
7310493.962593 7310493.962593 1.000000
7309953.859918 7309953.859918 1.000000
7309957.240119 7309957.240119 1.000000
7310244.235802 7310244.235802 1.000000
7309737.212130 7309737.212130 1.000000
7309472.641747 7309472.641747 1.000000
7309832.176437 7309832.176437 1.000000
7309944.632023 7309944.632023 1.000000
7310053.348108 7310053.348108 1.000000
7309948.422100 7309948.422100 1.000000
7310177.930334 7310177.930334 1.000000
7309956.955557 7309956.955557 1.000000
7309956.492932 7309956.492932 1.000000
7310273.162362 7310273.162362 1.000000
7310062.513454 7310062.513454 1.000000
7310906.550997 7310906.550997 1.000000
7310715.912506 7310715.912506 1.000000
7310066.972330 7310066.972330 1.000000
7310738.770931 7310738.770931 1.000000
7310596.835988 7310596.835988 1.000000
7310115.014665 7310115.014665 1.000000
7309711.751135 7309711.751135 1.000000
7310207.165182 7310207.165182 1.000000
7310409.419369 7310409.419369 1.000000
7310841.881916 7310841.881916 1.000000
7310995.558804 7310995.558804 1.000000
7311238.221900 7311238.221900 1.000000
7310974.313754 7310974.313754 1.000000
7311138.512069 7311138.512069 1.000000
7311422.410541 7311422.410541 1.000000
7310976.658563 7310976.658563 1.000000
7311135.566324 7311135.566324 1.000000
7311443.910153 7311443.910153 1.000000
7311332.226739 7311332.226739 1.000000
7311466.801592 7311466.801592 1.000000
7312332.049792 7312332.049792 1.000000
7311879.990328 7311879.990328 1.000000
7312677.319207 7312677.319207 1.000000
7311786.639739 7311786.639739 1.000000
7311431.385323 7311431.385323 1.000000
7310954.623672 7310954.623672 1.000000
7310137.379206 7310137.379206 1.000000
7309592.817411 7309592.817411 1.000000
7308677.148069 7308677.148069 1.000000
7308249.088615 7308249.088615 1.000000
7308051.708260 7308051.708260 1.000000
7307921.232470 7307921.232470 1.000000
7307739.549124 7307739.549124 1.000000
7308085.049812 7308085.049812 1.000000
7308447.948304 7308447.948304 1.000000
7308061.865551 7308061.865551 1.000000
7308204.889428 7308204.889428 1.000000
7307783.471801 7307783.471801 1.000000
7307068.553072 7307068.553072 1.000000
7307823.821306 7307823.821306 1.000000
7307617.956137 7307617.956137 1.000000
7307204.093412 7307204.093412 1.000000
7307026.630903 7307026.630903 1.000000
7306798.840600 7306798.840600 1.000000
7307193.718015 7307193.718015 1.000000
7307151.643316 7307151.643316 1.000000
7307514.779026 7307514.779026 1.000000
7307513.957122 7307513.957122 1.000000
7307815.732606 7307815.732606 1.000000
7307656.856814 7307656.856814 1.000000
7306779.779282 7306779.779282 1.000000
7306574.944127 7306574.944127 1.000000
7306332.547780 7306332.547780 1.000000
7306203.220455 7306203.220455 1.000000
7305986.922381 7305986.922381 1.000000
7305089.259026 7305089.259026 1.000000
7304971.225021 7304971.225021 1.000000
7305262.186379 7305262.186379 1.000000
7305480.737511 7305480.737511 1.000000
7305628.486174 7305628.486174 1.000000
7305770.233272 7305770.233272 1.000000
7305151.805289 7305151.805289 1.000000
7305227.196184 7305227.196184 1.000000
7305095.289154 7305095.289154 1.000000
7304870.666300 7304870.666300 1.000000
7304668.822087 7304668.822087 1.000000
7304157.400756 7304157.400756 1.000000
7303934.159970 7303934.159970 1.000000
7303721.546958 7303721.546958 1.000000
7303833.487583 7303833.487583 1.000000
7303570.841925 7303570.841925 1.000000
7302956.376716 7302956.376716 1.000000
7303506.591898 7303506.591898 1.000000
7303865.678873 7303865.678873 1.000000
7303690.631451 7303690.631451 1.000000
7303930.210715 7303930.210715 1.000000
7304214.782226 7304214.782226 1.000000
7304778.342771 7304778.342771 1.000000
7305386.859609 7305386.859609 1.000000
7306142.172654 7306142.172654 1.000000
7305993.775271 7305993.775271 1.000000
7306288.707141 7306288.707141 1.000000
7306505.375383 7306505.375383 1.000000
7306619.898957 7306619.898957 1.000000
7306439.162860 7306439.162860 1.000000
7306874.900263 7306874.900263 1.000000
7306766.491809 7306766.491809 1.000000
7307425.312042 7307425.312042 1.000000
7307132.544988 7307132.544988 1.000000
7306883.575223 7306883.575223 1.000000
7306461.882300 7306461.882300 1.000000
7306909.306846 7306909.306846 1.000000
7307075.498150 7307075.498150 1.000000
7306896.091331 7306896.091331 1.000000
7307058.692400 7307058.692400 1.000000
7306805.134782 7306805.134782 1.000000
7305809.989022 7305809.989022 1.000000
7305761.679507 7305761.679507 1.000000
7305623.306250 7305623.306250 1.000000
7305412.935183 7305412.935183 1.000000
7305398.388082 7305398.388082 1.000000
7305109.354860 7305109.354860 1.000000
7305542.584673 7305542.584673 1.000000
7305069.112252 7305069.112252 1.000000
7305210.673470 7305210.673470 1.000000
7305346.295283 7305346.295283 1.000000
7305492.589427 7305492.589427 1.000000
7306446.950058 7306446.950058 1.000000
7306741.752104 7306741.752104 1.000000
7306466.153619 7306466.153619 1.000000
7305779.821713 7305779.821713 1.000000
7306361.021309 7306361.021309 1.000000
7306216.446741 7306216.446741 1.000000
7306043.237773 7306043.237773 1.000000
7305668.901179 7305668.901179 1.000000
7305452.516774 7305452.516774 1.000000
7305080.521118 7305080.521118 1.000000
7304606.962204 7304606.962204 1.000000
7304458.336140 7304458.336140 1.000000
7303930.862989 7303930.862989 1.000000
7304039.832600 7304039.832600 1.000000
7304513.806772 7304513.806772 1.000000
7304699.193772 7304699.193772 1.000000
7304510.651633 7304510.651633 1.000000
7305048.176070 7305048.176070 1.000000
7304264.751343 7304264.751343 1.000000
7304590.371574 7304590.371574 1.000000
7304864.827448 7304864.827448 1.000000
7305114.716805 7305114.716805 1.000000
7305231.326514 7305231.326514 1.000000
7304835.961846 7304835.961846 1.000000
7304544.678943 7304544.678943 1.000000
7305383.457841 7305383.457841 1.000000
7305971.114418 7305971.114418 1.000000
7305699.382357 7305699.382357 1.000000
7306108.254237 7306108.254237 1.000000
7305762.619484 7305762.619484 1.000000
7305590.849870 7305590.849870 1.000000
7305439.016905 7305439.016905 1.000000
7305888.236483 7305888.236483 1.000000
7306027.557722 7306027.557722 1.000000
7305769.548833 7305769.548833 1.000000
7305142.341805 7305142.341805 1.000000
7305576.044473 7305576.044473 1.000000
7305957.912150 7305957.912150 1.000000
7305645.194484 7305645.194484 1.000000
7306608.133292 7306608.133292 1.000000
7307126.390707 7307126.390707 1.000000
7307385.081088 7307385.081088 1.000000
7307969.461123 7307969.461123 1.000000
7308263.849106 7308263.849106 1.000000
7308489.392036 7308489.392036 1.000000
7308780.861120 7308780.861120 1.000000
7307982.869862 7307982.869862 1.000000
7308673.715975 7308673.715975 1.000000
7309387.170123 7309387.170123 1.000000
7309247.689226 7309247.689226 1.000000
7309005.343671 7309005.343671 1.000000
7308365.217604 7308365.217604 1.000000
7307730.947576 7307730.947576 1.000000
7307499.642561 7307499.642561 1.000000
7307293.248535 7307293.248535 1.000000
7306667.797709 7306667.797709 1.000000
7306771.353721 7306771.353721 1.000000
7306095.027916 7306095.027916 1.000000
7307031.300813 7307031.300813 1.000000
7307411.856212 7307411.856212 1.000000
7308260.935654 7308260.935654 1.000000
7308541.367269 7308541.367269 1.000000
7308365.183160 7308365.183160 1.000000
7308555.635055 7308555.635055 1.000000
7308417.271059 7308417.271059 1.000000
7308491.482647 7308491.482647 1.000000
7309402.395070 7309402.395070 1.000000
7308745.871810 7308745.871810 1.000000
7308736.643584 7308736.643584 1.000000
7308453.100152 7308453.100152 1.000000
7307787.762941 7307787.762941 1.000000
7308180.409022 7308180.409022 1.000000
7308420.153486 7308420.153486 1.000000
7308152.867730 7308152.867730 1.000000
7307788.609360 7307788.609360 1.000000
7307064.009638 7307064.009638 1.000000
7307260.711992 7307260.711992 1.000000
7307364.021560 7307364.021560 1.000000
7307189.338559 7307189.338559 1.000000
7308057.387987 7308057.387987 1.000000
7307885.000253 7307885.000253 1.000000
7308883.327883 7308883.327883 1.000000
7308342.632345 7308342.632345 1.000000
7308582.170981 7308582.170981 1.000000
7307979.699894 7307979.699894 1.000000
7307390.087685 7307390.087685 1.000000
7307549.026928 7307549.026928 1.000000
7307959.275802 7307959.275802 1.000000
7307815.376416 7307815.376416 1.000000
7308011.370038 7308011.370038 1.000000
7308261.042559 7308261.042559 1.000000
7308740.736465 7308740.736465 1.000000
7309086.160860 7309086.160860 1.000000
7309216.064536 7309216.064536 1.000000
7309979.565338 7309979.565338 1.000000
7309856.793239 7309856.793239 1.000000
7310033.382721 7310033.382721 1.000000
7310581.568830 7310581.568830 1.000000
7310396.836710 7310396.836710 1.000000
7310575.841068 7310575.841068 1.000000
7310469.942400 7310469.942400 1.000000
7310831.369035 7310831.369035 1.000000
7310513.235558 7310513.235558 1.000000
7310065.280296 7310065.280296 1.000000
7309962.674143 7309962.674143 1.000000
7309771.996116 7309771.996116 1.000000
7309933.500556 7309933.500556 1.000000
7310083.866058 7310083.866058 1.000000
7309158.521373 7309158.521373 1.000000
7309418.943626 7309418.943626 1.000000
7309179.207486 7309179.207486 1.000000
7309333.893395 7309333.893395 1.000000
7309333.893453 7309333.893453 1.000000
7309518.015943 7309518.015943 1.000000
7309776.675148 7309776.675148 1.000000
7309662.974583 7309662.974583 1.000000
7310130.340386 7310130.340386 1.000000
7309758.406604 7309758.406604 1.000000
7309903.034620 7309903.034620 1.000000
7309790.740043 7309790.740043 1.000000
7309006.723633 7309006.723633 1.000000
7309722.354295 7309722.354295 1.000000
7309470.372436 7309470.372436 1.000000
7308821.961033 7308821.961033 1.000000
7308082.759146 7308082.759146 1.000000
7307639.084137 7307639.084137 1.000000
7308260.536142 7308260.536142 1.000000
7309090.684163 7309090.684163 1.000000
7308949.016370 7308949.016370 1.000000
7309648.716982 7309648.716982 1.000000
7309202.671949 7309202.671949 1.000000
7308762.941242 7308762.941242 1.000000
7307880.171541 7307880.171541 1.000000
7308297.067091 7308297.067091 1.000000
7309230.100148 7309230.100148 1.000000
7309681.355100 7309681.355100 1.000000
7309545.513053 7309545.513053 1.000000
7309218.395002 7309218.395002 1.000000
7308612.355959 7308612.355959 1.000000
7308061.502722 7308061.502722 1.000000
7307735.581850 7307735.581850 1.000000
7308170.487148 7308170.487148 1.000000
7308151.584259 7308151.584259 1.000000
7307542.542585 7307542.542585 1.000000
7308247.679178 7308247.679178 1.000000
7308115.890438 7308115.890438 1.000000
7308347.878086 7308347.878086 1.000000
7307999.605541 7307999.605541 1.000000
7308106.199701 7308106.199701 1.000000
7308446.486878 7308446.486878 1.000000
7308033.100492 7308033.100492 1.000000
7307190.946029 7307190.946029 1.000000
7307311.324034 7307311.324034 1.000000
7307435.103705 7307435.103705 1.000000
7307869.262347 7307869.262347 1.000000
7307672.789462 7307672.789462 1.000000
7307040.174551 7307040.174551 1.000000
7307637.946530 7307637.946530 1.000000
7307617.999781 7307617.999781 1.000000
7307396.765257 7307396.765257 1.000000
7307555.510061 7307555.510061 1.000000
7307804.599042 7307804.599042 1.000000
7307991.783602 7307991.783602 1.000000
7308192.606898 7308192.606898 1.000000
7308350.856302 7308350.856302 1.000000
7307352.147184 7307352.147184 1.000000
7306420.095979 7306420.095979 1.000000
7307344.112012 7307344.112012 1.000000
7307458.242607 7307458.242607 1.000000
7307257.544481 7307257.544481 1.000000
7307732.219052 7307732.219052 1.000000
7307832.505109 7307832.505109 1.000000
7308010.097524 7308010.097524 1.000000
7308221.257779 7308221.257779 1.000000
7308818.913999 7308818.913999 1.000000
7309018.762926 7309018.762926 1.000000
7308629.049476 7308629.049476 1.000000
7308886.671333 7308886.671333 1.000000
7309615.077337 7309615.077337 1.000000
7309846.141183 7309846.141183 1.000000
7310615.446436 7310615.446436 1.000000
7310501.820446 7310501.820446 1.000000
7310639.530454 7310639.530454 1.000000
7310991.844754 7310991.844754 1.000000
7311257.003564 7311257.003564 1.000000
7310580.544953 7310580.544953 1.000000
7309945.959768 7309945.959768 1.000000
7310103.911779 7310103.911779 1.000000
7310390.386654 7310390.386654 1.000000
