7299266.013303 7299266.013303 1.000000
7299724.155006 7299724.155006 1.000000
7299102.358526 7299102.358526 1.000000
7298561.597498 7298561.597498 1.000000
7297899.378698 7297899.378698 1.000000
7297097.048120 7297097.048120 1.000000
7296736.883508 7296736.883508 1.000000
7296632.663405 7296632.663405 1.000000
7295761.566632 7295761.566632 1.000000
7295784.366650 7295784.366650 1.000000
7295209.434505 7295209.434505 1.000000
7294944.554552 7294944.554552 1.000000
7293771.594468 7293771.594468 1.000000
7294421.629714 7294421.629714 1.000000
7293931.444960 7293931.444960 1.000000
7293289.131322 7293289.131322 1.000000
7293175.374133 7293175.374133 1.000000
7293288.565750 7293288.565750 1.000000
7293040.716830 7293040.716830 1.000000
7292911.622219 7292911.622219 1.000000
7292600.848651 7292600.848651 1.000000
7293079.687895 7293079.687895 1.000000
7293343.749696 7293343.749696 1.000000
7293609.311505 7293609.311505 1.000000
7293957.837837 7293957.837837 1.000000
7294090.883314 7294090.883314 1.000000
7294381.161231 7294381.161231 1.000000
7294171.717192 7294171.717192 1.000000
7293861.287469 7293861.287469 1.000000
7294051.847713 7294051.847713 1.000000
7294163.959582 7294163.959582 1.000000
7294928.702370 7294928.702370 1.000000
7295061.220431 7295061.220431 1.000000
7295227.733178 7295227.733178 1.000000
7294853.634314 7294853.634314 1.000000
7294387.459224 7294387.459224 1.000000
7294035.804044 7294035.804044 1.000000
7294662.170504 7294662.170504 1.000000
7294812.133360 7294812.133360 1.000000
7294463.358241 7294463.358241 1.000000
7294795.252210 7294795.252210 1.000000
7294646.335464 7294646.335464 1.000000
7293867.295785 7293867.295785 1.000000
7294259.374921 7294259.374921 1.000000
7294547.838263 7294547.838263 1.000000
7293938.717451 7293938.717451 1.000000
7294162.517187 7294162.517187 1.000000
7293440.363035 7293440.363035 1.000000
7294100.253304 7294100.253304 1.000000
7294372.906321 7294372.906321 1.000000
7294819.942026 7294819.942026 1.000000
7295098.141702 7295098.141702 1.000000
7294408.573651 7294408.573651 1.000000
7292743.873347 7292743.873347 1.000000
7293586.568677 7293586.568677 1.000000
7292214.801811 7292214.801811 1.000000
7291761.053563 7291761.053563 1.000000
7293673.374008 7293673.374008 1.000000
7293987.256262 7293987.256262 1.000000
7295255.936308 7295255.936308 1.000000
7294666.409025 7294666.409025 1.000000
7295625.966449 7295625.966449 1.000000
7295268.441087 7295268.441087 1.000000
7295584.403881 7295584.403881 1.000000
7296073.982306 7296073.982306 1.000000
7295914.033864 7295914.033864 1.000000
7295766.122108 7295766.122108 1.000000
7295593.718645 7295593.718645 1.000000
7295925.995984 7295925.995984 1.000000
7295095.956472 7295095.956472 1.000000
7294793.411972 7294793.411972 1.000000
7295255.354159 7295255.354159 1.000000
7294457.366639 7294457.366639 1.000000
7294210.857342 7294210.857342 1.000000
7293822.358836 7293822.358836 1.000000
7293636.766838 7293636.766838 1.000000
7293844.643959 7293844.643959 1.000000
7294031.881496 7294031.881496 1.000000
7294449.822244 7294449.822244 1.000000
7295227.493916 7295227.493916 1.000000
7295021.615921 7295021.615921 1.000000
7295114.159220 7295114.159220 1.000000
7294985.008226 7294985.008226 1.000000
7295711.338613 7295711.338613 1.000000
7295663.680613 7295663.680613 1.000000
7295510.804445 7295510.804445 1.000000
7294715.697455 7294715.697455 1.000000
7294940.315839 7294940.315839 1.000000
7294390.356329 7294390.356329 1.000000
7294042.785313 7294042.785313 1.000000
7295036.016575 7295036.016575 1.000000
7294821.423716 7294821.423716 1.000000
7294676.282716 7294676.282716 1.000000
7294955.083156 7294955.083156 1.000000
7295134.791565 7295134.791565 1.000000
7295381.783034 7295381.783034 1.000000
7294633.892114 7294633.892114 1.000000
7294984.288972 7294984.288972 1.000000
7295635.835395 7295635.835395 1.000000
7295414.557858 7295414.557858 1.000000
7295548.056704 7295548.056704 1.000000
7294192.263089 7294192.263089 1.000000
7294659.094556 7294659.094556 1.000000
7294881.661300 7294881.661300 1.000000
7295012.923202 7295012.923202 1.000000
7295295.012404 7295295.012404 1.000000
7295126.905801 7295126.905801 1.000000
7294969.636078 7294969.636078 1.000000
7295159.274266 7295159.274266 1.000000
7295040.023490 7295040.023490 1.000000
7294743.289708 7294743.289708 1.000000
7295156.798523 7295156.798523 1.000000
7294564.370617 7294564.370617 1.000000
7294724.765708 7294724.765708 1.000000
7294852.865845 7294852.865845 1.000000
7294414.716866 7294414.716866 1.000000
7294001.308860 7294001.308860 1.000000
7294534.751797 7294534.751797 1.000000
7293990.787936 7293990.787936 1.000000
7293622.464442 7293622.464442 1.000000
7293141.963128 7293141.963128 1.000000
7292514.705529 7292514.705529 1.000000
7293478.651402 7293478.651402 1.000000
7293693.073764 7293693.073764 1.000000
7293816.800274 7293816.800274 1.000000
7294481.238304 7294481.238304 1.000000
7294182.945531 7294182.945531 1.000000
7294344.597627 7294344.597627 1.000000
7293668.168492 7293668.168492 1.000000
7294229.352962 7294229.352962 1.000000
7294055.296544 7294055.296544 1.000000
7294272.805955 7294272.805955 1.000000
7294765.560199 7294765.560199 1.000000
7294501.416291 7294501.416291 1.000000
7294266.641478 7294266.641478 1.000000
7293997.201695 7293997.201695 1.000000
7294797.543097 7294797.543097 1.000000
7294638.171835 7294638.171835 1.000000
7294127.241397 7294127.241397 1.000000
7293977.471805 7293977.471805 1.000000
7293652.134275 7293652.134275 1.000000
7294140.766199 7294140.766199 1.000000
7294311.308044 7294311.308044 1.000000
7293987.409459 7293987.409459 1.000000
7291658.612251 7291658.612251 1.000000
7292500.302271 7292500.302271 1.000000
7292128.074401 7292128.074401 1.000000
7291998.358952 7291998.358952 1.000000
7295358.673658 7295358.673658 1.000000
7295592.727365 7295592.727365 1.000000
7295454.471906 7295454.471906 1.000000
7291199.186261 7291199.186261 1.000000
7289859.142897 7289859.142897 1.000000
7290140.352485 7290140.352485 1.000000
7283698.860977 7283698.860977 1.000000
7283356.740062 7283356.740062 1.000000
7283032.667625 7283032.667625 1.000000
7281977.197750 7281977.197750 1.000000
7278506.978499 7278506.978499 1.000000
7278405.808269 7278405.808269 1.000000
7278518.567876 7278518.567876 1.000000
7277726.171449 7277726.171449 1.000000
7280631.782124 7280631.782124 1.000000
7280628.081739 7280628.081739 1.000000
7280101.710527 7280101.710527 1.000000
7280803.314792 7280803.314792 1.000000
7279881.599084 7279881.599084 1.000000
7280055.159445 7280055.159445 1.000000
7279674.954663 7279674.954663 1.000000
7280956.562346 7280956.562346 1.000000
7281487.275402 7281487.275402 1.000000
7281602.677013 7281602.677013 1.000000
7282093.081994 7282093.081994 1.000000
7282651.754659 7282651.754659 1.000000
7282370.224605 7282370.224605 1.000000
7281810.541414 7281810.541414 1.000000
7281626.086733 7281626.086733 1.000000
7281064.689333 7281064.689333 1.000000
7280902.087776 7280902.087776 1.000000
7280692.660446 7280692.660446 1.000000
7280046.189012 7280046.189012 1.000000
7280413.403822 7280413.403822 1.000000
7280012.333066 7280012.333066 1.000000
7280823.654124 7280823.654124 1.000000
7280939.251372 7280939.251372 1.000000
7281399.514578 7281399.514578 1.000000
7281834.477869 7281834.477869 1.000000
7282009.777229 7282009.777229 1.000000
7282689.548811 7282689.548811 1.000000
7282985.775004 7282985.775004 1.000000
7283211.408012 7283211.408012 1.000000
7282643.691600 7282643.691600 1.000000
7282764.570332 7282764.570332 1.000000
7282878.667048 7282878.667048 1.000000
7283244.982661 7283244.982661 1.000000
7282449.335894 7282449.335894 1.000000
7282909.887174 7282909.887174 1.000000
7283476.304509 7283476.304509 1.000000
7283659.581594 7283659.581594 1.000000
7284044.390183 7284044.390183 1.000000
7284487.691952 7284487.691952 1.000000
7284762.547661 7284762.547661 1.000000
7285250.346623 7285250.346623 1.000000
7285797.305121 7285797.305121 1.000000
7285536.648985 7285536.648985 1.000000
7286156.529846 7286156.529846 1.000000
7285272.404963 7285272.404963 1.000000
7284585.614039 7284585.614039 1.000000
7285509.101615 7285509.101615 1.000000
7285801.289481 7285801.289481 1.000000
7286181.222070 7286181.222070 1.000000
7285993.464407 7285993.464407 1.000000
7285632.741321 7285632.741321 1.000000
7285741.762801 7285741.762801 1.000000
7285323.042521 7285323.042521 1.000000
7285000.914978 7285000.914978 1.000000
7284630.472169 7284630.472169 1.000000
7284969.515054 7284969.515054 1.000000
7285686.332112 7285686.332112 1.000000
7286393.236597 7286393.236597 1.000000
7286105.512735 7286105.512735 1.000000
7286660.631887 7286660.631887 1.000000
7286189.389403 7286189.389403 1.000000
7285283.458779 7285283.458779 1.000000
7286099.577607 7286099.577607 1.000000
7286117.273640 7286117.273640 1.000000
7286436.372601 7286436.372601 1.000000
7286162.972485 7286162.972485 1.000000
7285245.910448 7285245.910448 1.000000
7284741.685501 7284741.685501 1.000000
7285682.277194 7285682.277194 1.000000
7285045.015742 7285045.015742 1.000000
7286148.396911 7286148.396911 1.000000
7287074.872696 7287074.872696 1.000000
7287410.770376 7287410.770376 1.000000
7286457.788009 7286457.788009 1.000000
7284613.762032 7284613.762032 1.000000
7283305.817375 7283305.817375 1.000000
7284907.106197 7284907.106197 1.000000
7285233.954568 7285233.954568 1.000000
7286449.453851 7286449.453851 1.000000
7289339.880608 7289339.880608 1.000000
7288779.624562 7288779.624562 1.000000
7288393.266759 7288393.266759 1.000000
7287728.085824 7287728.085824 1.000000
7287838.307387 7287838.307387 1.000000
7288202.489504 7288202.489504 1.000000
7287928.385162 7287928.385162 1.000000
7288571.387624 7288571.387624 1.000000
7288962.320639 7288962.320639 1.000000
7289270.783524 7289270.783524 1.000000
7288959.546653 7288959.546653 1.000000
7288600.811883 7288600.811883 1.000000
7288440.612313 7288440.612313 1.000000
7288232.254175 7288232.254175 1.000000
7287711.916748 7287711.916748 1.000000
7287905.521960 7287905.521960 1.000000
7288308.908561 7288308.908561 1.000000
7287963.724149 7287963.724149 1.000000
7288372.471476 7288372.471476 1.000000
7287828.035925 7287828.035925 1.000000
7288684.091885 7288684.091885 1.000000
7288024.207183 7288024.207183 1.000000
7288984.374295 7288984.374295 1.000000
7288637.587601 7288637.587601 1.000000
7288885.432295 7288885.432295 1.000000
7288709.567500 7288709.567500 1.000000
7288914.441822 7288914.441822 1.000000
7288333.960468 7288333.960468 1.000000
7288443.071101 7288443.071101 1.000000
7288872.391895 7288872.391895 1.000000
7288604.745179 7288604.745179 1.000000
7288227.223724 7288227.223724 1.000000
7287501.180177 7287501.180177 1.000000
7287365.391653 7287365.391653 1.000000
7287117.835048 7287117.835048 1.000000
7286824.988365 7286824.988365 1.000000
7287072.901733 7287072.901733 1.000000
7286277.142300 7286277.142300 1.000000
7286710.523352 7286710.523352 1.000000
7283753.521711 7283753.521711 1.000000
7285189.749905 7285189.749905 1.000000
7287447.582628 7287447.582628 1.000000
7287660.981211 7287660.981211 1.000000
7288703.674112 7288703.674112 1.000000
7289713.280584 7289713.280584 1.000000
7289700.673304 7289700.673304 1.000000
7289513.632625 7289513.632625 1.000000
7289386.114173 7289386.114173 1.000000
7289395.773532 7289395.773532 1.000000
7290362.773313 7290362.773313 1.000000
7288588.151186 7288588.151186 1.000000
7290670.627316 7290670.627316 1.000000
7291553.004476 7291553.004476 1.000000
7290333.091743 7290333.091743 1.000000
7287805.858946 7287805.858946 1.000000
7285785.629058 7285785.629058 1.000000
7286804.792814 7286804.792814 1.000000
7286239.566145 7286239.566145 1.000000
7287054.469247 7287054.469247 1.000000
7288122.489175 7288122.489175 1.000000
7287754.160487 7287754.160487 1.000000
7288786.486014 7288786.486014 1.000000
7289748.285135 7289748.285135 1.000000
7288586.273544 7288586.273544 1.000000
7288851.094579 7288851.094579 1.000000
7289822.854181 7289822.854181 1.000000
7288996.554105 7288996.554105 1.000000
7289316.626587 7289316.626587 1.000000
7289522.021021 7289522.021021 1.000000
7289622.467867 7289622.467867 1.000000
7288435.796220 7288435.796220 1.000000
7289852.003188 7289852.003188 1.000000
7289566.146414 7289566.146414 1.000000
7289917.815301 7289917.815301 1.000000
7291143.184492 7291143.184492 1.000000
7291880.650785 7291880.650785 1.000000
7292065.519070 7292065.519070 1.000000
7290340.897287 7290340.897287 1.000000
7288821.390636 7288821.390636 1.000000
7291145.789095 7291145.789095 1.000000
7288530.579153 7288530.579153 1.000000
7291027.633342 7291027.633342 1.000000
7293134.135501 7293134.135501 1.000000
7293784.777268 7293784.777268 1.000000
7300965.124752 7300965.124752 1.000000
7292220.034498 7292220.034498 1.000000
7293946.628754 7293946.628754 1.000000
7294130.120247 7294130.120247 1.000000
7294275.280008 7294275.280008 1.000000
7293615.762155 7293615.762155 1.000000
7294215.322885 7294215.322885 1.000000
7290745.127880 7290745.127880 1.000000
7286752.142592 7286752.142592 1.000000
7285343.691245 7285343.691245 1.000000
7283721.931419 7283721.931419 1.000000
7282321.604580 7282321.604580 1.000000
7280006.752314 7280006.752314 1.000000
7279781.330827 7279781.330827 1.000000
7279979.309029 7279979.309029 1.000000
7280849.348907 7280849.348907 1.000000
7282075.233656 7282075.233656 1.000000
7282697.464283 7282697.464283 1.000000
7285187.938237 7285187.938237 1.000000
7286224.425668 7286224.425668 1.000000
7286383.520298 7286383.520298 1.000000
7287242.721120 7287242.721120 1.000000
7287137.353223 7287137.353223 1.000000
7287550.370988 7287550.370988 1.000000
7287670.460091 7287670.460091 1.000000
7287236.783637 7287236.783637 1.000000
7287485.965634 7287485.965634 1.000000
7287713.592939 7287713.592939 1.000000
7287979.635875 7287979.635875 1.000000
7288263.449971 7288263.449971 1.000000
7288491.092949 7288491.092949 1.000000
7288385.879824 7288385.879824 1.000000
7288897.633077 7288897.633077 1.000000
7288248.612361 7288248.612361 1.000000
7288398.262237 7288398.262237 1.000000
7289880.135805 7289880.135805 1.000000
7290238.930265 7290238.930265 1.000000
7290436.747915 7290436.747915 1.000000
7290578.103685 7290578.103685 1.000000
7290976.650577 7290976.650577 1.000000
7291065.017031 7291065.017031 1.000000
7290538.078852 7290538.078852 1.000000
7291519.887632 7291519.887632 1.000000
7291249.880080 7291249.880080 1.000000
7289933.121700 7289933.121700 1.000000
7296326.079936 7296326.079936 1.000000
7296147.331501 7296147.331501 1.000000
7295800.894138 7295800.894138 1.000000
7291209.562511 7291209.562511 1.000000
7291698.545040 7291698.545040 1.000000
7298339.331973 7298339.331973 1.000000
7298887.572351 7298887.572351 1.000000
7292148.277179 7292148.277179 1.000000
7291649.564250 7291649.564250 1.000000
7289796.944702 7289796.944702 1.000000
7289907.734182 7289907.734182 1.000000
7289719.029421 7289719.029421 1.000000
7290115.337583 7290115.337583 1.000000
7290370.544028 7290370.544028 1.000000
7290247.588983 7290247.588983 1.000000
7290360.030152 7290360.030152 1.000000
7290761.876128 7290761.876128 1.000000
7291504.094951 7291504.094951 1.000000
7291013.550847 7291013.550847 1.000000
7290154.447511 7290154.447511 1.000000
7289968.731965 7289968.731965 1.000000
7290299.009496 7290299.009496 1.000000
7289758.625880 7289758.625880 1.000000
7290005.250418 7290005.250418 1.000000
7289196.961374 7289196.961374 1.000000
7288916.621529 7288916.621529 1.000000
7288621.296839 7288621.296839 1.000000
7288188.332871 7288188.332871 1.000000
7287619.387237 7287619.387237 1.000000
7290987.546951 7290987.546951 1.000000
7291559.448761 7291559.448761 1.000000
7292334.108274 7292334.108274 1.000000
7292121.094323 7292121.094323 1.000000
7291201.101058 7291201.101058 1.000000
7294008.609735 7294008.609735 1.000000
7296972.003135 7296972.003135 1.000000
7298617.300982 7298617.300982 1.000000
7295883.415456 7295883.415456 1.000000
7294194.267983 7294194.267983 1.000000
7297125.400922 7297125.400922 1.000000
7295653.665931 7295653.665931 1.000000
7295847.757654 7295847.757654 1.000000
7292215.089828 7292215.089828 1.000000
7294168.232939 7294168.232939 1.000000
7293205.801805 7293205.801805 1.000000
7293339.826040 7293339.826040 1.000000
7289541.162782 7289541.162782 1.000000
7291391.056287 7291391.056287 1.000000
7291056.996884 7291056.996884 1.000000
7291449.844947 7291449.844947 1.000000
7291305.287547 7291305.287547 1.000000
7293079.271999 7293079.271999 1.000000
7294954.110513 7294954.110513 1.000000
7294799.855132 7294799.855132 1.000000
7294916.947950 7294916.947950 1.000000
7295562.169914 7295562.169914 1.000000
7295110.976882 7295110.976882 1.000000
7294477.992724 7294477.992724 1.000000
7294844.291579 7294844.291579 1.000000
7294680.664369 7294680.664369 1.000000
7294848.407743 7294848.407743 1.000000
7295163.344657 7295163.344657 1.000000
7294248.090012 7294248.090012 1.000000
7294603.488792 7294603.488792 1.000000
7293237.013486 7293237.013486 1.000000
7292183.382335 7292183.382335 1.000000
7291981.234580 7291981.234580 1.000000
7291864.852431 7291864.852431 1.000000
7291626.384002 7291626.384002 1.000000
7291086.696465 7291086.696465 1.000000
7290552.514272 7290552.514272 1.000000
7290152.049089 7290152.049089 1.000000
7289228.135647 7289228.135647 1.000000
7288997.823890 7288997.823890 1.000000
7288206.242016 7288206.242016 1.000000
7287888.668171 7287888.668171 1.000000
7288158.222763 7288158.222763 1.000000
7288029.494810 7288029.494810 1.000000
7288236.804680 7288236.804680 1.000000
7288423.064475 7288423.064475 1.000000
7287753.103845 7287753.103845 1.000000
7287558.570388 7287558.570388 1.000000
7287821.504916 7287821.504916 1.000000
7287929.263603 7287929.263603 1.000000
7288089.214557 7288089.214557 1.000000
7288351.459163 7288351.459163 1.000000
7289049.584346 7289049.584346 1.000000
7290011.836402 7290011.836402 1.000000
7290145.243620 7290145.243620 1.000000
7290932.942336 7290932.942336 1.000000
7290984.255221 7290984.255221 1.000000
7290614.560743 7290614.560743 1.000000
7291538.960343 7291538.960343 1.000000
7291676.961527 7291676.961527 1.000000
7291861.496511 7291861.496511 1.000000
7291176.239316 7291176.239316 1.000000
7291057.466404 7291057.466404 1.000000
7290926.153602 7290926.153602 1.000000
7290714.761898 7290714.761898 1.000000
7290592.510773 7290592.510773 1.000000
7289668.820690 7289668.820690 1.000000
7289098.261602 7289098.261602 1.000000
7288209.189405 7288209.189405 1.000000
7288883.341825 7288883.341825 1.000000
7288587.944366 7288587.944366 1.000000
7288062.964969 7288062.964969 1.000000
7287907.356706 7287907.356706 1.000000
7287662.556326 7287662.556326 1.000000
7287849.455801 7287849.455801 1.000000
7288011.108219 7288011.108219 1.000000
7288895.363740 7288895.363740 1.000000
7289648.792379 7289648.792379 1.000000
7289899.127793 7289899.127793 1.000000
7289049.271000 7289049.271000 1.000000
7289930.050387 7289930.050387 1.000000
7290163.352385 7290163.352385 1.000000
7289641.212753 7289641.212753 1.000000
7288958.274395 7288958.274395 1.000000
7288851.598697 7288851.598697 1.000000
7287858.157092 7287858.157092 1.000000
7287880.821044 7287880.821044 1.000000
7287170.271555 7287170.271555 1.000000
7287363.973979 7287363.973979 1.000000
7286764.014552 7286764.014552 1.000000
7287252.773660 7287252.773660 1.000000
7287370.840526 7287370.840526 1.000000
7286986.642509 7286986.642509 1.000000
7287104.578527 7287104.578527 1.000000
7288098.920130 7288098.920130 1.000000
7288260.250486 7288260.250486 1.000000
7287296.835123 7287296.835123 1.000000
7286409.137465 7286409.137465 1.000000
7290591.131853 7290591.131853 1.000000
7290247.093421 7290247.093421 1.000000
7290382.426845 7290382.426845 1.000000
7289677.045949 7289677.045949 1.000000
7288982.657739 7288982.657739 1.000000
7288787.091980 7288787.091980 1.000000
7288014.272935 7288014.272935 1.000000
7287861.170999 7287861.170999 1.000000
7287750.133591 7287750.133591 1.000000
7284417.161894 7284417.161894 1.000000
7283747.842328 7283747.842328 1.000000
7283428.154381 7283428.154381 1.000000
7282238.412390 7282238.412390 1.000000
7283145.149388 7283145.149388 1.000000
7287609.502577 7287609.502577 1.000000
7287324.916523 7287324.916523 1.000000
7287776.457665 7287776.457665 1.000000
7288323.623806 7288323.623806 1.000000
7288148.216064 7288148.216064 1.000000
7290327.996513 7290327.996513 1.000000
7287748.383073 7287748.383073 1.000000
7288238.012739 7288238.012739 1.000000
7288409.817147 7288409.817147 1.000000
7288547.473084 7288547.473084 1.000000
7289304.243481 7289304.243481 1.000000
7288046.664538 7288046.664538 1.000000
7288150.027926 7288150.027926 1.000000
7288587.136418 7288587.136418 1.000000
7289027.967601 7289027.967601 1.000000
7289178.037835 7289178.037835 1.000000
7289958.173338 7289958.173338 1.000000
7288994.082018 7288994.082018 1.000000
7289144.016344 7289144.016344 1.000000
7290241.874494 7290241.874494 1.000000
7290992.755615 7290992.755615 1.000000
7290919.727540 7290919.727540 1.000000
7289291.422463 7289291.422463 1.000000
7288834.537303 7288834.537303 1.000000
7288666.543209 7288666.543209 1.000000
7288487.289033 7288487.289033 1.000000
7287238.159837 7287238.159837 1.000000
7289987.416944 7289987.416944 1.000000
7290636.530022 7290636.530022 1.000000
7291397.864874 7291397.864874 1.000000
7291049.584483 7291049.584483 1.000000
7290422.950364 7290422.950364 1.000000
7290694.820952 7290694.820952 1.000000
7290121.166889 7290121.166889 1.000000
7289923.991252 7289923.991252 1.000000
7290035.059501 7290035.059501 1.000000
7289068.127407 7289068.127407 1.000000
7288459.593380 7288459.593380 1.000000
7288182.099885 7288182.099885 1.000000
7287823.382765 7287823.382765 1.000000
7287513.434665 7287513.434665 1.000000
7287635.679049 7287635.679049 1.000000
7287342.151206 7287342.151206 1.000000
7286722.826276 7286722.826276 1.000000
7286537.327201 7286537.327201 1.000000
7286309.439698 7286309.439698 1.000000
7286183.692049 7286183.692049 1.000000
7286051.040514 7286051.040514 1.000000
7286240.557798 7286240.557798 1.000000
7287107.074451 7287107.074451 1.000000
7287371.380734 7287371.380734 1.000000
7287234.288089 7287234.288089 1.000000
7287714.511137 7287714.511137 1.000000
7287493.156992 7287493.156992 1.000000
7287262.223685 7287262.223685 1.000000
7287496.215406 7287496.215406 1.000000
7287740.380181 7287740.380181 1.000000
7287622.398542 7287622.398542 1.000000
7287174.995787 7287174.995787 1.000000
7287013.686530 7287013.686530 1.000000
7287189.528866 7287189.528866 1.000000
7286656.671139 7286656.671139 1.000000
7286254.390307 7286254.390307 1.000000
7287168.642351 7287168.642351 1.000000
7287782.781979 7287782.781979 1.000000
7286943.728579 7286943.728579 1.000000
7286654.662018 7286654.662018 1.000000
7286383.687826 7286383.687826 1.000000
7286237.950720 7286237.950720 1.000000
7286978.916184 7286978.916184 1.000000
7286565.892597 7286565.892597 1.000000
7286043.116924 7286043.116924 1.000000
7285657.865319 7285657.865319 1.000000
7287172.198292 7287172.198292 1.000000
7286421.414987 7286421.414987 1.000000
7287069.545920 7287069.545920 1.000000
7287428.036079 7287428.036079 1.000000
7287566.428582 7287566.428582 1.000000
7288014.177150 7288014.177150 1.000000
7288201.344381 7288201.344381 1.000000
7287651.090272 7287651.090272 1.000000
7287513.625167 7287513.625167 1.000000
7287363.028828 7287363.028828 1.000000
7287033.051081 7287033.051081 1.000000
7287368.614372 7287368.614372 1.000000
7285581.088255 7285581.088255 1.000000
7284298.377506 7284298.377506 1.000000
7280911.441909 7280911.441909 1.000000
7280169.730588 7280169.730588 1.000000
7279521.124374 7279521.124374 1.000000
7279412.218713 7279412.218713 1.000000
7277957.493458 7277957.493458 1.000000
7277831.198617 7277831.198617 1.000000
7278627.756689 7278627.756689 1.000000
7278423.775997 7278423.775997 1.000000
7277859.188846 7277859.188846 1.000000
7277686.838764 7277686.838764 1.000000
7277457.591065 7277457.591065 1.000000
7277558.813852 7277558.813852 1.000000
7277361.591326 7277361.591326 1.000000
7277360.751184 7277360.751184 1.000000
7277464.335622 7277464.335622 1.000000
7277942.336910 7277942.336910 1.000000
7277811.579798 7277811.579798 1.000000
7277463.315858 7277463.315858 1.000000
7276732.615047 7276732.615047 1.000000
7276954.740263 7276954.740263 1.000000
7277084.382057 7277084.382057 1.000000
7276708.784460 7276708.784460 1.000000
7276832.228254 7276832.228254 1.000000
7276954.402739 7276954.402739 1.000000
7277115.482021 7277115.482021 1.000000
7277218.638937 7277218.638937 1.000000
7277398.283784 7277398.283784 1.000000
7277774.621317 7277774.621317 1.000000
7277884.307836 7277884.307836 1.000000
7278448.658868 7278448.658868 1.000000
7278556.206550 7278556.206550 1.000000
7278905.183328 7278905.183328 1.000000
7279255.681024 7279255.681024 1.000000
7279804.187434 7279804.187434 1.000000
7279649.028238 7279649.028238 1.000000
7279377.100237 7279377.100237 1.000000
7279790.808812 7279790.808812 1.000000
7279678.242025 7279678.242025 1.000000
7280389.820178 7280389.820178 1.000000
7279903.439745 7279903.439745 1.000000
7280483.697083 7280483.697083 1.000000
7280317.568782 7280317.568782 1.000000
7279452.584096 7279452.584096 1.000000
7280256.732739 7280256.732739 1.000000
7280668.306432 7280668.306432 1.000000
7281365.842606 7281365.842606 1.000000
7281470.851358 7281470.851358 1.000000
7280970.049526 7280970.049526 1.000000
7280449.241728 7280449.241728 1.000000
7280319.453028 7280319.453028 1.000000
7280160.599895 7280160.599895 1.000000
7281097.442184 7281097.442184 1.000000
7281742.767023 7281742.767023 1.000000
7281849.206351 7281849.206351 1.000000
7282282.446971 7282282.446971 1.000000
7281837.033475 7281837.033475 1.000000
7282009.162788 7282009.162788 1.000000
7282809.704611 7282809.704611 1.000000
7283573.025531 7283573.025531 1.000000
7283764.977754 7283764.977754 1.000000
7284002.060660 7284002.060660 1.000000
7283778.317954 7283778.317954 1.000000
7282829.018005 7282829.018005 1.000000
7283007.905276 7283007.905276 1.000000
7282460.129658 7282460.129658 1.000000
7282603.152282 7282603.152282 1.000000
7283560.563738 7283560.563738 1.000000
7283738.681103 7283738.681103 1.000000
7283393.122402 7283393.122402 1.000000
7283553.270128 7283553.270128 1.000000
7283227.066015 7283227.066015 1.000000
7283500.659773 7283500.659773 1.000000
7283372.715285 7283372.715285 1.000000
7283913.235920 7283913.235920 1.000000
7283463.404979 7283463.404979 1.000000
7283042.517419 7283042.517419 1.000000
7282917.029236 7282917.029236 1.000000
7282245.996221 7282245.996221 1.000000
7282415.377652 7282415.377652 1.000000
7283306.481154 7283306.481154 1.000000
7283453.431178 7283453.431178 1.000000
7283612.291326 7283612.291326 1.000000
7282726.565131 7282726.565131 1.000000
7282827.740611 7282827.740611 1.000000
7283113.421605 7283113.421605 1.000000
7282942.536047 7282942.536047 1.000000
7283105.928191 7283105.928191 1.000000
7283612.332885 7283612.332885 1.000000
7283841.720694 7283841.720694 1.000000
7284075.073493 7284075.073493 1.000000
7283898.073637 7283898.073637 1.000000
7284711.635736 7284711.635736 1.000000
7284500.778019 7284500.778019 1.000000
7284177.007632 7284177.007632 1.000000
7284875.197484 7284875.197484 1.000000
7283937.317193 7283937.317193 1.000000
7283598.890263 7283598.890263 1.000000
7284370.937350 7284370.937350 1.000000
7287354.183868 7287354.183868 1.000000
7286397.798232 7286397.798232 1.000000
7282947.566322 7282947.566322 1.000000
7284104.263668 7284104.263668 1.000000
7284414.142746 7284414.142746 1.000000
7284848.795686 7284848.795686 1.000000
7285289.226628 7285289.226628 1.000000
7283587.312101 7283587.312101 1.000000
7282738.367252 7282738.367252 1.000000
7283620.046819 7283620.046819 1.000000
7283977.663482 7283977.663482 1.000000
7284293.932035 7284293.932035 1.000000
7284918.543056 7284918.543056 1.000000
7285436.138143 7285436.138143 1.000000
7285313.406972 7285313.406972 1.000000
7285479.752620 7285479.752620 1.000000
7284918.859406 7284918.859406 1.000000
7284495.040105 7284495.040105 1.000000
7284376.378720 7284376.378720 1.000000
7283615.127917 7283615.127917 1.000000
7284212.358189 7284212.358189 1.000000
7284779.172560 7284779.172560 1.000000
7285437.650221 7285437.650221 1.000000
7283103.264880 7283103.264880 1.000000
7283704.093378 7283704.093378 1.000000
7283329.842537 7283329.842537 1.000000
7281986.617425 7281986.617425 1.000000
7284898.054103 7284898.054103 1.000000
7284145.727765 7284145.727765 1.000000
7283643.377331 7283643.377331 1.000000
7285447.412093 7285447.412093 1.000000
7285986.542493 7285986.542493 1.000000
7285806.807148 7285806.807148 1.000000
7286150.436034 7286150.436034 1.000000
7286397.655409 7286397.655409 1.000000
7286857.028029 7286857.028029 1.000000
7287127.730351 7287127.730351 1.000000
7287324.754522 7287324.754522 1.000000
7286426.947303 7286426.947303 1.000000
7285962.196444 7285962.196444 1.000000
7286162.750700 7286162.750700 1.000000
7286753.492837 7286753.492837 1.000000
7286892.128831 7286892.128831 1.000000
7287241.723744 7287241.723744 1.000000
7287433.582677 7287433.582677 1.000000
7287639.549568 7287639.549568 1.000000
7287365.408198 7287365.408198 1.000000
7288195.691184 7288195.691184 1.000000
7288084.776961 7288084.776961 1.000000
7287719.103588 7287719.103588 1.000000
7286982.656099 7286982.656099 1.000000
7287193.216261 7287193.216261 1.000000
7287295.356327 7287295.356327 1.000000
7287536.008913 7287536.008913 1.000000
7287777.498317 7287777.498317 1.000000
7288087.324918 7288087.324918 1.000000
7287824.684622 7287824.684622 1.000000
7287667.588260 7287667.588260 1.000000
7287532.400998 7287532.400998 1.000000
7287115.660350 7287115.660350 1.000000
7287221.441828 7287221.441828 1.000000
7286851.218265 7286851.218265 1.000000
7287078.069267 7287078.069267 1.000000
7286947.552201 7286947.552201 1.000000
7287153.364292 7287153.364292 1.000000
7287363.337464 7287363.337464 1.000000
7287032.698742 7287032.698742 1.000000
7286743.544835 7286743.544835 1.000000
7286633.404867 7286633.404867 1.000000
7287086.547406 7287086.547406 1.000000
7287614.574873 7287614.574873 1.000000
7287739.021637 7287739.021637 1.000000
7287282.340286 7287282.340286 1.000000
7287069.347949 7287069.347949 1.000000
7287602.013046 7287602.013046 1.000000
7286696.827747 7286696.827747 1.000000
7286812.328254 7286812.328254 1.000000
7286602.982475 7286602.982475 1.000000
7287487.080912 7287487.080912 1.000000
7287378.560093 7287378.560093 1.000000
7287170.724384 7287170.724384 1.000000
7286510.256499 7286510.256499 1.000000
7286371.384109 7286371.384109 1.000000
7286318.633209 7286318.633209 1.000000
7286739.727199 7286739.727199 1.000000
7286526.924167 7286526.924167 1.000000
7286819.210595 7286819.210595 1.000000
7287143.734608 7287143.734608 1.000000
7287328.434383 7287328.434383 1.000000
7287820.912766 7287820.912766 1.000000
7288278.873568 7288278.873568 1.000000
7287685.002059 7287685.002059 1.000000
