7250002.981766 7250002.981766 1.000000
7250024.807041 7250024.807041 1.000000
7250160.701947 7250160.701947 1.000000
7249964.990928 7249964.990928 1.000000
7249802.617185 7249802.617185 1.000000
7249836.807532 7249836.807532 1.000000
7249825.998476 7249825.998476 1.000000
7249826.130673 7249826.130673 1.000000
7249835.127104 7249835.127104 1.000000
7249850.987106 7249850.987106 1.000000
7249848.292051 7249848.292051 1.000000
7249828.872578 7249828.872578 1.000000
7249830.383582 7249830.383582 1.000000
7249842.300066 7249842.300066 1.000000
7249862.547642 7249862.547642 1.000000
7249861.227493 7249861.227493 1.000000
7249861.742205 7249861.742205 1.000000
7249844.462674 7249844.462674 1.000000
7249871.502519 7249871.502519 1.000000
7249787.384730 7249787.384730 1.000000
7249784.711628 7249784.711628 1.000000
7249783.292721 7249783.292721 1.000000
7249772.260584 7249772.260584 1.000000
7249783.612184 7249783.612184 1.000000
7249780.480278 7249780.480278 1.000000
7249782.838324 7249782.838324 1.000000
7249789.247890 7249789.247890 1.000000
7249774.683535 7249774.683535 1.000000
7249772.631090 7249772.631090 1.000000
7249775.827618 7249775.827618 1.000000
7249824.880768 7249824.880768 1.000000
7249873.801489 7249873.801489 1.000000
7249902.006533 7249902.006533 1.000000
7249861.965539 7249861.965539 1.000000
7249859.809502 7249859.809502 1.000000
7249854.548281 7249854.548281 1.000000
7249864.875680 7249864.875680 1.000000
7249843.151648 7249843.151648 1.000000
