7187766.590415 7187766.590415 1.000000
7187518.357611 7187518.357611 1.000000
7187268.366758 7187268.366758 1.000000
7186983.024184 7186983.024184 1.000000
7188326.455313 7188326.455313 1.000000
7187771.588528 7187771.588528 1.000000
7187984.200732 7187984.200732 1.000000
7187367.114189 7187367.114189 1.000000
7187585.794306 7187585.794306 1.000000
7187460.564101 7187460.564101 1.000000
7187176.405747 7187176.405747 1.000000
7187339.917071 7187339.917071 1.000000
7186822.614882 7186822.614882 1.000000
7186239.194036 7186239.194036 1.000000
7185858.695295 7185858.695295 1.000000
7185576.319372 7185576.319372 1.000000
7185219.025538 7185219.025538 1.000000
7184433.392993 7184433.392993 1.000000
7183919.457655 7183919.457655 1.000000
7183816.794093 7183816.794093 1.000000
7184037.839746 7184037.839746 1.000000
7184343.292050 7184343.292050 1.000000
7183856.107964 7183856.107964 1.000000
7183346.916410 7183346.916410 1.000000
7183601.491633 7183601.491633 1.000000
7183799.473535 7183799.473535 1.000000
7183665.380246 7183665.380246 1.000000
7183550.723779 7183550.723779 1.000000
7183857.128308 7183857.128308 1.000000
7183962.087183 7183962.087183 1.000000
7184671.473547 7184671.473547 1.000000
7184538.234885 7184538.234885 1.000000
7184199.696098 7184199.696098 1.000000
7183961.906887 7183961.906887 1.000000
7183895.335703 7183895.335703 1.000000
7183659.469169 7183659.469169 1.000000
7183382.825006 7183382.825006 1.000000
7183176.375866 7183176.375866 1.000000
7183037.932804 7183037.932804 1.000000
7182925.292439 7182925.292439 1.000000
7182088.980034 7182088.980034 1.000000
7181762.986176 7181762.986176 1.000000
7182291.186771 7182291.186771 1.000000
7182140.997315 7182140.997315 1.000000
7182060.585512 7182060.585512 1.000000
7181864.166068 7181864.166068 1.000000
7181475.851341 7181475.851341 1.000000
7180594.810439 7180594.810439 1.000000
7180430.978834 7180430.978834 1.000000
7179886.582411 7179886.582411 1.000000
7179530.090071 7179530.090071 1.000000
7179191.336743 7179191.336743 1.000000
7178347.365693 7178347.365693 1.000000
7178207.850473 7178207.850473 1.000000
7177833.313322 7177833.313322 1.000000
7177774.404206 7177774.404206 1.000000
7177575.728972 7177575.728972 1.000000
7176826.970094 7176826.970094 1.000000
7176165.296272 7176165.296272 1.000000
7175340.700584 7175340.700584 1.000000
7174871.502063 7174871.502063 1.000000
7175196.469154 7175196.469154 1.000000
7175326.819444 7175326.819444 1.000000
7174439.977703 7174439.977703 1.000000
7174255.740364 7174255.740364 1.000000
7175011.666166 7175011.666166 1.000000
7174814.322432 7174814.322432 1.000000
7174949.955390 7174949.955390 1.000000
7174339.446212 7174339.446212 1.000000
7174309.360683 7174309.360683 1.000000
