7349244.925053 7349244.925053 1.000000
7348731.121238 7348731.121238 1.000000
7348864.268714 7348864.268714 1.000000
7348435.516241 7348435.516241 1.000000
7348205.322462 7348205.322462 1.000000
7347656.712736 7347656.712736 1.000000
7347203.800348 7347203.800348 1.000000
7346908.089623 7346908.089623 1.000000
7346650.733570 7346650.733570 1.000000
7346366.803399 7346366.803399 1.000000
7346102.575598 7346102.575598 1.000000
7345577.231461 7345577.231461 1.000000
7345182.751980 7345182.751980 1.000000
7344604.205324 7344604.205324 1.000000
7344281.935764 7344281.935764 1.000000
7343894.746469 7343894.746469 1.000000
7343564.587333 7343564.587333 1.000000
7343141.993946 7343141.993946 1.000000
7342834.575085 7342834.575085 1.000000
7342189.846829 7342189.846829 1.000000
7341954.626352 7341954.626352 1.000000
7341824.570448 7341824.570448 1.000000
7341070.231176 7341070.231176 1.000000
7340570.172156 7340570.172156 1.000000
7340674.858245 7340674.858245 1.000000
7340569.661747 7340569.661747 1.000000
7339762.775984 7339762.775984 1.000000
7339975.398982 7339975.398982 1.000000
7339112.998540 7339112.998540 1.000000
7339880.460397 7339880.460397 1.000000
7339774.245676 7339774.245676 1.000000
7339295.747777 7339295.747777 1.000000
7339153.626663 7339153.626663 1.000000
7338562.217433 7338562.217433 1.000000
7337744.177168 7337744.177168 1.000000
7337213.240381 7337213.240381 1.000000
7337023.167988 7337023.167988 1.000000
7336086.276395 7336086.276395 1.000000
7335611.457376 7335611.457376 1.000000
7335076.680357 7335076.680357 1.000000
7335798.081594 7335798.081594 1.000000
7335082.574947 7335082.574947 1.000000
7334163.761834 7334163.761834 1.000000
7333536.346624 7333536.346624 1.000000
7332800.236459 7332800.236459 1.000000
7332519.476841 7332519.476841 1.000000
7332169.134823 7332169.134823 1.000000
7331773.522997 7331773.522997 1.000000
7330867.844726 7330867.844726 1.000000
7330411.101373 7330411.101373 1.000000
7330247.842168 7330247.842168 1.000000
7330408.284845 7330408.284845 1.000000
7329585.551002 7329585.551002 1.000000
7329209.230283 7329209.230283 1.000000
7329356.660372 7329356.660372 1.000000
7328686.169893 7328686.169893 1.000000
7328112.570246 7328112.570246 1.000000
7327861.279470 7327861.279470 1.000000
7327423.187206 7327423.187206 1.000000
7326491.563427 7326491.563427 1.000000
7325793.882147 7325793.882147 1.000000
7325659.699679 7325659.699679 1.000000
7325434.591641 7325434.591641 1.000000
7325201.847815 7325201.847815 1.000000
7324902.906956 7324902.906956 1.000000
7324681.953588 7324681.953588 1.000000
7323773.998692 7323773.998692 1.000000
7323496.477845 7323496.477845 1.000000
7323299.844355 7323299.844355 1.000000
7323117.498770 7323117.498770 1.000000
7322935.532213 7322935.532213 1.000000
7322726.767829 7322726.767829 1.000000
7322490.855580 7322490.855580 1.000000
7322328.206084 7322328.206084 1.000000
7321383.551791 7321383.551791 1.000000
7321007.922631 7321007.922631 1.000000
7320611.261743 7320611.261743 1.000000
7320292.943882 7320292.943882 1.000000
7320161.986628 7320161.986628 1.000000
7319962.047725 7319962.047725 1.000000
7319740.035064 7319740.035064 1.000000
7319510.044279 7319510.044279 1.000000
7319338.420658 7319338.420658 1.000000
7319177.393986 7319177.393986 1.000000
7318863.975518 7318863.975518 1.000000
7318627.876694 7318627.876694 1.000000
7318467.184196 7318467.184196 1.000000
7318208.103634 7318208.103634 1.000000
7317885.397023 7317885.397023 1.000000
7317690.671187 7317690.671187 1.000000
7317387.392098 7317387.392098 1.000000
7317006.823012 7317006.823012 1.000000
7316558.767792 7316558.767792 1.000000
7316233.353544 7316233.353544 1.000000
7315816.973492 7315816.973492 1.000000
7315608.323601 7315608.323601 1.000000
7315295.142726 7315295.142726 1.000000
7314969.123374 7314969.123374 1.000000
7314522.134546 7314522.134546 1.000000
7314141.585855 7314141.585855 1.000000
7313676.703736 7313676.703736 1.000000
7313281.412002 7313281.412002 1.000000
7313085.751919 7313085.751919 1.000000
7312894.312732 7312894.312732 1.000000
7312525.794171 7312525.794171 1.000000
7312032.716437 7312032.716437 1.000000
7311569.070495 7311569.070495 1.000000
7311147.424448 7311147.424448 1.000000
7310781.194627 7310781.194627 1.000000
7310506.801431 7310506.801431 1.000000
7310201.201490 7310201.201490 1.000000
7309985.686983 7309985.686983 1.000000
7309584.032529 7309584.032529 1.000000
7309274.398398 7309274.398398 1.000000
7309072.938177 7309072.938177 1.000000
7308231.332793 7308231.332793 1.000000
7307950.359529 7307950.359529 1.000000
7307677.438143 7307677.438143 1.000000
7307415.607992 7307415.607992 1.000000
7307145.568263 7307145.568263 1.000000
7306954.145206 7306954.145206 1.000000
7306831.006668 7306831.006668 1.000000
7306667.240473 7306667.240473 1.000000
7306410.136576 7306410.136576 1.000000
7306233.709015 7306233.709015 1.000000
7305935.258248 7305935.258248 1.000000
7305709.242881 7305709.242881 1.000000
7305334.408678 7305334.408678 1.000000
7304905.736586 7304905.736586 1.000000
7304439.257692 7304439.257692 1.000000
7304063.184190 7304063.184190 1.000000
7303875.225475 7303875.225475 1.000000
7303664.414960 7303664.414960 1.000000
7303403.256044 7303403.256044 1.000000
7303156.739564 7303156.739564 1.000000
7302523.534521 7302523.534521 1.000000
7302120.082090 7302120.082090 1.000000
7301914.290315 7301914.290315 1.000000
7301733.182462 7301733.182462 1.000000
7301377.858386 7301377.858386 1.000000
7301188.973059 7301188.973059 1.000000
7300437.538755 7300437.538755 1.000000
7300078.676744 7300078.676744 1.000000
7299419.552297 7299419.552297 1.000000
7299283.660101 7299283.660101 1.000000
7298909.851205 7298909.851205 1.000000
7298706.223252 7298706.223252 1.000000
7298566.744814 7298566.744814 1.000000
7298309.050756 7298309.050756 1.000000
7297989.355404 7297989.355404 1.000000
7297983.365719 7297983.365719 1.000000
7298060.766482 7298060.766482 1.000000
7297645.956321 7297645.956321 1.000000
7297173.427754 7297173.427754 1.000000
7298019.116238 7298019.116238 1.000000
7298581.568651 7298581.568651 1.000000
7299083.733463 7299083.733463 1.000000
7299424.196573 7299424.196573 1.000000
7299681.397845 7299681.397845 1.000000
7300280.871088 7300280.871088 1.000000
7300006.771734 7300006.771734 1.000000
7299503.462130 7299503.462130 1.000000
7299272.338621 7299272.338621 1.000000
7299070.592361 7299070.592361 1.000000
7298851.001672 7298851.001672 1.000000
7298689.413363 7298689.413363 1.000000
7298480.072932 7298480.072932 1.000000
7298263.779185 7298263.779185 1.000000
7298065.691484 7298065.691484 1.000000
7297946.491185 7297946.491185 1.000000
7297633.035551 7297633.035551 1.000000
7297464.736665 7297464.736665 1.000000
7297346.700502 7297346.700502 1.000000
7297139.241129 7297139.241129 1.000000
7296971.727142 7296971.727142 1.000000
7296822.200985 7296822.200985 1.000000
7296012.401677 7296012.401677 1.000000
7295152.143251 7295152.143251 1.000000
7295035.045388 7295035.045388 1.000000
7294850.908248 7294850.908248 1.000000
7294590.230668 7294590.230668 1.000000
7294369.274216 7294369.274216 1.000000
7294170.714198 7294170.714198 1.000000
7293869.444894 7293869.444894 1.000000
7293732.070010 7293732.070010 1.000000
7293594.088112 7293594.088112 1.000000
7293274.318873 7293274.318873 1.000000
7293023.276875 7293023.276875 1.000000
7292232.408730 7292232.408730 1.000000
7292076.899520 7292076.899520 1.000000
7291792.265255 7291792.265255 1.000000
7291140.522411 7291140.522411 1.000000
7290875.342799 7290875.342799 1.000000
7290744.031954 7290744.031954 1.000000
7289935.537717 7289935.537717 1.000000
7289679.448929 7289679.448929 1.000000
7289361.730045 7289361.730045 1.000000
7289090.756765 7289090.756765 1.000000
7288913.209753 7288913.209753 1.000000
7288751.520188 7288751.520188 1.000000
7288577.889490 7288577.889490 1.000000
7288458.262321 7288458.262321 1.000000
7288302.573766 7288302.573766 1.000000
7288126.506473 7288126.506473 1.000000
7287772.445304 7287772.445304 1.000000
7287695.150313 7287695.150313 1.000000
7286925.332356 7286925.332356 1.000000
7286265.723261 7286265.723261 1.000000
7285855.079647 7285855.079647 1.000000
7285747.543629 7285747.543629 1.000000
7285492.243722 7285492.243722 1.000000
7285259.575167 7285259.575167 1.000000
7285040.285521 7285040.285521 1.000000
7284903.023681 7284903.023681 1.000000
7269858.188255 7269858.188255 1.000000
7269662.335218 7269662.335218 1.000000
7269487.092368 7269487.092368 1.000000
7269310.017591 7269310.017591 1.000000
7268527.977024 7268527.977024 1.000000
7269474.952104 7269474.952104 1.000000
7270065.194437 7270065.194437 1.000000
7270868.215080 7270868.215080 1.000000
7270764.440308 7270764.440308 1.000000
7270218.255482 7270218.255482 1.000000
7269925.274888 7269925.274888 1.000000
7269225.931666 7269225.931666 1.000000
7269021.374349 7269021.374349 1.000000
7268853.450072 7268853.450072 1.000000
7268711.571392 7268711.571392 1.000000
7268886.116165 7268886.116165 1.000000
7268657.534186 7268657.534186 1.000000
7267936.688745 7267936.688745 1.000000
7268849.084599 7268849.084599 1.000000
7268547.478263 7268547.478263 1.000000
7268302.122682 7268302.122682 1.000000
7269251.845231 7269251.845231 1.000000
7269395.211630 7269395.211630 1.000000
7269094.721163 7269094.721163 1.000000
7269910.540541 7269910.540541 1.000000
7269776.583971 7269776.583971 1.000000
7268892.377215 7268892.377215 1.000000
7268785.772889 7268785.772889 1.000000
7268974.336642 7268974.336642 1.000000
7268208.991058 7268208.991058 1.000000
7268093.136318 7268093.136318 1.000000
7267759.388905 7267759.388905 1.000000
7267657.760413 7267657.760413 1.000000
7268124.729625 7268124.729625 1.000000
7268659.674911 7268659.674911 1.000000
7268504.048769 7268504.048769 1.000000
7268819.578199 7268819.578199 1.000000
7267926.188868 7267926.188868 1.000000
7267789.064383 7267789.064383 1.000000
7268172.487554 7268172.487554 1.000000
7267952.843419 7267952.843419 1.000000
7268384.481461 7268384.481461 1.000000
7267394.546892 7267394.546892 1.000000
7268052.588213 7268052.588213 1.000000
7267734.078276 7267734.078276 1.000000
7267876.318733 7267876.318733 1.000000
7268685.228572 7268685.228572 1.000000
7268461.450176 7268461.450176 1.000000
7268264.805533 7268264.805533 1.000000
7267351.566052 7267351.566052 1.000000
7267132.698067 7267132.698067 1.000000
7266521.943651 7266521.943651 1.000000
7265667.952448 7265667.952448 1.000000
7265274.438904 7265274.438904 1.000000
7264415.216235 7264415.216235 1.000000
7264961.802598 7264961.802598 1.000000
7264859.523344 7264859.523344 1.000000
7264075.727035 7264075.727035 1.000000
7264474.020334 7264474.020334 1.000000
7264290.818764 7264290.818764 1.000000
7263734.928280 7263734.928280 1.000000
7263027.653476 7263027.653476 1.000000
7262301.518921 7262301.518921 1.000000
7262718.877722 7262718.877722 1.000000
7262604.246436 7262604.246436 1.000000
7262305.830850 7262305.830850 1.000000
7262000.181968 7262000.181968 1.000000
7262298.930900 7262298.930900 1.000000
7261305.428878 7261305.428878 1.000000
7261195.893517 7261195.893517 1.000000
7260209.314764 7260209.314764 1.000000
7260064.183150 7260064.183150 1.000000
7260205.825062 7260205.825062 1.000000
7260035.309440 7260035.309440 1.000000
7259918.838053 7259918.838053 1.000000
7260303.377800 7260303.377800 1.000000
7260765.572546 7260765.572546 1.000000
7260854.320654 7260854.320654 1.000000
7260978.615027 7260978.615027 1.000000
7261437.246349 7261437.246349 1.000000
7261098.721308 7261098.721308 1.000000
7260997.960855 7260997.960855 1.000000
7260458.617703 7260458.617703 1.000000
7260335.980653 7260335.980653 1.000000
7259721.043009 7259721.043009 1.000000
7259587.159755 7259587.159755 1.000000
7259445.907723 7259445.907723 1.000000
7258547.403278 7258547.403278 1.000000
7259519.549290 7259519.549290 1.000000
7259080.071949 7259080.071949 1.000000
7258946.052440 7258946.052440 1.000000
7258318.840697 7258318.840697 1.000000
7258190.339824 7258190.339824 1.000000
7258048.253043 7258048.253043 1.000000
7257914.106572 7257914.106572 1.000000
7257702.349432 7257702.349432 1.000000
7256739.767651 7256739.767651 1.000000
7257264.825795 7257264.825795 1.000000
7257856.161631 7257856.161631 1.000000
7258122.034156 7258122.034156 1.000000
7258311.133216 7258311.133216 1.000000
7257666.922700 7257666.922700 1.000000
7257462.635598 7257462.635598 1.000000
7257299.378546 7257299.378546 1.000000
7257070.449835 7257070.449835 1.000000
7257209.023560 7257209.023560 1.000000
7257884.751303 7257884.751303 1.000000
7257518.762155 7257518.762155 1.000000
7257404.860208 7257404.860208 1.000000
7257911.306137 7257911.306137 1.000000
7257942.592179 7257942.592179 1.000000
7257767.903574 7257767.903574 1.000000
7258493.064478 7258493.064478 1.000000
7259224.158133 7259224.158133 1.000000
7259353.445702 7259353.445702 1.000000
7259535.130613 7259535.130613 1.000000
7259735.842907 7259735.842907 1.000000
7259903.280532 7259903.280532 1.000000
7260020.921843 7260020.921843 1.000000
7259790.241767 7259790.241767 1.000000
7259684.869261 7259684.869261 1.000000
7259786.680972 7259786.680972 1.000000
7260423.009887 7260423.009887 1.000000
7260261.277850 7260261.277850 1.000000
7260132.580086 7260132.580086 1.000000
7260397.514562 7260397.514562 1.000000
7260517.061113 7260517.061113 1.000000
7260727.283873 7260727.283873 1.000000
7261640.721670 7261640.721670 1.000000
7261979.106425 7261979.106425 1.000000
7261627.454159 7261627.454159 1.000000
7261526.618152 7261526.618152 1.000000
7261416.941742 7261416.941742 1.000000
7261083.716222 7261083.716222 1.000000
7260599.262118 7260599.262118 1.000000
7260695.760893 7260695.760893 1.000000
7260188.532630 7260188.532630 1.000000
7260364.569564 7260364.569564 1.000000
7260756.368675 7260756.368675 1.000000
7260272.825514 7260272.825514 1.000000
7260402.752738 7260402.752738 1.000000
7260532.131802 7260532.131802 1.000000
7260698.505679 7260698.505679 1.000000
7260987.659823 7260987.659823 1.000000
