7402019.123372 7402019.123372 1.000000
7403788.026652 7403788.026652 1.000000
7405138.160469 7405138.160469 1.000000
7407001.069325 7407001.069325 1.000000
7405467.171138 7405467.171138 1.000000
7407482.820773 7407482.820773 1.000000
7407262.330028 7407262.330028 1.000000
7407894.959508 7407894.959508 1.000000
7408575.979802 7408575.979802 1.000000
7411254.400391 7411254.400391 1.000000
7413436.237062 7413436.237062 1.000000
7414120.425033 7414120.425033 1.000000
7414509.261616 7414509.261616 1.000000
7415471.568362 7415471.568362 1.000000
7416341.011816 7416341.011816 1.000000
7416671.281109 7416671.281109 1.000000
7417337.029473 7417337.029473 1.000000
7417608.867983 7417608.867983 1.000000
7417852.138567 7417852.138567 1.000000
7418337.321528 7418337.321528 1.000000
7418629.415018 7418629.415018 1.000000
7419139.976630 7419139.976630 1.000000
7420383.388096 7420383.388096 1.000000
7421315.079523 7421315.079523 1.000000
7421302.866400 7421302.866400 1.000000
7421535.986291 7421535.986291 1.000000
7421621.909202 7421621.909202 1.000000
7422420.105796 7422420.105796 1.000000
7421816.590145 7421816.590145 1.000000
7421859.918809 7421859.918809 1.000000
7422030.214377 7422030.214377 1.000000
7421683.791278 7421683.791278 1.000000
7422204.479904 7422204.479904 1.000000
7422234.967189 7422234.967189 1.000000
7422172.521818 7422172.521818 1.000000
7422158.910608 7422158.910608 1.000000
7422030.167856 7422030.167856 1.000000
7421799.379815 7421799.379815 1.000000
7421848.926224 7421848.926224 1.000000
7422548.210849 7422548.210849 1.000000
7423478.919692 7423478.919692 1.000000
7423275.470832 7423275.470832 1.000000
7423260.219053 7423260.219053 1.000000
7422589.332905 7422589.332905 1.000000
7422379.374854 7422379.374854 1.000000
7422389.518331 7422389.518331 1.000000
7422371.618378 7422371.618378 1.000000
7422743.233697 7422743.233697 1.000000
7422798.700794 7422798.700794 1.000000
7423367.545397 7423367.545397 1.000000
7423814.437375 7423814.437375 1.000000
7424254.543989 7424254.543989 1.000000
7424315.870779 7424315.870779 1.000000
7424519.467211 7424519.467211 1.000000
7424529.471419 7424529.471419 1.000000
7426087.401596 7426087.401596 1.000000
7426119.820225 7426119.820225 1.000000
7426157.424591 7426157.424591 1.000000
7426140.261265 7426140.261265 1.000000
7426071.241822 7426071.241822 1.000000
7426306.684461 7426306.684461 1.000000
7426295.179353 7426295.179353 1.000000
7425793.490685 7425793.490685 1.000000
7426547.537270 7426547.537270 1.000000
7426863.315198 7426863.315198 1.000000
7427525.315614 7427525.315614 1.000000
7427465.234566 7427465.234566 1.000000
7427421.433228 7427421.433228 1.000000
7426837.755329 7426837.755329 1.000000
7426914.695536 7426914.695536 1.000000
7426869.655869 7426869.655869 1.000000
7427159.152538 7427159.152538 1.000000
7427177.704298 7427177.704298 1.000000
7425877.735075 7425877.735075 1.000000
7424973.701075 7424973.701075 1.000000
7424638.087802 7424638.087802 1.000000
7425990.260107 7425990.260107 1.000000
7425281.752789 7425281.752789 1.000000
7425051.311816 7425051.311816 1.000000
7423858.070925 7423858.070925 1.000000
7422392.952134 7422392.952134 1.000000
7424370.096151 7424370.096151 1.000000
7424623.093338 7424623.093338 1.000000
7424535.509989 7424535.509989 1.000000
7424771.001617 7424771.001617 1.000000
7425399.272614 7425399.272614 1.000000
7424184.013913 7424184.013913 1.000000
7425714.560417 7425714.560417 1.000000
7425745.368694 7425745.368694 1.000000
7426096.332923 7426096.332923 1.000000
7425832.034906 7425832.034906 1.000000
7426438.264358 7426438.264358 1.000000
7426349.984033 7426349.984033 1.000000
7426364.561025 7426364.561025 1.000000
7426277.578639 7426277.578639 1.000000
7426324.151599 7426324.151599 1.000000
7426557.404994 7426557.404994 1.000000
7426501.486195 7426501.486195 1.000000
7426838.406254 7426838.406254 1.000000
7426284.664562 7426284.664562 1.000000
7425799.031934 7425799.031934 1.000000
7425837.386283 7425837.386283 1.000000
7426165.664400 7426165.664400 1.000000
7426135.662572 7426135.662572 1.000000
7426335.709484 7426335.709484 1.000000
7426660.283976 7426660.283976 1.000000
7427611.574035 7427611.574035 1.000000
7427595.369522 7427595.369522 1.000000
7427883.752814 7427883.752814 1.000000
7427642.911336 7427642.911336 1.000000
7427203.987444 7427203.987444 1.000000
7427279.061614 7427279.061614 1.000000
7427241.135315 7427241.135315 1.000000
7427147.458417 7427147.458417 1.000000
7427464.986178 7427464.986178 1.000000
7427110.608602 7427110.608602 1.000000
7427121.248403 7427121.248403 1.000000
7427066.185129 7427066.185129 1.000000
7427778.471651 7427778.471651 1.000000
7427454.852791 7427454.852791 1.000000
7427398.557454 7427398.557454 1.000000
7427188.170680 7427188.170680 1.000000
7427250.912715 7427250.912715 1.000000
7425486.467576 7425486.467576 1.000000
7426342.013765 7426342.013765 1.000000
7426358.296293 7426358.296293 1.000000
7425772.327449 7425772.327449 1.000000
7425161.724075 7425161.724075 1.000000
7423804.088684 7423804.088684 1.000000
7423790.154387 7423790.154387 1.000000
7423772.805099 7423772.805099 1.000000
7422299.020821 7422299.020821 1.000000
7422256.256932 7422256.256932 1.000000
7422214.955160 7422214.955160 1.000000
7421993.557927 7421993.557927 1.000000
7422078.562318 7422078.562318 1.000000
7422917.180085 7422917.180085 1.000000
7422959.306741 7422959.306741 1.000000
7423516.517876 7423516.517876 1.000000
7423202.774885 7423202.774885 1.000000
7422336.745645 7422336.745645 1.000000
7422400.677836 7422400.677836 1.000000
7422657.716391 7422657.716391 1.000000
7422924.741593 7422924.741593 1.000000
7422186.865475 7422186.865475 1.000000
7422454.720273 7422454.720273 1.000000
7423169.047799 7423169.047799 1.000000
7423776.925574 7423776.925574 1.000000
7424198.784719 7424198.784719 1.000000
7424747.341435 7424747.341435 1.000000
7424508.238055 7424508.238055 1.000000
7424475.102441 7424475.102441 1.000000
7424686.231744 7424686.231744 1.000000
7424723.858694 7424723.858694 1.000000
7424739.038311 7424739.038311 1.000000
7425007.157689 7425007.157689 1.000000
7425646.643007 7425646.643007 1.000000
7425603.835326 7425603.835326 1.000000
7425183.337092 7425183.337092 1.000000
7425953.699195 7425953.699195 1.000000
7424681.950238 7424681.950238 1.000000
7424650.972274 7424650.972274 1.000000
7424650.978743 7424650.978743 1.000000
7424871.701757 7424871.701757 1.000000
7424958.153378 7424958.153378 1.000000
7424796.765689 7424796.765689 1.000000
7424369.908399 7424369.908399 1.000000
7423608.794628 7423608.794628 1.000000
7423055.334007 7423055.334007 1.000000
7421753.575203 7421753.575203 1.000000
7420991.876680 7420991.876680 1.000000
7417257.560211 7417257.560211 1.000000
7417210.737651 7417210.737651 1.000000
7416950.908513 7416950.908513 1.000000
7416681.860597 7416681.860597 1.000000
7416391.529315 7416391.529315 1.000000
7418179.255115 7418179.255115 1.000000
7419019.749776 7419019.749776 1.000000
7419394.561111 7419394.561111 1.000000
7419738.244263 7419738.244263 1.000000
7419805.097306 7419805.097306 1.000000
7401602.460585 7401602.460585 1.000000
7403667.396120 7403667.396120 1.000000
7403940.356727 7403940.356727 1.000000
7407117.626638 7407117.626638 1.000000
7408762.415725 7408762.415725 1.000000
7409722.280177 7409722.280177 1.000000
7411625.687032 7411625.687032 1.000000
7412541.263604 7412541.263604 1.000000
7413066.863240 7413066.863240 1.000000
7413427.750890 7413427.750890 1.000000
7414644.160002 7414644.160002 1.000000
7414693.555922 7414693.555922 1.000000
7414676.017333 7414676.017333 1.000000
7415753.030833 7415753.030833 1.000000
7416241.599599 7416241.599599 1.000000
7416662.447686 7416662.447686 1.000000
7417136.118044 7417136.118044 1.000000
7416681.721256 7416681.721256 1.000000
7415986.178897 7415986.178897 1.000000
7415916.458976 7415916.458976 1.000000
7415671.661455 7415671.661455 1.000000
7413742.611856 7413742.611856 1.000000
7413301.708858 7413301.708858 1.000000
7413692.477534 7413692.477534 1.000000
7413816.063873 7413816.063873 1.000000
7412419.227519 7412419.227519 1.000000
7412654.266724 7412654.266724 1.000000
7414223.779221 7414223.779221 1.000000
7414871.200114 7414871.200114 1.000000
7415306.265369 7415306.265369 1.000000
7398891.182449 7398891.182449 1.000000
7398936.799537 7398936.799537 1.000000
7399178.506898 7399178.506898 1.000000
7398920.864732 7398920.864732 1.000000
7399590.058290 7399590.058290 1.000000
7398707.071604 7398707.071604 1.000000
7398113.492947 7398113.492947 1.000000
7398035.700928 7398035.700928 1.000000
7397090.605483 7397090.605483 1.000000
7396107.678916 7396107.678916 1.000000
7396095.100095 7396095.100095 1.000000
7395499.308415 7395499.308415 1.000000
7393016.538570 7393016.538570 1.000000
7393363.608189 7393363.608189 1.000000
7394086.929429 7394086.929429 1.000000
7394392.991187 7394392.991187 1.000000
7397732.204469 7397732.204469 1.000000
7398048.867358 7398048.867358 1.000000
7400881.244575 7400881.244575 1.000000
7402377.069862 7402377.069862 1.000000
7402454.852123 7402454.852123 1.000000
7402544.672222 7402544.672222 1.000000
7404024.330254 7404024.330254 1.000000
7404427.657836 7404427.657836 1.000000
7405848.808000 7405848.808000 1.000000
7407714.431413 7407714.431413 1.000000
7410170.543728 7410170.543728 1.000000
7410252.894089 7410252.894089 1.000000
7410659.755888 7410659.755888 1.000000
7411012.617207 7411012.617207 1.000000
7411321.886269 7411321.886269 1.000000
7411384.058900 7411384.058900 1.000000
7411030.471740 7411030.471740 1.000000
7411115.623781 7411115.623781 1.000000
7410687.987088 7410687.987088 1.000000
7410372.737286 7410372.737286 1.000000
7410616.858048 7410616.858048 1.000000
7411313.309729 7411313.309729 1.000000
7411278.722026 7411278.722026 1.000000
7411869.228661 7411869.228661 1.000000
7412537.652460 7412537.652460 1.000000
7412595.377272 7412595.377272 1.000000
7413332.292481 7413332.292481 1.000000
7413681.191517 7413681.191517 1.000000
7415208.991531 7415208.991531 1.000000
7415444.305677 7415444.305677 1.000000
7415744.106765 7415744.106765 1.000000
7415076.128425 7415076.128425 1.000000
7414517.292046 7414517.292046 1.000000
7413924.835789 7413924.835789 1.000000
7413652.727944 7413652.727944 1.000000
7413642.260275 7413642.260275 1.000000
7413676.780268 7413676.780268 1.000000
7412383.485983 7412383.485983 1.000000
7412301.982857 7412301.982857 1.000000
7412282.345499 7412282.345499 1.000000
7412282.525622 7412282.525622 1.000000
7412023.168919 7412023.168919 1.000000
7412108.985794 7412108.985794 1.000000
7408401.211364 7408401.211364 1.000000
7408721.098643 7408721.098643 1.000000
7409296.449693 7409296.449693 1.000000
7408182.027148 7408182.027148 1.000000
7408230.773941 7408230.773941 1.000000
7404169.523549 7404169.523549 1.000000
7402018.945498 7402018.945498 1.000000
7401691.579257 7401691.579257 1.000000
7401603.300184 7401603.300184 1.000000
7400302.699729 7400302.699729 1.000000
7401011.754303 7401011.754303 1.000000
7401217.133423 7401217.133423 1.000000
7401233.632230 7401233.632230 1.000000
7401550.792367 7401550.792367 1.000000
7402241.703707 7402241.703707 1.000000
7403089.335814 7403089.335814 1.000000
7402383.933193 7402383.933193 1.000000
7401463.436908 7401463.436908 1.000000
7399748.183685 7399748.183685 1.000000
7399473.650628 7399473.650628 1.000000
7399367.385539 7399367.385539 1.000000
7409845.050279 7409845.050279 1.000000
7409601.939331 7409601.939331 1.000000
7409822.713025 7409822.713025 1.000000
7409079.966953 7409079.966953 1.000000
7408056.256361 7408056.256361 1.000000
7405358.518764 7405358.518764 1.000000
7406667.412021 7406667.412021 1.000000
7409532.648221 7409532.648221 1.000000
7419174.642635 7419174.642635 1.000000
7426323.592591 7426323.592591 1.000000
7425943.292378 7425943.292378 1.000000
7427343.700504 7427343.700504 1.000000
7427085.718077 7427085.718077 1.000000
7426443.240721 7426443.240721 1.000000
7426478.379571 7426478.379571 1.000000
7426460.359177 7426460.359177 1.000000
7425590.038720 7425590.038720 1.000000
7425968.038254 7425968.038254 1.000000
7424894.922269 7424894.922269 1.000000
7424982.357251 7424982.357251 1.000000
7425575.586279 7425575.586279 1.000000
7425783.701690 7425783.701690 1.000000
7421179.883925 7421179.883925 1.000000
7418155.427815 7418155.427815 1.000000
7418070.260723 7418070.260723 1.000000
7417521.978547 7417521.978547 1.000000
7418925.696120 7418925.696120 1.000000
7419157.486862 7419157.486862 1.000000
7419157.429666 7419157.429666 1.000000
7419406.280631 7419406.280631 1.000000
7419436.553802 7419436.553802 1.000000
7420816.983678 7420816.983678 1.000000
7420763.674175 7420763.674175 1.000000
7419617.639824 7419617.639824 1.000000
7419905.399557 7419905.399557 1.000000
7420113.057876 7420113.057876 1.000000
7420104.611232 7420104.611232 1.000000
7419491.063335 7419491.063335 1.000000
7419736.392923 7419736.392923 1.000000
7419358.004429 7419358.004429 1.000000
7417711.270373 7417711.270373 1.000000
7416268.886229 7416268.886229 1.000000
7416336.064905 7416336.064905 1.000000
7416305.427693 7416305.427693 1.000000
7414981.411578 7414981.411578 1.000000
7414533.577529 7414533.577529 1.000000
7411021.825994 7411021.825994 1.000000
7408042.559085 7408042.559085 1.000000
7401534.831142 7401534.831142 1.000000
7400310.411054 7400310.411054 1.000000
7399453.730183 7399453.730183 1.000000
7399844.530205 7399844.530205 1.000000
7401721.873058 7401721.873058 1.000000
7402709.529174 7402709.529174 1.000000
7400841.894098 7400841.894098 1.000000
7400931.142860 7400931.142860 1.000000
7398977.616672 7398977.616672 1.000000
7399218.646250 7399218.646250 1.000000
7397823.567153 7397823.567153 1.000000
7398195.143932 7398195.143932 1.000000
7397239.032295 7397239.032295 1.000000
7397225.855769 7397225.855769 1.000000
7397141.512329 7397141.512329 1.000000
7397448.202840 7397448.202840 1.000000
7397690.548780 7397690.548780 1.000000
7397710.372790 7397710.372790 1.000000
7398074.944658 7398074.944658 1.000000
7398075.125511 7398075.125511 1.000000
7398332.163105 7398332.163105 1.000000
7399116.581527 7399116.581527 1.000000
7401109.977060 7401109.977060 1.000000
7402655.526857 7402655.526857 1.000000
7402967.868263 7402967.868263 1.000000
7403004.435835 7403004.435835 1.000000
7403002.775795 7403002.775795 1.000000
7403365.815047 7403365.815047 1.000000
7403885.211313 7403885.211313 1.000000
7404091.170687 7404091.170687 1.000000
7403842.875378 7403842.875378 1.000000
7402354.229372 7402354.229372 1.000000
7403304.611422 7403304.611422 1.000000
7404080.585152 7404080.585152 1.000000
7403783.980668 7403783.980668 1.000000
7403108.099859 7403108.099859 1.000000
7403970.749491 7403970.749491 1.000000
7406461.816376 7406461.816376 1.000000
7405982.414747 7405982.414747 1.000000
7407550.400111 7407550.400111 1.000000
7408100.228455 7408100.228455 1.000000
7408698.088454 7408698.088454 1.000000
7408708.113505 7408708.113505 1.000000
7408692.970652 7408692.970652 1.000000
7408779.586646 7408779.586646 1.000000
7408724.687427 7408724.687427 1.000000
7406433.922878 7406433.922878 1.000000
7406232.703337 7406232.703337 1.000000
7399752.074695 7399752.074695 1.000000
7405543.864093 7405543.864093 1.000000
7411628.125921 7411628.125921 1.000000
7414244.716206 7414244.716206 1.000000
7413720.853343 7413720.853343 1.000000
7400190.340697 7400190.340697 1.000000
7401506.881763 7401506.881763 1.000000
7403639.768478 7403639.768478 1.000000
7404164.476601 7404164.476601 1.000000
7403546.676508 7403546.676508 1.000000
7404685.883648 7404685.883648 1.000000
7408986.715350 7408986.715350 1.000000
7408976.234556 7408976.234556 1.000000
7408596.509484 7408596.509484 1.000000
7408590.324488 7408590.324488 1.000000
7408309.540538 7408309.540538 1.000000
7407870.236836 7407870.236836 1.000000
7404932.137428 7404932.137428 1.000000
7404711.179869 7404711.179869 1.000000
7403964.498331 7403964.498331 1.000000
7402518.652040 7402518.652040 1.000000
7401670.694888 7401670.694888 1.000000
7402096.930955 7402096.930955 1.000000
7402383.156128 7402383.156128 1.000000
7402913.099209 7402913.099209 1.000000
7403784.735741 7403784.735741 1.000000
7406274.692953 7406274.692953 1.000000
7407082.593029 7407082.593029 1.000000
7408919.635090 7408919.635090 1.000000
7409464.247772 7409464.247772 1.000000
7410742.469188 7410742.469188 1.000000
7412255.783742 7412255.783742 1.000000
7412319.079075 7412319.079075 1.000000
7412335.093313 7412335.093313 1.000000
7400694.614214 7400694.614214 1.000000
7456710.433201 7456710.433201 1.000000
7391895.488645 7391895.488645 1.000000
7509142.499339 7509142.499339 1.000000
7339594.916287 7339594.916287 1.000000
7655009.571508 7655009.571508 1.000000
7607236.268203 7607236.268203 1.000000
7386084.753054 7386084.753054 1.000000
7385881.599711 7385881.599711 1.000000
7387604.146254 7387604.146254 1.000000
7386817.042517 7386817.042517 1.000000
7388534.854323 7388534.854323 1.000000
7388270.875242 7388270.875242 1.000000
7389390.979119 7389390.979119 1.000000
7392952.772518 7392952.772518 1.000000
7392738.052964 7392738.052964 1.000000
7386953.265965 7386953.265965 1.000000
7397906.482778 7397906.482778 1.000000
7399472.446239 7399472.446239 1.000000
7392305.951027 7392305.951027 1.000000
7393166.812171 7393166.812171 1.000000
7390205.704601 7390205.704601 1.000000
7391674.633644 7391674.633644 1.000000
7387669.477600 7387669.477600 1.000000
7377173.734795 7377173.734795 1.000000
7391498.648933 7391498.648933 1.000000
7385049.277436 7385049.277436 1.000000
7389521.502755 7389521.502755 1.000000
7392929.935077 7392929.935077 1.000000
7400122.791128 7400122.791128 1.000000
7399222.112914 7399222.112914 1.000000
7406683.004457 7406683.004457 1.000000
7399154.788183 7399154.788183 1.000000
7399375.293080 7399375.293080 1.000000
7384985.629160 7384985.629160 1.000000
7406027.036540 7406027.036540 1.000000
7423241.450502 7423241.450502 1.000000
7431296.592337 7431296.592337 1.000000
7442611.990731 7442611.990731 1.000000
7465554.440570 7465554.440570 1.000000
7396963.536198 7396963.536198 1.000000
7402642.355692 7402642.355692 1.000000
7402634.557746 7402634.557746 1.000000
7401254.404004 7401254.404004 1.000000
7401331.708082 7401331.708082 1.000000
7401179.644294 7401179.644294 1.000000
7398320.076144 7398320.076144 1.000000
7398231.289849 7398231.289849 1.000000
7397299.210214 7397299.210214 1.000000
7397337.951302 7397337.951302 1.000000
7397383.971536 7397383.971536 1.000000
7397427.067387 7397427.067387 1.000000
7397461.714682 7397461.714682 1.000000
7397923.547059 7397923.547059 1.000000
7398987.884385 7398987.884385 1.000000
7401212.411205 7401212.411205 1.000000
7403685.967275 7403685.967275 1.000000
7403267.713920 7403267.713920 1.000000
7403367.508419 7403367.508419 1.000000
7403909.371997 7403909.371997 1.000000
7402297.809369 7402297.809369 1.000000
7397020.968436 7397020.968436 1.000000
7396864.990902 7396864.990902 1.000000
7396883.691500 7396883.691500 1.000000
7396924.404741 7396924.404741 1.000000
7397236.398946 7397236.398946 1.000000
7397069.805309 7397069.805309 1.000000
7396306.069965 7396306.069965 1.000000
7395597.201041 7395597.201041 1.000000
7394459.103070 7394459.103070 1.000000
7394385.756984 7394385.756984 1.000000
7393667.926440 7393667.926440 1.000000
7392954.173269 7392954.173269 1.000000
7392531.978392 7392531.978392 1.000000
7391805.599844 7391805.599844 1.000000
7390903.974122 7390903.974122 1.000000
7388967.077988 7388967.077988 1.000000
7388755.828524 7388755.828524 1.000000
7388277.903231 7388277.903231 1.000000
7388184.508773 7388184.508773 1.000000
7387421.512494 7387421.512494 1.000000
7387332.821743 7387332.821743 1.000000
7387115.464201 7387115.464201 1.000000
7386753.869136 7386753.869136 1.000000
7386700.847344 7386700.847344 1.000000
7386336.727783 7386336.727783 1.000000
7386086.040663 7386086.040663 1.000000
7385800.489937 7385800.489937 1.000000
7384892.457026 7384892.457026 1.000000
7384837.863107 7384837.863107 1.000000
7384616.870541 7384616.870541 1.000000
7384568.385953 7384568.385953 1.000000
7384509.802186 7384509.802186 1.000000
7384462.161257 7384462.161257 1.000000
7383917.063202 7383917.063202 1.000000
7383695.319568 7383695.319568 1.000000
7383624.937916 7383624.937916 1.000000
7383292.160779 7383292.160779 1.000000
7383242.958321 7383242.958321 1.000000
7383192.202153 7383192.202153 1.000000
7382928.338461 7382928.338461 1.000000
7382946.937797 7382946.937797 1.000000
7382900.792699 7382900.792699 1.000000
7382846.405559 7382846.405559 1.000000
7382642.007158 7382642.007158 1.000000
7382358.876317 7382358.876317 1.000000
7381436.314239 7381436.314239 1.000000
7381400.733341 7381400.733341 1.000000
7381105.161035 7381105.161035 1.000000
7381032.577144 7381032.577144 1.000000
7380996.040126 7380996.040126 1.000000
7380903.895841 7380903.895841 1.000000
7380856.187805 7380856.187805 1.000000
7380868.424230 7380868.424230 1.000000
7380807.477833 7380807.477833 1.000000
7380036.525448 7380036.525448 1.000000
7379561.105299 7379561.105299 1.000000
7379095.683935 7379095.683935 1.000000
7379115.502033 7379115.502033 1.000000
7380068.005095 7380068.005095 1.000000
7380011.791624 7380011.791624 1.000000
7380029.664346 7380029.664346 1.000000
7378928.974532 7378928.974532 1.000000
7379054.116092 7379054.116092 1.000000
7378563.687321 7378563.687321 1.000000
7378394.663911 7378394.663911 1.000000
7378380.664919 7378380.664919 1.000000
7378698.785047 7378698.785047 1.000000
7379508.200208 7379508.200208 1.000000
7379213.122701 7379213.122701 1.000000
7379127.891685 7379127.891685 1.000000
7379086.455170 7379086.455170 1.000000
7379011.276703 7379011.276703 1.000000
7378194.057409 7378194.057409 1.000000
7378173.754181 7378173.754181 1.000000
7378156.510693 7378156.510693 1.000000
7378170.635323 7378170.635323 1.000000
7378135.694866 7378135.694866 1.000000
7377645.887583 7377645.887583 1.000000
7377429.895898 7377429.895898 1.000000
7377397.074264 7377397.074264 1.000000
7377083.646643 7377083.646643 1.000000
7376921.571602 7376921.571602 1.000000
7376870.872916 7376870.872916 1.000000
7376872.841707 7376872.841707 1.000000
7376527.117742 7376527.117742 1.000000
7376532.578179 7376532.578179 1.000000
7376275.683941 7376275.683941 1.000000
7376237.827091 7376237.827091 1.000000
7376257.608713 7376257.608713 1.000000
7375914.396015 7375914.396015 1.000000
7375654.053876 7375654.053876 1.000000
7375363.823557 7375363.823557 1.000000
7374914.772350 7374914.772350 1.000000
7374669.747957 7374669.747957 1.000000
7374634.046162 7374634.046162 1.000000
7374835.811625 7374835.811625 1.000000
7374854.359705 7374854.359705 1.000000
7374808.180937 7374808.180937 1.000000
7374776.273374 7374776.273374 1.000000
7374778.528217 7374778.528217 1.000000
7374705.085013 7374705.085013 1.000000
7375670.113819 7375670.113819 1.000000
7375398.699957 7375398.699957 1.000000
7375335.185086 7375335.185086 1.000000
7375265.671364 7375265.671364 1.000000
7375196.516655 7375196.516655 1.000000
7375184.826302 7375184.826302 1.000000
7375119.636473 7375119.636473 1.000000
7374832.551834 7374832.551834 1.000000
7374449.534654 7374449.534654 1.000000
7374438.643225 7374438.643225 1.000000
7373963.152816 7373963.152816 1.000000
7372702.454421 7372702.454421 1.000000
7372655.218331 7372655.218331 1.000000
7372320.320407 7372320.320407 1.000000
7371009.242574 7371009.242574 1.000000
7370180.570362 7370180.570362 1.000000
7369315.632662 7369315.632662 1.000000
7368676.225572 7368676.225572 1.000000
7367542.122730 7367542.122730 1.000000
7366880.000726 7366880.000726 1.000000
7366309.843163 7366309.843163 1.000000
7365488.269919 7365488.269919 1.000000
7364098.703353 7364098.703353 1.000000
7361056.887385 7361056.887385 1.000000
7360653.824354 7360653.824354 1.000000
7360659.492429 7360659.492429 1.000000
7361114.341248 7361114.341248 1.000000
7361271.967379 7361271.967379 1.000000
7361176.798821 7361176.798821 1.000000
7361212.812057 7361212.812057 1.000000
7362117.757283 7362117.757283 1.000000
7362174.905870 7362174.905870 1.000000
7361881.194671 7361881.194671 1.000000
7361893.372556 7361893.372556 1.000000
7361911.831556 7361911.831556 1.000000
7362248.043087 7362248.043087 1.000000
7362234.461671 7362234.461671 1.000000
7362216.890326 7362216.890326 1.000000
7362008.217043 7362008.217043 1.000000
7361984.283552 7361984.283552 1.000000
7361848.694163 7361848.694163 1.000000
7360915.224855 7360915.224855 1.000000
7360926.170099 7360926.170099 1.000000
7360937.487949 7360937.487949 1.000000
7360951.604807 7360951.604807 1.000000
7360987.710362 7360987.710362 1.000000
7360916.872759 7360916.872759 1.000000
7360859.256023 7360859.256023 1.000000
7360368.061648 7360368.061648 1.000000
7359567.706331 7359567.706331 1.000000
7358885.089061 7358885.089061 1.000000
7358818.397735 7358818.397735 1.000000
7358650.275929 7358650.275929 1.000000
7358380.605544 7358380.605544 1.000000
7358285.113059 7358285.113059 1.000000
7358219.284477 7358219.284477 1.000000
7357951.843277 7357951.843277 1.000000
7357878.887203 7357878.887203 1.000000
7357801.581101 7357801.581101 1.000000
7357734.569786 7357734.569786 1.000000
7357613.486158 7357613.486158 1.000000
7357389.412847 7357389.412847 1.000000
7357116.857548 7357116.857548 1.000000
7357026.250681 7357026.250681 1.000000
7357075.413273 7357075.413273 1.000000
7357423.390124 7357423.390124 1.000000
7357420.990561 7357420.990561 1.000000
7357682.291949 7357682.291949 1.000000
7357722.139649 7357722.139649 1.000000
7357459.165706 7357459.165706 1.000000
7357401.200742 7357401.200742 1.000000
7357269.163244 7357269.163244 1.000000
7357320.887420 7357320.887420 1.000000
7357304.037405 7357304.037405 1.000000
7357052.162573 7357052.162573 1.000000
7357011.754915 7357011.754915 1.000000
7356974.627149 7356974.627149 1.000000
7356955.486292 7356955.486292 1.000000
7357388.198958 7357388.198958 1.000000
7357426.444789 7357426.444789 1.000000
7357377.595384 7357377.595384 1.000000
7356922.312087 7356922.312087 1.000000
7356940.913192 7356940.913192 1.000000
7357102.611434 7357102.611434 1.000000
7356155.947085 7356155.947085 1.000000
7356171.415323 7356171.415323 1.000000
7356158.418161 7356158.418161 1.000000
7356218.680942 7356218.680942 1.000000
7356238.404446 7356238.404446 1.000000
7355658.620660 7355658.620660 1.000000
7355099.711138 7355099.711138 1.000000
7355068.350187 7355068.350187 1.000000
7355159.370550 7355159.370550 1.000000
7354927.028353 7354927.028353 1.000000
7354987.556905 7354987.556905 1.000000
7354701.501501 7354701.501501 1.000000
7354171.103572 7354171.103572 1.000000
7354166.045891 7354166.045891 1.000000
7354508.464772 7354508.464772 1.000000
7354563.234087 7354563.234087 1.000000
7354948.594245 7354948.594245 1.000000
7355021.570099 7355021.570099 1.000000
7355307.448688 7355307.448688 1.000000
7355352.345254 7355352.345254 1.000000
7355435.025526 7355435.025526 1.000000
7355676.138748 7355676.138748 1.000000
7356036.775880 7356036.775880 1.000000
7356072.084708 7356072.084708 1.000000
7356151.265836 7356151.265836 1.000000
7356553.082976 7356553.082976 1.000000
7356635.925542 7356635.925542 1.000000
7356925.265730 7356925.265730 1.000000
7357288.390862 7357288.390862 1.000000
7357332.589583 7357332.589583 1.000000
7357558.277900 7357558.277900 1.000000
7357477.875425 7357477.875425 1.000000
7356320.160317 7356320.160317 1.000000
7355754.788648 7355754.788648 1.000000
7355492.107829 7355492.107829 1.000000
7355433.456414 7355433.456414 1.000000
7355419.030826 7355419.030826 1.000000
7355152.923628 7355152.923628 1.000000
7354909.724392 7354909.724392 1.000000
7354878.872920 7354878.872920 1.000000
7354812.574246 7354812.574246 1.000000
7354372.036265 7354372.036265 1.000000
7353878.636121 7353878.636121 1.000000
7353383.765037 7353383.765037 1.000000
7353379.991630 7353379.991630 1.000000
7350914.424565 7350914.424565 1.000000
7350873.394175 7350873.394175 1.000000
7350873.002576 7350873.002576 1.000000
7350885.544666 7350885.544666 1.000000
7351280.082497 7351280.082497 1.000000
7351735.832561 7351735.832561 1.000000
7352339.689685 7352339.689685 1.000000
7352033.439148 7352033.439148 1.000000
7351816.187382 7351816.187382 1.000000
7351871.032264 7351871.032264 1.000000
7351649.944113 7351649.944113 1.000000
7352127.744764 7352127.744764 1.000000
7352161.165062 7352161.165062 1.000000
7352591.281037 7352591.281037 1.000000
7352933.917579 7352933.917579 1.000000
7353004.349072 7353004.349072 1.000000
7353292.877537 7353292.877537 1.000000
7353329.347241 7353329.347241 1.000000
7353608.495444 7353608.495444 1.000000
7353537.032157 7353537.032157 1.000000
7353822.210168 7353822.210168 1.000000
7353838.804473 7353838.804473 1.000000
7353782.582963 7353782.582963 1.000000
7354295.050548 7354295.050548 1.000000
7357607.038707 7357607.038707 1.000000
7357613.096322 7357613.096322 1.000000
7357598.157832 7357598.157832 1.000000
7357599.003543 7357599.003543 1.000000
7357382.806391 7357382.806391 1.000000
7357299.325343 7357299.325343 1.000000
7357232.726122 7357232.726122 1.000000
7357163.508234 7357163.508234 1.000000
7357986.864528 7357986.864528 1.000000
7357972.528165 7357972.528165 1.000000
7357737.218330 7357737.218330 1.000000
7357530.760552 7357530.760552 1.000000
7357588.118628 7357588.118628 1.000000
7357458.175825 7357458.175825 1.000000
7357466.315793 7357466.315793 1.000000
7357426.852937 7357426.852937 1.000000
7357630.081906 7357630.081906 1.000000
7357599.839038 7357599.839038 1.000000
7357835.527641 7357835.527641 1.000000
7357900.994572 7357900.994572 1.000000
7358612.031242 7358612.031242 1.000000
7358900.218545 7358900.218545 1.000000
7358821.322460 7358821.322460 1.000000
7358595.695645 7358595.695645 1.000000
7358337.195477 7358337.195477 1.000000
7358353.078758 7358353.078758 1.000000
7358397.681192 7358397.681192 1.000000
7358667.608367 7358667.608367 1.000000
7356507.900179 7356507.900179 1.000000
7356489.650834 7356489.650834 1.000000
7356421.038109 7356421.038109 1.000000
7356663.390152 7356663.390152 1.000000
7356186.479991 7356186.479991 1.000000
7355898.630491 7355898.630491 1.000000
7355857.908170 7355857.908170 1.000000
7354184.379364 7354184.379364 1.000000
7353933.225472 7353933.225472 1.000000
7353193.433984 7353193.433984 1.000000
7352783.140350 7352783.140350 1.000000
7353312.430626 7353312.430626 1.000000
7352817.451420 7352817.451420 1.000000
7352851.796172 7352851.796172 1.000000
7352311.888992 7352311.888992 1.000000
7352522.309330 7352522.309330 1.000000
7351641.098734 7351641.098734 1.000000
7351304.158594 7351304.158594 1.000000
7350537.098478 7350537.098478 1.000000
7350242.551181 7350242.551181 1.000000
