7417961.009833 7417961.009833 1.000000
7417921.233079 7417921.233079 1.000000
7418213.907111 7418213.907111 1.000000
7418167.496762 7418167.496762 1.000000
7417350.289907 7417350.289907 1.000000
7418152.919426 7418152.919426 1.000000
7418113.338309 7418113.338309 1.000000
7418618.380720 7418618.380720 1.000000
7418657.853059 7418657.853059 1.000000
7418267.408034 7418267.408034 1.000000
7418785.145138 7418785.145138 1.000000
7418704.209441 7418704.209441 1.000000
7418258.588632 7418258.588632 1.000000
7418205.537979 7418205.537979 1.000000
7418720.932194 7418720.932194 1.000000
7418569.768153 7418569.768153 1.000000
7418903.263208 7418903.263208 1.000000
7419335.373466 7419335.373466 1.000000
7418991.267547 7418991.267547 1.000000
7419059.035978 7419059.035978 1.000000
7419747.445862 7419747.445862 1.000000
7419914.089724 7419914.089724 1.000000
7420852.355772 7420852.355772 1.000000
7421338.419163 7421338.419163 1.000000
7422193.425207 7422193.425207 1.000000
7422153.164089 7422153.164089 1.000000
7422094.929385 7422094.929385 1.000000
7422259.687384 7422259.687384 1.000000
7422915.639085 7422915.639085 1.000000
7422965.935163 7422965.935163 1.000000
7423027.501000 7423027.501000 1.000000
7423091.884412 7423091.884412 1.000000
7423125.306746 7423125.306746 1.000000
7423174.160441 7423174.160441 1.000000
7423307.543683 7423307.543683 1.000000
7423342.873206 7423342.873206 1.000000
7423457.835884 7423457.835884 1.000000
7423520.103972 7423520.103972 1.000000
7423477.969546 7423477.969546 1.000000
7423879.202862 7423879.202862 1.000000
7423801.315453 7423801.315453 1.000000
7423749.508866 7423749.508866 1.000000
7423585.898656 7423585.898656 1.000000
7423483.749386 7423483.749386 1.000000
7423394.991258 7423394.991258 1.000000
7422725.448573 7422725.448573 1.000000
7422651.076005 7422651.076005 1.000000
7422561.414207 7422561.414207 1.000000
7422484.862204 7422484.862204 1.000000
7423233.018257 7423233.018257 1.000000
7423198.290730 7423198.290730 1.000000
7423139.901816 7423139.901816 1.000000
7423099.496936 7423099.496936 1.000000
7423056.502092 7423056.502092 1.000000
7423096.805003 7423096.805003 1.000000
7423176.213060 7423176.213060 1.000000
7423796.950442 7423796.950442 1.000000
7424478.292164 7424478.292164 1.000000
7424427.191319 7424427.191319 1.000000
7424506.614216 7424506.614216 1.000000
7424434.611401 7424434.611401 1.000000
7424384.434280 7424384.434280 1.000000
7424331.958089 7424331.958089 1.000000
7423362.799867 7423362.799867 1.000000
7423416.142152 7423416.142152 1.000000
7423370.798952 7423370.798952 1.000000
7422706.789397 7422706.789397 1.000000
7422573.542778 7422573.542778 1.000000
7421936.295801 7421936.295801 1.000000
7421864.457384 7421864.457384 1.000000
7421754.259099 7421754.259099 1.000000
7422743.877543 7422743.877543 1.000000
7422842.954164 7422842.954164 1.000000
7422770.205218 7422770.205218 1.000000
7422832.733759 7422832.733759 1.000000
7422772.178763 7422772.178763 1.000000
7422676.675307 7422676.675307 1.000000
7422722.544409 7422722.544409 1.000000
7421874.568759 7421874.568759 1.000000
7421858.873788 7421858.873788 1.000000
7421805.614895 7421805.614895 1.000000
7420883.602251 7420883.602251 1.000000
7420789.728171 7420789.728171 1.000000
7420748.140872 7420748.140872 1.000000
7420682.355496 7420682.355496 1.000000
7420640.499053 7420640.499053 1.000000
7419941.194588 7419941.194588 1.000000
7420216.083910 7420216.083910 1.000000
7420295.327058 7420295.327058 1.000000
7419487.275523 7419487.275523 1.000000
7419532.025465 7419532.025465 1.000000
7420173.776118 7420173.776118 1.000000
7420264.649440 7420264.649440 1.000000
7420133.208091 7420133.208091 1.000000
7420087.458602 7420087.458602 1.000000
7420705.530384 7420705.530384 1.000000
7420012.619526 7420012.619526 1.000000
7420122.928672 7420122.928672 1.000000
7420051.357491 7420051.357491 1.000000
7420169.029448 7420169.029448 1.000000
7420255.399269 7420255.399269 1.000000
7419803.920419 7419803.920419 1.000000
7419760.638801 7419760.638801 1.000000
7420260.669940 7420260.669940 1.000000
7420571.528740 7420571.528740 1.000000
7420611.017942 7420611.017942 1.000000
7420570.171625 7420570.171625 1.000000
7421544.349930 7421544.349930 1.000000
7421698.930284 7421698.930284 1.000000
7421106.478608 7421106.478608 1.000000
7421005.874261 7421005.874261 1.000000
7420942.088027 7420942.088027 1.000000
7421890.340522 7421890.340522 1.000000
7421608.820463 7421608.820463 1.000000
7421684.254156 7421684.254156 1.000000
7421408.041619 7421408.041619 1.000000
7422154.863388 7422154.863388 1.000000
7421610.563522 7421610.563522 1.000000
7421709.831649 7421709.831649 1.000000
7422005.278007 7422005.278007 1.000000
7422131.624359 7422131.624359 1.000000
7422260.926591 7422260.926591 1.000000
7421471.722107 7421471.722107 1.000000
7422050.218558 7422050.218558 1.000000
7422133.370704 7422133.370704 1.000000
7422776.955921 7422776.955921 1.000000
7422465.272438 7422465.272438 1.000000
7422425.881118 7422425.881118 1.000000
7422481.616818 7422481.616818 1.000000
7422167.540019 7422167.540019 1.000000
7422976.420724 7422976.420724 1.000000
7422895.682139 7422895.682139 1.000000
7422827.479716 7422827.479716 1.000000
7422884.208428 7422884.208428 1.000000
7422773.014162 7422773.014162 1.000000
7423309.451595 7423309.451595 1.000000
7423383.193020 7423383.193020 1.000000
7423293.862599 7423293.862599 1.000000
