7349818.842665 7349818.842665 1.000000
7353008.885077 7353008.885077 1.000000
7355951.726991 7355951.726991 1.000000
7359144.060074 7359144.060074 1.000000
7350811.102185 7350811.102185 1.000000
7353285.507580 7353285.507580 1.000000
7355966.311730 7355966.311730 1.000000
7357883.885412 7357883.885412 1.000000
7360235.836783 7360235.836783 1.000000
7361501.249197 7361501.249197 1.000000
7362067.071964 7362067.071964 1.000000
7362663.620494 7362663.620494 1.000000
7364074.036915 7364074.036915 1.000000
7364982.170811 7364982.170811 1.000000
7366364.582204 7366364.582204 1.000000
7367719.036054 7367719.036054 1.000000
7368039.906659 7368039.906659 1.000000
7368144.974476 7368144.974476 1.000000
7368215.766170 7368215.766170 1.000000
7373070.746677 7373070.746677 1.000000
7373290.561484 7373290.561484 1.000000
7373612.641040 7373612.641040 1.000000
7373795.824122 7373795.824122 1.000000
7374166.624300 7374166.624300 1.000000
7375089.582437 7375089.582437 1.000000
7375663.975332 7375663.975332 1.000000
7375031.902163 7375031.902163 1.000000
7374958.679428 7374958.679428 1.000000
7374893.075321 7374893.075321 1.000000
7374790.849417 7374790.849417 1.000000
7374722.579287 7374722.579287 1.000000
7374608.223128 7374608.223128 1.000000
7374542.857928 7374542.857928 1.000000
7374189.876335 7374189.876335 1.000000
7374108.850164 7374108.850164 1.000000
7374370.309436 7374370.309436 1.000000
7374622.394450 7374622.394450 1.000000
7374802.351980 7374802.351980 1.000000
7374855.497114 7374855.497114 1.000000
7376753.698624 7376753.698624 1.000000
7376894.174944 7376894.174944 1.000000
7377632.516302 7377632.516302 1.000000
7378021.253202 7378021.253202 1.000000
7378943.054272 7378943.054272 1.000000
7382614.190449 7382614.190449 1.000000
7383344.230309 7383344.230309 1.000000
7386348.096747 7386348.096747 1.000000
7385088.036411 7385088.036411 1.000000
7377160.563887 7377160.563887 1.000000
7377945.695678 7377945.695678 1.000000
7378019.138381 7378019.138381 1.000000
7378162.480581 7378162.480581 1.000000
7378433.326557 7378433.326557 1.000000
7378352.792105 7378352.792105 1.000000
7378907.042498 7378907.042498 1.000000
7382242.210331 7382242.210331 1.000000
7381271.567566 7381271.567566 1.000000
7380258.408759 7380258.408759 1.000000
7379123.027979 7379123.027979 1.000000
7378681.800045 7378681.800045 1.000000
7377930.502683 7377930.502683 1.000000
7376562.331007 7376562.331007 1.000000
7376043.095080 7376043.095080 1.000000
7375381.793491 7375381.793491 1.000000
7374510.591450 7374510.591450 1.000000
7374219.425672 7374219.425672 1.000000
7370484.013089 7370484.013089 1.000000
7369377.074711 7369377.074711 1.000000
7369429.167007 7369429.167007 1.000000
7370857.748534 7370857.748534 1.000000
7370858.689041 7370858.689041 1.000000
7373739.785360 7373739.785360 1.000000
7373284.588070 7373284.588070 1.000000
7372893.220630 7372893.220630 1.000000
7372448.770158 7372448.770158 1.000000
7372206.163927 7372206.163927 1.000000
7372117.355452 7372117.355452 1.000000
7372046.557593 7372046.557593 1.000000
7369571.103484 7369571.103484 1.000000
7368069.976689 7368069.976689 1.000000
7367938.907838 7367938.907838 1.000000
7367841.836207 7367841.836207 1.000000
7368131.556636 7368131.556636 1.000000
7348620.596845 7348620.596845 1.000000
7348907.895798 7348907.895798 1.000000
7349137.245113 7349137.245113 1.000000
7348242.076825 7348242.076825 1.000000
7348691.558623 7348691.558623 1.000000
7349451.004547 7349451.004547 1.000000
7349525.478136 7349525.478136 1.000000
7349614.249700 7349614.249700 1.000000
7350050.284633 7350050.284633 1.000000
7350244.283653 7350244.283653 1.000000
7350518.964492 7350518.964492 1.000000
7350664.835885 7350664.835885 1.000000
7351039.323747 7351039.323747 1.000000
7351496.731842 7351496.731842 1.000000
7351644.934084 7351644.934084 1.000000
7351990.703299 7351990.703299 1.000000
7352348.036553 7352348.036553 1.000000
7352675.462483 7352675.462483 1.000000
7353234.633461 7353234.633461 1.000000
7353920.056665 7353920.056665 1.000000
7348617.074811 7348617.074811 1.000000
7350666.855411 7350666.855411 1.000000
7351661.506228 7351661.506228 1.000000
7351646.243448 7351646.243448 1.000000
7352048.312840 7352048.312840 1.000000
7352901.333887 7352901.333887 1.000000
7352917.383188 7352917.383188 1.000000
7352929.056615 7352929.056615 1.000000
7352948.155293 7352948.155293 1.000000
7355470.668147 7355470.668147 1.000000
7355486.180272 7355486.180272 1.000000
7356359.671052 7356359.671052 1.000000
7356375.226576 7356375.226576 1.000000
7358985.570793 7358985.570793 1.000000
7358995.598952 7358995.598952 1.000000
7359009.115330 7359009.115330 1.000000
7359462.535520 7359462.535520 1.000000
7360228.376952 7360228.376952 1.000000
7360835.566908 7360835.566908 1.000000
7360854.841836 7360854.841836 1.000000
7360866.535343 7360866.535343 1.000000
7361645.480901 7361645.480901 1.000000
7361667.484648 7361667.484648 1.000000
7361879.080634 7361879.080634 1.000000
7361893.824898 7361893.824898 1.000000
7362202.672015 7362202.672015 1.000000
7362213.077146 7362213.077146 1.000000
7361231.005301 7361231.005301 1.000000
7361248.068079 7361248.068079 1.000000
7361270.686253 7361270.686253 1.000000
7362123.800605 7362123.800605 1.000000
7362137.761508 7362137.761508 1.000000
7364162.437230 7364162.437230 1.000000
7364175.267007 7364175.267007 1.000000
7364160.166056 7364160.166056 1.000000
7364173.475729 7364173.475729 1.000000
7363711.216317 7363711.216317 1.000000
7364443.890450 7364443.890450 1.000000
7364756.933701 7364756.933701 1.000000
7365057.836575 7365057.836575 1.000000
7364916.629267 7364916.629267 1.000000
7364927.835529 7364927.835529 1.000000
7365532.182291 7365532.182291 1.000000
7364802.236592 7364802.236592 1.000000
7365067.589227 7365067.589227 1.000000
7365011.905362 7365011.905362 1.000000
7364791.550072 7364791.550072 1.000000
7364589.472609 7364589.472609 1.000000
7364317.788446 7364317.788446 1.000000
7363736.533041 7363736.533041 1.000000
7399143.811684 7399143.811684 1.000000
7416696.113321 7416696.113321 1.000000
7302229.836117 7302229.836117 1.000000
7448093.505364 7448093.505364 1.000000
7845042.052895 7845042.052895 1.000000
7348619.525996 7348619.525996 1.000000
7348629.876959 7348629.876959 1.000000
7357302.312966 7357302.312966 1.000000
7363618.142819 7363618.142819 1.000000
7357114.811561 7357114.811561 1.000000
7356216.291257 7356216.291257 1.000000
7356035.318013 7356035.318013 1.000000
7361972.610483 7361972.610483 1.000000
7362063.707685 7362063.707685 1.000000
7362172.225066 7362172.225066 1.000000
7362265.706169 7362265.706169 1.000000
7362272.232364 7362272.232364 1.000000
7362259.262092 7362259.262092 1.000000
7362247.322511 7362247.322511 1.000000
7362230.486824 7362230.486824 1.000000
7361747.047338 7361747.047338 1.000000
7361744.771333 7361744.771333 1.000000
7361759.164996 7361759.164996 1.000000
7361356.298329 7361356.298329 1.000000
7369807.791160 7369807.791160 1.000000
7369444.079819 7369444.079819 1.000000
7369457.177346 7369457.177346 1.000000
7368925.680465 7368925.680465 1.000000
7368914.126260 7368914.126260 1.000000
7359286.519596 7359286.519596 1.000000
7358969.935023 7358969.935023 1.000000
7358725.210108 7358725.210108 1.000000
7358493.374161 7358493.374161 1.000000
7358362.364265 7358362.364265 1.000000
7358315.874976 7358315.874976 1.000000
7358600.090982 7358600.090982 1.000000
7359304.517116 7359304.517116 1.000000
7360068.737988 7360068.737988 1.000000
7359365.934342 7359365.934342 1.000000
7359294.172078 7359294.172078 1.000000
7351028.080420 7351028.080420 1.000000
7351128.495720 7351128.495720 1.000000
7351336.894169 7351336.894169 1.000000
7351354.221673 7351354.221673 1.000000
7351643.354996 7351643.354996 1.000000
7351319.444190 7351319.444190 1.000000
7351828.821196 7351828.821196 1.000000
7351840.562477 7351840.562477 1.000000
7352517.755614 7352517.755614 1.000000
7352987.687666 7352987.687666 1.000000
7353463.492530 7353463.492530 1.000000
7353930.781838 7353930.781838 1.000000
7354144.060185 7354144.060185 1.000000
7361053.168467 7361053.168467 1.000000
7361435.745256 7361435.745256 1.000000
7367117.420179 7367117.420179 1.000000
7367427.904029 7367427.904029 1.000000
7368382.906792 7368382.906792 1.000000
7361454.763204 7361454.763204 1.000000
7361440.122267 7361440.122267 1.000000
7361669.500237 7361669.500237 1.000000
7361736.510647 7361736.510647 1.000000
7353892.175701 7353892.175701 1.000000
7354152.863301 7354152.863301 1.000000
7354163.159187 7354163.159187 1.000000
7339307.672633 7339307.672633 1.000000
7319234.522834 7319234.522834 1.000000
7355116.575467 7355116.575467 1.000000
7347757.303760 7347757.303760 1.000000
7317446.067271 7317446.067271 1.000000
7357263.242157 7357263.242157 1.000000
