7249284.994036 7249284.994036 1.000000
7248664.398310 7248664.398310 1.000000
7248061.642063 7248061.642063 1.000000
7248646.507947 7248646.507947 1.000000
7247732.351968 7247732.351968 1.000000
7247896.238619 7247896.238619 1.000000
7248159.238861 7248159.238861 1.000000
7246889.732858 7246889.732858 1.000000
7246094.840509 7246094.840509 1.000000
7244815.695907 7244815.695907 1.000000
7243833.392285 7243833.392285 1.000000
7243838.379065 7243838.379065 1.000000
7243885.709483 7243885.709483 1.000000
7242464.254620 7242464.254620 1.000000
7241590.605631 7241590.605631 1.000000
7239098.705868 7239098.705868 1.000000
7238296.319177 7238296.319177 1.000000
7237848.458442 7237848.458442 1.000000
7237479.332287 7237479.332287 1.000000
7236757.061362 7236757.061362 1.000000
7236111.367476 7236111.367476 1.000000
7235892.321236 7235892.321236 1.000000
7235379.991527 7235379.991527 1.000000
7234933.402267 7234933.402267 1.000000
7234668.222889 7234668.222889 1.000000
7234322.244094 7234322.244094 1.000000
7233513.394161 7233513.394161 1.000000
7233396.847935 7233396.847935 1.000000
7232564.617158 7232564.617158 1.000000
7232570.276474 7232570.276474 1.000000
7232724.804443 7232724.804443 1.000000
7232327.345428 7232327.345428 1.000000
7232331.416148 7232331.416148 1.000000
7231879.434919 7231879.434919 1.000000
7231737.695823 7231737.695823 1.000000
7231614.383036 7231614.383036 1.000000
7231614.656146 7231614.656146 1.000000
7231233.764166 7231233.764166 1.000000
7231288.736642 7231288.736642 1.000000
7231233.021329 7231233.021329 1.000000
7231252.530457 7231252.530457 1.000000
7230860.362198 7230860.362198 1.000000
7230494.983188 7230494.983188 1.000000
7230498.855465 7230498.855465 1.000000
7230392.007329 7230392.007329 1.000000
7229627.302861 7229627.302861 1.000000
7229670.729240 7229670.729240 1.000000
7229448.204905 7229448.204905 1.000000
7227545.230285 7227545.230285 1.000000
7223997.218145 7223997.218145 1.000000
7223473.881876 7223473.881876 1.000000
7223518.908655 7223518.908655 1.000000
7222991.713696 7222991.713696 1.000000
7222518.887885 7222518.887885 1.000000
7222056.149730 7222056.149730 1.000000
7221276.837524 7221276.837524 1.000000
7220408.899977 7220408.899977 1.000000
7220014.839343 7220014.839343 1.000000
7218729.122266 7218729.122266 1.000000
7218175.268708 7218175.268708 1.000000
7218242.272902 7218242.272902 1.000000
7218144.745676 7218144.745676 1.000000
7217688.014418 7217688.014418 1.000000
7217475.085116 7217475.085116 1.000000
7217126.306264 7217126.306264 1.000000
7216867.041335 7216867.041335 1.000000
7216870.317564 7216870.317564 1.000000
7216702.579539 7216702.579539 1.000000
7216484.496449 7216484.496449 1.000000
7216293.181550 7216293.181550 1.000000
7216105.284223 7216105.284223 1.000000
7216244.562008 7216244.562008 1.000000
7214383.562294 7214383.562294 1.000000
7214560.722094 7214560.722094 1.000000
7214584.305730 7214584.305730 1.000000
7213892.657021 7213892.657021 1.000000
7213806.318468 7213806.318468 1.000000
7213659.944089 7213659.944089 1.000000
7213645.916942 7213645.916942 1.000000
7213453.504152 7213453.504152 1.000000
7212387.148927 7212387.148927 1.000000
7211658.374916 7211658.374916 1.000000
7211220.450396 7211220.450396 1.000000
7210338.819966 7210338.819966 1.000000
7210155.992380 7210155.992380 1.000000
7210158.690541 7210158.690541 1.000000
7210241.854848 7210241.854848 1.000000
7210424.597056 7210424.597056 1.000000
7210467.784322 7210467.784322 1.000000
7210557.983997 7210557.983997 1.000000
7210665.396351 7210665.396351 1.000000
7210840.984735 7210840.984735 1.000000
7210991.269107 7210991.269107 1.000000
7211006.188684 7211006.188684 1.000000
7211028.187125 7211028.187125 1.000000
7211094.698870 7211094.698870 1.000000
7211169.844357 7211169.844357 1.000000
7211172.109941 7211172.109941 1.000000
7211219.409115 7211219.409115 1.000000
7211308.707680 7211308.707680 1.000000
7211368.909059 7211368.909059 1.000000
7211308.522319 7211308.522319 1.000000
7211426.784698 7211426.784698 1.000000
7210294.008531 7210294.008531 1.000000
7210010.655004 7210010.655004 1.000000
7210074.509934 7210074.509934 1.000000
7209891.097798 7209891.097798 1.000000
7210106.568287 7210106.568287 1.000000
7210165.330130 7210165.330130 1.000000
7210263.479637 7210263.479637 1.000000
7210195.699918 7210195.699918 1.000000
7210082.361532 7210082.361532 1.000000
7210179.293405 7210179.293405 1.000000
7209874.319912 7209874.319912 1.000000
7209914.252713 7209914.252713 1.000000
7209997.392513 7209997.392513 1.000000
7210012.090673 7210012.090673 1.000000
7209482.544559 7209482.544559 1.000000
7209669.102628 7209669.102628 1.000000
7209091.681879 7209091.681879 1.000000
7207533.178066 7207533.178066 1.000000
7207638.983737 7207638.983737 1.000000
7206485.359185 7206485.359185 1.000000
7206083.840796 7206083.840796 1.000000
7206091.609080 7206091.609080 1.000000
7205495.822496 7205495.822496 1.000000
7204787.562125 7204787.562125 1.000000
7204244.954817 7204244.954817 1.000000
7204237.123723 7204237.123723 1.000000
7203922.804528 7203922.804528 1.000000
7203471.878922 7203471.878922 1.000000
7202927.240770 7202927.240770 1.000000
7202218.544569 7202218.544569 1.000000
7201571.711850 7201571.711850 1.000000
7201258.248823 7201258.248823 1.000000
7201184.258618 7201184.258618 1.000000
7200946.503685 7200946.503685 1.000000
7200748.423278 7200748.423278 1.000000
7200660.076111 7200660.076111 1.000000
7200740.503871 7200740.503871 1.000000
7199926.103730 7199926.103730 1.000000
7200259.780755 7200259.780755 1.000000
7198197.637265 7198197.637265 1.000000
7198513.046874 7198513.046874 1.000000
7198502.778242 7198502.778242 1.000000
7198524.878032 7198524.878032 1.000000
7198555.111005 7198555.111005 1.000000
7198500.568711 7198500.568711 1.000000
7198539.336629 7198539.336629 1.000000
7198443.151244 7198443.151244 1.000000
7198484.302886 7198484.302886 1.000000
7198578.530859 7198578.530859 1.000000
7198636.681617 7198636.681617 1.000000
7198686.071705 7198686.071705 1.000000
7198693.659215 7198693.659215 1.000000
7198783.995049 7198783.995049 1.000000
7198787.238196 7198787.238196 1.000000
7198823.595997 7198823.595997 1.000000
7197723.697888 7197723.697888 1.000000
7197924.464395 7197924.464395 1.000000
7197634.316239 7197634.316239 1.000000
7198008.814266 7198008.814266 1.000000
7198049.451936 7198049.451936 1.000000
7197631.845006 7197631.845006 1.000000
7197691.140731 7197691.140731 1.000000
7197787.290899 7197787.290899 1.000000
7197837.167031 7197837.167031 1.000000
7197541.674989 7197541.674989 1.000000
7196915.229167 7196915.229167 1.000000
7196690.420036 7196690.420036 1.000000
7196588.933740 7196588.933740 1.000000
7195953.207348 7195953.207348 1.000000
7196145.409581 7196145.409581 1.000000
7195752.144227 7195752.144227 1.000000
7195373.763574 7195373.763574 1.000000
7194741.236130 7194741.236130 1.000000
7194693.981240 7194693.981240 1.000000
7194724.971249 7194724.971249 1.000000
7194842.174545 7194842.174545 1.000000
7194853.582960 7194853.582960 1.000000
7194960.862575 7194960.862575 1.000000
7195028.673466 7195028.673466 1.000000
7194960.137537 7194960.137537 1.000000
7194571.551901 7194571.551901 1.000000
7194668.982635 7194668.982635 1.000000
7194144.789754 7194144.789754 1.000000
7190310.333896 7190310.333896 1.000000
7187634.500007 7187634.500007 1.000000
7185064.007369 7185064.007369 1.000000
7185319.751852 7185319.751852 1.000000
7184945.082109 7184945.082109 1.000000
7184697.001102 7184697.001102 1.000000
7184441.694608 7184441.694608 1.000000
7183917.286344 7183917.286344 1.000000
7183024.468252 7183024.468252 1.000000
7183176.477986 7183176.477986 1.000000
7180701.916996 7180701.916996 1.000000
7181456.432972 7181456.432972 1.000000
7181465.107539 7181465.107539 1.000000
7181867.853766 7181867.853766 1.000000
7181300.203499 7181300.203499 1.000000
7178060.126768 7178060.126768 1.000000
7175029.102869 7175029.102869 1.000000
7172674.811465 7172674.811465 1.000000
7173149.378093 7173149.378093 1.000000
7173888.278566 7173888.278566 1.000000
7174220.861988 7174220.861988 1.000000
7171850.007447 7171850.007447 1.000000
7172118.747300 7172118.747300 1.000000
7172068.970030 7172068.970030 1.000000
7172241.117640 7172241.117640 1.000000
7172436.625103 7172436.625103 1.000000
7172572.843488 7172572.843488 1.000000
7172365.477966 7172365.477966 1.000000
7171883.854154 7171883.854154 1.000000
7172107.955239 7172107.955239 1.000000
7172133.617762 7172133.617762 1.000000
7171863.238605 7171863.238605 1.000000
7171937.547696 7171937.547696 1.000000
7171962.161243 7171962.161243 1.000000
7172173.692447 7172173.692447 1.000000
7172368.826128 7172368.826128 1.000000
7171010.810849 7171010.810849 1.000000
7171293.468184 7171293.468184 1.000000
7171052.786441 7171052.786441 1.000000
7171147.636378 7171147.636378 1.000000
