7350291.809915 7350291.809915 1.000000
7349815.783035 7349815.783035 1.000000
7371237.235768 7371237.235768 1.000000
7271380.785056 7271380.785056 1.000000
7321292.740167 7321292.740167 1.000000
7217380.425937 7217380.425937 1.000000
7178584.299324 7178584.299324 1.000000
7195704.651304 7195704.651304 1.000000
7202226.715102 7202226.715102 1.000000
7236752.728624 7236752.728624 1.000000
7237645.380513 7237645.380513 1.000000
7239364.650334 7239364.650334 1.000000
7232564.934421 7232564.934421 1.000000
7240268.213413 7240268.213413 1.000000
7214552.810891 7214552.810891 1.000000
7364979.073276 7364979.073276 1.000000
7387112.028207 7387112.028207 1.000000
7378485.257345 7378485.257345 1.000000
7503131.633850 7503131.633850 1.000000
7331959.929735 7331959.929735 1.000000
7323710.320975 7323710.320975 1.000000
7234122.180117 7234122.180117 1.000000
7287603.582816 7287603.582816 1.000000
7289828.230644 7289828.230644 1.000000
7290789.061476 7290789.061476 1.000000
7292244.384113 7292244.384113 1.000000
7303416.689795 7303416.689795 1.000000
7345176.514873 7345176.514873 1.000000
7337355.791864 7337355.791864 1.000000
7337011.139880 7337011.139880 1.000000
7335293.319008 7335293.319008 1.000000
7331617.099317 7331617.099317 1.000000
7341701.395475 7341701.395475 1.000000
7375828.165086 7375828.165086 1.000000
7372991.778114 7372991.778114 1.000000
7375181.837900 7375181.837900 1.000000
7321145.785848 7321145.785848 1.000000
7310034.520199 7310034.520199 1.000000
7308400.167505 7308400.167505 1.000000
7299831.012068 7299831.012068 1.000000
7300056.211452 7300056.211452 1.000000
7297340.162264 7297340.162264 1.000000
