7139618.220409 7139618.220409 1.000000
7139913.124394 7139913.124394 1.000000
7140503.823651 7140503.823651 1.000000
7139977.112443 7139977.112443 1.000000
7140122.009375 7140122.009375 1.000000
7140510.296189 7140510.296189 1.000000
7140592.058101 7140592.058101 1.000000
7140674.903002 7140674.903002 1.000000
7140805.068638 7140805.068638 1.000000
7140853.385659 7140853.385659 1.000000
7141050.851102 7141050.851102 1.000000
7141154.301645 7141154.301645 1.000000
7141200.408771 7141200.408771 1.000000
7141609.899076 7141609.899076 1.000000
7140808.474961 7140808.474961 1.000000
7140879.212347 7140879.212347 1.000000
7141009.215384 7141009.215384 1.000000
7141137.575140 7141137.575140 1.000000
7141970.777648 7141970.777648 1.000000
7142812.999870 7142812.999870 1.000000
7142964.562041 7142964.562041 1.000000
7143054.419074 7143054.419074 1.000000
7143163.013646 7143163.013646 1.000000
7143308.738994 7143308.738994 1.000000
7143380.126997 7143380.126997 1.000000
7143506.338864 7143506.338864 1.000000
7143643.146120 7143643.146120 1.000000
7143699.567288 7143699.567288 1.000000
7143853.853442 7143853.853442 1.000000
7144272.581970 7144272.581970 1.000000
7143872.509815 7143872.509815 1.000000
7143996.061152 7143996.061152 1.000000
7144148.190143 7144148.190143 1.000000
7144249.923997 7144249.923997 1.000000
7144372.272576 7144372.272576 1.000000
7144451.623728 7144451.623728 1.000000
7144107.052854 7144107.052854 1.000000
7144263.497413 7144263.497413 1.000000
7144301.325773 7144301.325773 1.000000
7144398.542159 7144398.542159 1.000000
7144552.499374 7144552.499374 1.000000
7144678.266881 7144678.266881 1.000000
7145482.580692 7145482.580692 1.000000
7145601.902838 7145601.902838 1.000000
7145706.358922 7145706.358922 1.000000
7145248.183802 7145248.183802 1.000000
7145420.091395 7145420.091395 1.000000
7145843.063093 7145843.063093 1.000000
7145902.563916 7145902.563916 1.000000
7145974.301776 7145974.301776 1.000000
7145921.828844 7145921.828844 1.000000
7145828.707339 7145828.707339 1.000000
7145578.194878 7145578.194878 1.000000
7146415.099009 7146415.099009 1.000000
7146452.354714 7146452.354714 1.000000
7146417.240097 7146417.240097 1.000000
7147066.721080 7147066.721080 1.000000
7146990.958828 7146990.958828 1.000000
7147030.885287 7147030.885287 1.000000
7146893.966465 7146893.966465 1.000000
7147320.514033 7147320.514033 1.000000
7147219.515018 7147219.515018 1.000000
7147289.796638 7147289.796638 1.000000
7147245.003529 7147245.003529 1.000000
7148195.442124 7148195.442124 1.000000
7148076.987862 7148076.987862 1.000000
7148037.510257 7148037.510257 1.000000
7148099.668058 7148099.668058 1.000000
7148230.207474 7148230.207474 1.000000
7148304.611172 7148304.611172 1.000000
7147409.844768 7147409.844768 1.000000
7148155.552219 7148155.552219 1.000000
7148217.572808 7148217.572808 1.000000
7148357.800903 7148357.800903 1.000000
7148440.115520 7148440.115520 1.000000
7149076.576111 7149076.576111 1.000000
7149208.110216 7149208.110216 1.000000
7149854.672885 7149854.672885 1.000000
7149966.773768 7149966.773768 1.000000
7150046.237673 7150046.237673 1.000000
7150112.955405 7150112.955405 1.000000
7150797.415433 7150797.415433 1.000000
7150851.340999 7150851.340999 1.000000
7150914.830517 7150914.830517 1.000000
7151390.854332 7151390.854332 1.000000
7151129.145918 7151129.145918 1.000000
7151219.288700 7151219.288700 1.000000
7151343.012746 7151343.012746 1.000000
7151436.465555 7151436.465555 1.000000
7151520.955937 7151520.955937 1.000000
7151649.150537 7151649.150537 1.000000
7151759.684218 7151759.684218 1.000000
7151871.860084 7151871.860084 1.000000
7151973.919157 7151973.919157 1.000000
7152080.105072 7152080.105072 1.000000
7152131.221802 7152131.221802 1.000000
7152317.668279 7152317.668279 1.000000
7152405.823778 7152405.823778 1.000000
7152366.264823 7152366.264823 1.000000
7152315.334242 7152315.334242 1.000000
7152268.215091 7152268.215091 1.000000
7153245.715292 7153245.715292 1.000000
7153407.749322 7153407.749322 1.000000
7153542.927213 7153542.927213 1.000000
7153594.134275 7153594.134275 1.000000
7153492.567854 7153492.567854 1.000000
7152584.034158 7152584.034158 1.000000
7152673.327339 7152673.327339 1.000000
7152800.845713 7152800.845713 1.000000
7152726.434026 7152726.434026 1.000000
7152676.630536 7152676.630536 1.000000
7152860.593331 7152860.593331 1.000000
7152895.551072 7152895.551072 1.000000
7152948.256050 7152948.256050 1.000000
7152969.193449 7152969.193449 1.000000
7153134.263211 7153134.263211 1.000000
7153257.695955 7153257.695955 1.000000
7153397.603145 7153397.603145 1.000000
7153534.037419 7153534.037419 1.000000
7153667.820919 7153667.820919 1.000000
7154358.149971 7154358.149971 1.000000
7154295.141045 7154295.141045 1.000000
7153368.218254 7153368.218254 1.000000
7153597.656650 7153597.656650 1.000000
7152882.396708 7152882.396708 1.000000
7152775.142804 7152775.142804 1.000000
7152894.725326 7152894.725326 1.000000
7152978.962131 7152978.962131 1.000000
7153084.562503 7153084.562503 1.000000
7153131.295155 7153131.295155 1.000000
7153882.530332 7153882.530332 1.000000
7153761.936815 7153761.936815 1.000000
7154250.344476 7154250.344476 1.000000
7154230.115127 7154230.115127 1.000000
7154042.596037 7154042.596037 1.000000
7154132.478764 7154132.478764 1.000000
7154209.022847 7154209.022847 1.000000
7153838.844307 7153838.844307 1.000000
7153669.493163 7153669.493163 1.000000
7152893.271259 7152893.271259 1.000000
7152746.818038 7152746.818038 1.000000
7152674.754060 7152674.754060 1.000000
7152564.894681 7152564.894681 1.000000
7152453.538718 7152453.538718 1.000000
7152306.222123 7152306.222123 1.000000
7152142.699094 7152142.699094 1.000000
7152007.306064 7152007.306064 1.000000
7151889.967615 7151889.967615 1.000000
7151774.875825 7151774.875825 1.000000
7151683.163428 7151683.163428 1.000000
7152120.277524 7152120.277524 1.000000
7151996.836828 7151996.836828 1.000000
7151814.544851 7151814.544851 1.000000
7151762.353599 7151762.353599 1.000000
7151595.955681 7151595.955681 1.000000
7151446.485166 7151446.485166 1.000000
7151329.762931 7151329.762931 1.000000
7151240.908183 7151240.908183 1.000000
7151182.651688 7151182.651688 1.000000
7151076.334757 7151076.334757 1.000000
7150977.848752 7150977.848752 1.000000
7150873.380850 7150873.380850 1.000000
7150448.240748 7150448.240748 1.000000
7150567.438989 7150567.438989 1.000000
7150530.199890 7150530.199890 1.000000
7150390.162005 7150390.162005 1.000000
7150258.756197 7150258.756197 1.000000
7150188.703936 7150188.703936 1.000000
7150223.316357 7150223.316357 1.000000
7150043.104220 7150043.104220 1.000000
7149952.241986 7149952.241986 1.000000
7149826.559171 7149826.559171 1.000000
7149705.130656 7149705.130656 1.000000
7149554.515948 7149554.515948 1.000000
7149403.470545 7149403.470545 1.000000
7149268.655956 7149268.655956 1.000000
7149216.519787 7149216.519787 1.000000
7149148.485509 7149148.485509 1.000000
7149214.870895 7149214.870895 1.000000
7149219.041660 7149219.041660 1.000000
7149163.706068 7149163.706068 1.000000
7149044.627158 7149044.627158 1.000000
7148928.699150 7148928.699150 1.000000
7148870.667782 7148870.667782 1.000000
7148974.603531 7148974.603531 1.000000
7148872.953949 7148872.953949 1.000000
7148726.152119 7148726.152119 1.000000
7148602.050398 7148602.050398 1.000000
7148449.015185 7148449.015185 1.000000
7148319.895066 7148319.895066 1.000000
7148132.359913 7148132.359913 1.000000
7148093.385243 7148093.385243 1.000000
7147994.361179 7147994.361179 1.000000
7147839.849184 7147839.849184 1.000000
7147734.451768 7147734.451768 1.000000
7147600.180276 7147600.180276 1.000000
7147499.165586 7147499.165586 1.000000
7147956.716470 7147956.716470 1.000000
7147796.750118 7147796.750118 1.000000
7147671.730598 7147671.730598 1.000000
7147536.530322 7147536.530322 1.000000
7147471.501416 7147471.501416 1.000000
7148462.325750 7148462.325750 1.000000
7148546.699386 7148546.699386 1.000000
7148465.487340 7148465.487340 1.000000
7148410.013655 7148410.013655 1.000000
7148301.903932 7148301.903932 1.000000
7148185.237661 7148185.237661 1.000000
7148026.861816 7148026.861816 1.000000
7148000.436251 7148000.436251 1.000000
7147911.389020 7147911.389020 1.000000
7147769.936160 7147769.936160 1.000000
7148369.201026 7148369.201026 1.000000
7147750.677348 7147750.677348 1.000000
7146773.901670 7146773.901670 1.000000
7146638.930778 7146638.930778 1.000000
7146514.055027 7146514.055027 1.000000
7146367.166242 7146367.166242 1.000000
7146211.783128 7146211.783128 1.000000
7146166.713419 7146166.713419 1.000000
7146043.712959 7146043.712959 1.000000
7146094.144154 7146094.144154 1.000000
7146225.569094 7146225.569094 1.000000
7146333.676853 7146333.676853 1.000000
7146488.038741 7146488.038741 1.000000
7147138.902719 7147138.902719 1.000000
7147299.275258 7147299.275258 1.000000
7147459.818231 7147459.818231 1.000000
7147557.039486 7147557.039486 1.000000
7147648.136521 7147648.136521 1.000000
7147705.218732 7147705.218732 1.000000
7147827.507244 7147827.507244 1.000000
7147776.470811 7147776.470811 1.000000
7147664.467236 7147664.467236 1.000000
7147729.703697 7147729.703697 1.000000
7147644.306887 7147644.306887 1.000000
7147553.753197 7147553.753197 1.000000
7147502.077138 7147502.077138 1.000000
7147627.895445 7147627.895445 1.000000
7148409.661357 7148409.661357 1.000000
7148445.493570 7148445.493570 1.000000
7148542.785157 7148542.785157 1.000000
7148654.958937 7148654.958937 1.000000
7149338.136243 7149338.136243 1.000000
7149287.328304 7149287.328304 1.000000
7149440.133396 7149440.133396 1.000000
7148883.366394 7148883.366394 1.000000
7148816.731166 7148816.731166 1.000000
7148871.124224 7148871.124224 1.000000
7149677.733537 7149677.733537 1.000000
7149743.135629 7149743.135629 1.000000
7150735.070314 7150735.070314 1.000000
7150873.339876 7150873.339876 1.000000
7151424.081708 7151424.081708 1.000000
7151027.435896 7151027.435896 1.000000
7151107.063328 7151107.063328 1.000000
7151025.174310 7151025.174310 1.000000
7151106.342803 7151106.342803 1.000000
7151788.188114 7151788.188114 1.000000
7151900.728991 7151900.728991 1.000000
7151987.369560 7151987.369560 1.000000
7151965.053748 7151965.053748 1.000000
7152067.656917 7152067.656917 1.000000
7152207.203744 7152207.203744 1.000000
7152327.212982 7152327.212982 1.000000
7152975.569924 7152975.569924 1.000000
7153076.738600 7153076.738600 1.000000
7153164.705025 7153164.705025 1.000000
7152197.991490 7152197.991490 1.000000
7152101.554893 7152101.554893 1.000000
7151996.204976 7151996.204976 1.000000
7151803.282093 7151803.282093 1.000000
7151664.103210 7151664.103210 1.000000
7151545.664128 7151545.664128 1.000000
7151681.572083 7151681.572083 1.000000
7151621.360718 7151621.360718 1.000000
7150726.611501 7150726.611501 1.000000
7151204.734417 7151204.734417 1.000000
7151243.810811 7151243.810811 1.000000
7150520.232057 7150520.232057 1.000000
7150410.806142 7150410.806142 1.000000
7150250.759606 7150250.759606 1.000000
7150183.499147 7150183.499147 1.000000
7150161.447242 7150161.447242 1.000000
7149309.481016 7149309.481016 1.000000
7149176.969596 7149176.969596 1.000000
7149045.373215 7149045.373215 1.000000
7148862.204234 7148862.204234 1.000000
7148731.027270 7148731.027270 1.000000
7148710.772050 7148710.772050 1.000000
7148573.427964 7148573.427964 1.000000
7148446.128877 7148446.128877 1.000000
7148359.238860 7148359.238860 1.000000
7148231.627169 7148231.627169 1.000000
7148109.293931 7148109.293931 1.000000
7147994.046836 7147994.046836 1.000000
7147811.341802 7147811.341802 1.000000
7147773.824351 7147773.824351 1.000000
7147635.023150 7147635.023150 1.000000
7147513.255271 7147513.255271 1.000000
7147363.720850 7147363.720850 1.000000
7147258.850955 7147258.850955 1.000000
7147160.396712 7147160.396712 1.000000
7147210.976748 7147210.976748 1.000000
7147042.502906 7147042.502906 1.000000
7147020.855885 7147020.855885 1.000000
7146878.304215 7146878.304215 1.000000
7146857.275816 7146857.275816 1.000000
7146836.894577 7146836.894577 1.000000
7146193.769476 7146193.769476 1.000000
7145686.674887 7145686.674887 1.000000
7145649.488487 7145649.488487 1.000000
7145524.417337 7145524.417337 1.000000
7145583.973064 7145583.973064 1.000000
7145479.803242 7145479.803242 1.000000
7145345.640807 7145345.640807 1.000000
7145236.845298 7145236.845298 1.000000
7145154.110289 7145154.110289 1.000000
7145051.977485 7145051.977485 1.000000
7144977.358289 7144977.358289 1.000000
7144890.776309 7144890.776309 1.000000
7144744.079386 7144744.079386 1.000000
7144667.952878 7144667.952878 1.000000
7144549.082461 7144549.082461 1.000000
