7453203.686026 7453203.686026 1.000000
7452948.135105 7452948.135105 1.000000
7452992.828421 7452992.828421 1.000000
7453703.062052 7453703.062052 1.000000
7453058.564460 7453058.564460 1.000000
7453525.695801 7453525.695801 1.000000
7453621.641811 7453621.641811 1.000000
7450796.255843 7450796.255843 1.000000
7451165.452934 7451165.452934 1.000000
7449117.626999 7449117.626999 1.000000
7450388.438717 7450388.438717 1.000000
7449510.348784 7449510.348784 1.000000
7445854.927562 7445854.927562 1.000000
7446378.663772 7446378.663772 1.000000
7447465.268493 7447465.268493 1.000000
7448073.803137 7448073.803137 1.000000
7447544.088912 7447544.088912 1.000000
7447725.836202 7447725.836202 1.000000
7446250.201399 7446250.201399 1.000000
7447315.134338 7447315.134338 1.000000
7448889.485151 7448889.485151 1.000000
7448617.976384 7448617.976384 1.000000
7443531.705727 7443531.705727 1.000000
7444132.023672 7444132.023672 1.000000
7444248.391940 7444248.391940 1.000000
7444692.927655 7444692.927655 1.000000
7445487.118790 7445487.118790 1.000000
7445436.421232 7445436.421232 1.000000
7444023.632148 7444023.632148 1.000000
7445034.391586 7445034.391586 1.000000
7446381.068003 7446381.068003 1.000000
7447127.959209 7447127.959209 1.000000
7447610.618291 7447610.618291 1.000000
7448028.374656 7448028.374656 1.000000
7449503.364233 7449503.364233 1.000000
7449329.799043 7449329.799043 1.000000
7449448.907955 7449448.907955 1.000000
7450532.630277 7450532.630277 1.000000
7450790.024792 7450790.024792 1.000000
7450816.719043 7450816.719043 1.000000
7451973.117177 7451973.117177 1.000000
7452710.523522 7452710.523522 1.000000
7453021.073703 7453021.073703 1.000000
7450851.564233 7450851.564233 1.000000
7451262.165884 7451262.165884 1.000000
7451579.495545 7451579.495545 1.000000
7451670.360471 7451670.360471 1.000000
7451433.556287 7451433.556287 1.000000
7449811.879097 7449811.879097 1.000000
7450827.345898 7450827.345898 1.000000
7450558.607402 7450558.607402 1.000000
7448354.766519 7448354.766519 1.000000
7448995.472083 7448995.472083 1.000000
7449840.022282 7449840.022282 1.000000
7450082.127953 7450082.127953 1.000000
7450559.273442 7450559.273442 1.000000
7451137.134159 7451137.134159 1.000000
7450769.976408 7450769.976408 1.000000
7451639.378258 7451639.378258 1.000000
7452005.464527 7452005.464527 1.000000
7452075.414906 7452075.414906 1.000000
7452135.403533 7452135.403533 1.000000
7452186.241238 7452186.241238 1.000000
7451334.670335 7451334.670335 1.000000
7451629.559972 7451629.559972 1.000000
7451297.821867 7451297.821867 1.000000
7450861.058698 7450861.058698 1.000000
7450222.721074 7450222.721074 1.000000
7450410.296427 7450410.296427 1.000000
7450463.270182 7450463.270182 1.000000
7450623.963135 7450623.963135 1.000000
7435598.790719 7435598.790719 1.000000
7428743.522481 7428743.522481 1.000000
7425439.820668 7425439.820668 1.000000
7426673.653778 7426673.653778 1.000000
7425641.179791 7425641.179791 1.000000
7421905.339978 7421905.339978 1.000000
7423232.357526 7423232.357526 1.000000
7424169.099172 7424169.099172 1.000000
7424593.066480 7424593.066480 1.000000
7425037.180655 7425037.180655 1.000000
7425262.966738 7425262.966738 1.000000
7425562.824988 7425562.824988 1.000000
7425766.669902 7425766.669902 1.000000
7427065.161553 7427065.161553 1.000000
7426796.591296 7426796.591296 1.000000
7427817.568724 7427817.568724 1.000000
7428015.101616 7428015.101616 1.000000
7429535.916507 7429535.916507 1.000000
7430109.940429 7430109.940429 1.000000
7431313.283051 7431313.283051 1.000000
7431735.888213 7431735.888213 1.000000
7431965.786189 7431965.786189 1.000000
7431710.717652 7431710.717652 1.000000
7432667.079267 7432667.079267 1.000000
7433537.216776 7433537.216776 1.000000
7429967.956660 7429967.956660 1.000000
7426051.039548 7426051.039548 1.000000
7428118.470227 7428118.470227 1.000000
7429245.408419 7429245.408419 1.000000
7430428.836323 7430428.836323 1.000000
7431849.212724 7431849.212724 1.000000
7433055.348969 7433055.348969 1.000000
7430703.197875 7430703.197875 1.000000
7431752.302476 7431752.302476 1.000000
7428317.300988 7428317.300988 1.000000
7428653.511300 7428653.511300 1.000000
7429766.868691 7429766.868691 1.000000
7431720.762373 7431720.762373 1.000000
7433238.407410 7433238.407410 1.000000
7433822.368676 7433822.368676 1.000000
7434162.495823 7434162.495823 1.000000
7434673.489071 7434673.489071 1.000000
7435140.616142 7435140.616142 1.000000
7435958.785021 7435958.785021 1.000000
7436502.128403 7436502.128403 1.000000
7435694.721899 7435694.721899 1.000000
7436751.059490 7436751.059490 1.000000
7438021.625103 7438021.625103 1.000000
7438208.557396 7438208.557396 1.000000
7438390.602706 7438390.602706 1.000000
7439287.207309 7439287.207309 1.000000
7439578.938316 7439578.938316 1.000000
7439520.571454 7439520.571454 1.000000
7438539.595680 7438539.595680 1.000000
7438282.455656 7438282.455656 1.000000
7438685.799247 7438685.799247 1.000000
7438720.440518 7438720.440518 1.000000
7438094.724008 7438094.724008 1.000000
7438974.684554 7438974.684554 1.000000
7438982.241104 7438982.241104 1.000000
7439767.417240 7439767.417240 1.000000
7440231.602998 7440231.602998 1.000000
7439650.251089 7439650.251089 1.000000
7439712.522489 7439712.522489 1.000000
7439991.138225 7439991.138225 1.000000
7440654.491984 7440654.491984 1.000000
7441055.834948 7441055.834948 1.000000
7441293.535051 7441293.535051 1.000000
7441146.903282 7441146.903282 1.000000
7441290.431168 7441290.431168 1.000000
7441801.918951 7441801.918951 1.000000
7439817.291329 7439817.291329 1.000000
7439915.480300 7439915.480300 1.000000
7438843.042506 7438843.042506 1.000000
7439002.890258 7439002.890258 1.000000
7439810.643825 7439810.643825 1.000000
7439403.585226 7439403.585226 1.000000
7439556.056621 7439556.056621 1.000000
7440423.618762 7440423.618762 1.000000
7441310.190367 7441310.190367 1.000000
7441516.275356 7441516.275356 1.000000
7442648.035293 7442648.035293 1.000000
7440158.837177 7440158.837177 1.000000
7440046.575936 7440046.575936 1.000000
7440328.838823 7440328.838823 1.000000
7439843.989737 7439843.989737 1.000000
7440916.654025 7440916.654025 1.000000
7440758.310770 7440758.310770 1.000000
7441979.261361 7441979.261361 1.000000
7442814.747999 7442814.747999 1.000000
7442921.623383 7442921.623383 1.000000
7440631.992744 7440631.992744 1.000000
7441429.695349 7441429.695349 1.000000
7441431.887858 7441431.887858 1.000000
7442063.715808 7442063.715808 1.000000
7442179.813651 7442179.813651 1.000000
7443381.729859 7443381.729859 1.000000
7443769.722178 7443769.722178 1.000000
7443537.248906 7443537.248906 1.000000
7441840.060986 7441840.060986 1.000000
7438347.906402 7438347.906402 1.000000
7438956.182050 7438956.182050 1.000000
7440284.196091 7440284.196091 1.000000
7441015.046995 7441015.046995 1.000000
7441449.481088 7441449.481088 1.000000
7441519.723106 7441519.723106 1.000000
7442156.878579 7442156.878579 1.000000
7440523.515938 7440523.515938 1.000000
7441069.372746 7441069.372746 1.000000
7438592.008257 7438592.008257 1.000000
7433962.244425 7433962.244425 1.000000
7435355.041973 7435355.041973 1.000000
7436738.737846 7436738.737846 1.000000
7437110.540720 7437110.540720 1.000000
7438421.545909 7438421.545909 1.000000
7439144.447606 7439144.447606 1.000000
7440366.891710 7440366.891710 1.000000
7440431.988447 7440431.988447 1.000000
7440691.831259 7440691.831259 1.000000
7441641.685997 7441641.685997 1.000000
7441780.590520 7441780.590520 1.000000
7442474.406489 7442474.406489 1.000000
7440450.874752 7440450.874752 1.000000
7440732.792535 7440732.792535 1.000000
7440842.767582 7440842.767582 1.000000
7441019.485894 7441019.485894 1.000000
7441231.925801 7441231.925801 1.000000
7441416.078040 7441416.078040 1.000000
7441528.944187 7441528.944187 1.000000
7441649.671508 7441649.671508 1.000000
7441342.531180 7441342.531180 1.000000
7441700.587822 7441700.587822 1.000000
7442087.768332 7442087.768332 1.000000
7442647.004675 7442647.004675 1.000000
7443495.283496 7443495.283496 1.000000
7442615.488342 7442615.488342 1.000000
7442974.482710 7442974.482710 1.000000
7443311.540492 7443311.540492 1.000000
7443655.611450 7443655.611450 1.000000
7444652.839479 7444652.839479 1.000000
7444075.771045 7444075.771045 1.000000
7444394.883456 7444394.883456 1.000000
7444747.038692 7444747.038692 1.000000
7445082.714013 7445082.714013 1.000000
7445928.251115 7445928.251115 1.000000
7443340.727988 7443340.727988 1.000000
7443715.613173 7443715.613173 1.000000
7444733.733859 7444733.733859 1.000000
7445305.579512 7445305.579512 1.000000
7444177.459569 7444177.459569 1.000000
7441948.897193 7441948.897193 1.000000
7441473.067419 7441473.067419 1.000000
7435351.214242 7435351.214242 1.000000
7437417.494527 7437417.494527 1.000000
7434420.112018 7434420.112018 1.000000
7434768.632200 7434768.632200 1.000000
7434954.527944 7434954.527944 1.000000
7436341.236415 7436341.236415 1.000000
7436796.507683 7436796.507683 1.000000
7437644.154597 7437644.154597 1.000000
7438385.265034 7438385.265034 1.000000
7438397.222845 7438397.222845 1.000000
7439236.752878 7439236.752878 1.000000
7439055.014913 7439055.014913 1.000000
7439128.028576 7439128.028576 1.000000
7440230.807865 7440230.807865 1.000000
7441216.634596 7441216.634596 1.000000
7438939.300677 7438939.300677 1.000000
7439869.927294 7439869.927294 1.000000
7439122.849228 7439122.849228 1.000000
7440085.037830 7440085.037830 1.000000
7439071.388918 7439071.388918 1.000000
7435695.422013 7435695.422013 1.000000
7436241.860700 7436241.860700 1.000000
7436963.317933 7436963.317933 1.000000
7436662.627394 7436662.627394 1.000000
7436869.919201 7436869.919201 1.000000
7434913.722691 7434913.722691 1.000000
7435890.760328 7435890.760328 1.000000
7437481.918317 7437481.918317 1.000000
7438958.583311 7438958.583311 1.000000
7438060.293774 7438060.293774 1.000000
7438664.140662 7438664.140662 1.000000
7438759.642061 7438759.642061 1.000000
7439323.075732 7439323.075732 1.000000
7436511.162136 7436511.162136 1.000000
7437658.457559 7437658.457559 1.000000
7438814.306991 7438814.306991 1.000000
7440327.003529 7440327.003529 1.000000
7441490.576854 7441490.576854 1.000000
7442338.335708 7442338.335708 1.000000
7442839.407759 7442839.407759 1.000000
7442886.972977 7442886.972977 1.000000
7443831.504029 7443831.504029 1.000000
7444210.658424 7444210.658424 1.000000
7445205.366009 7445205.366009 1.000000
7445107.946134 7445107.946134 1.000000
7445571.798791 7445571.798791 1.000000
7442631.357347 7442631.357347 1.000000
7443625.541729 7443625.541729 1.000000
7444268.368485 7444268.368485 1.000000
7442754.998777 7442754.998777 1.000000
7443435.042324 7443435.042324 1.000000
7444039.637731 7444039.637731 1.000000
7441062.581918 7441062.581918 1.000000
7441244.438936 7441244.438936 1.000000
7441050.717451 7441050.717451 1.000000
7438662.038587 7438662.038587 1.000000
7439087.436142 7439087.436142 1.000000
7438706.969233 7438706.969233 1.000000
7439939.894327 7439939.894327 1.000000
7440318.693975 7440318.693975 1.000000
7440677.316615 7440677.316615 1.000000
7441804.782106 7441804.782106 1.000000
7441912.530531 7441912.530531 1.000000
7443638.401362 7443638.401362 1.000000
7444008.257999 7444008.257999 1.000000
7444348.244127 7444348.244127 1.000000
7444812.176909 7444812.176909 1.000000
7444886.248788 7444886.248788 1.000000
7445733.116799 7445733.116799 1.000000
7446260.968519 7446260.968519 1.000000
7446557.675034 7446557.675034 1.000000
7445613.150448 7445613.150448 1.000000
7442279.002604 7442279.002604 1.000000
7443899.929361 7443899.929361 1.000000
7442152.540388 7442152.540388 1.000000
7442360.735951 7442360.735951 1.000000
7443081.711926 7443081.711926 1.000000
7443174.936960 7443174.936960 1.000000
7443781.455325 7443781.455325 1.000000
7444052.515427 7444052.515427 1.000000
7444268.376895 7444268.376895 1.000000
7444203.541958 7444203.541958 1.000000
7440477.849813 7440477.849813 1.000000
7440827.182772 7440827.182772 1.000000
7437327.731463 7437327.731463 1.000000
7437751.766592 7437751.766592 1.000000
7438699.745040 7438699.745040 1.000000
7439288.033574 7439288.033574 1.000000
7439968.380845 7439968.380845 1.000000
7439732.102145 7439732.102145 1.000000
7440724.089962 7440724.089962 1.000000
7440634.518394 7440634.518394 1.000000
7440509.067474 7440509.067474 1.000000
7439881.275403 7439881.275403 1.000000
7439667.895251 7439667.895251 1.000000
7438487.062661 7438487.062661 1.000000
7439359.188003 7439359.188003 1.000000
7439056.094023 7439056.094023 1.000000
7439842.406117 7439842.406117 1.000000
7440714.722244 7440714.722244 1.000000
7435004.937653 7435004.937653 1.000000
7436125.911626 7436125.911626 1.000000
7437092.689020 7437092.689020 1.000000
7437943.371274 7437943.371274 1.000000
7438594.022281 7438594.022281 1.000000
7438958.504568 7438958.504568 1.000000
7439590.919815 7439590.919815 1.000000
7439628.519980 7439628.519980 1.000000
7439791.543911 7439791.543911 1.000000
7439215.827211 7439215.827211 1.000000
7440024.616108 7440024.616108 1.000000
7440721.960493 7440721.960493 1.000000
7439990.039174 7439990.039174 1.000000
7440605.362761 7440605.362761 1.000000
7441425.924772 7441425.924772 1.000000
7438426.407519 7438426.407519 1.000000
7439499.048368 7439499.048368 1.000000
7439407.920196 7439407.920196 1.000000
7440098.421942 7440098.421942 1.000000
7441401.205938 7441401.205938 1.000000
7437541.708045 7437541.708045 1.000000
7437822.907550 7437822.907550 1.000000
7438725.426935 7438725.426935 1.000000
7439652.941355 7439652.941355 1.000000
7440127.741126 7440127.741126 1.000000
7440712.589283 7440712.589283 1.000000
7436543.380262 7436543.380262 1.000000
7436391.432822 7436391.432822 1.000000
7437211.803087 7437211.803087 1.000000
7432729.980993 7432729.980993 1.000000
7434402.537211 7434402.537211 1.000000
7435379.587595 7435379.587595 1.000000
7433564.930096 7433564.930096 1.000000
7434693.236028 7434693.236028 1.000000
7434978.311823 7434978.311823 1.000000
7436530.632553 7436530.632553 1.000000
7437530.187676 7437530.187676 1.000000
7438193.845353 7438193.845353 1.000000
7438128.545428 7438128.545428 1.000000
7438080.549918 7438080.549918 1.000000
7439567.116101 7439567.116101 1.000000
7439767.096101 7439767.096101 1.000000
7439780.119092 7439780.119092 1.000000
7437312.442232 7437312.442232 1.000000
7438303.036152 7438303.036152 1.000000
7438996.053497 7438996.053497 1.000000
7440476.923417 7440476.923417 1.000000
7442261.866225 7442261.866225 1.000000
7443114.415539 7443114.415539 1.000000
7443607.750512 7443607.750512 1.000000
7444792.784209 7444792.784209 1.000000
7445206.113271 7445206.113271 1.000000
7445276.547676 7445276.547676 1.000000
7446991.248567 7446991.248567 1.000000
7447006.316289 7447006.316289 1.000000
7447153.831042 7447153.831042 1.000000
7447447.109002 7447447.109002 1.000000
7442338.625027 7442338.625027 1.000000
7441501.117348 7441501.117348 1.000000
7441486.410681 7441486.410681 1.000000
7442352.318477 7442352.318477 1.000000
7440438.271811 7440438.271811 1.000000
7440723.500116 7440723.500116 1.000000
7441294.638439 7441294.638439 1.000000
7438013.736373 7438013.736373 1.000000
7435625.051875 7435625.051875 1.000000
7436567.927643 7436567.927643 1.000000
7437047.441470 7437047.441470 1.000000
7437409.536652 7437409.536652 1.000000
7438840.471764 7438840.471764 1.000000
7439129.217923 7439129.217923 1.000000
7439380.326308 7439380.326308 1.000000
7438776.923617 7438776.923617 1.000000
7439273.160477 7439273.160477 1.000000
7440282.949473 7440282.949473 1.000000
7441139.099360 7441139.099360 1.000000
7441373.333417 7441373.333417 1.000000
7442035.064477 7442035.064477 1.000000
7442373.704368 7442373.704368 1.000000
7441678.710448 7441678.710448 1.000000
7441922.790400 7441922.790400 1.000000
7438030.284754 7438030.284754 1.000000
7438007.138368 7438007.138368 1.000000
7438122.646986 7438122.646986 1.000000
7438463.705193 7438463.705193 1.000000
7438348.989713 7438348.989713 1.000000
7438676.379719 7438676.379719 1.000000
7437815.877289 7437815.877289 1.000000
7438043.438863 7438043.438863 1.000000
7439437.834703 7439437.834703 1.000000
7437706.347471 7437706.347471 1.000000
7438183.436478 7438183.436478 1.000000
7438784.300241 7438784.300241 1.000000
7440416.709180 7440416.709180 1.000000
7438546.910237 7438546.910237 1.000000
7437629.322803 7437629.322803 1.000000
7439602.984614 7439602.984614 1.000000
7441424.287540 7441424.287540 1.000000
7441901.486266 7441901.486266 1.000000
7442676.229723 7442676.229723 1.000000
7443910.176770 7443910.176770 1.000000
7442797.055575 7442797.055575 1.000000
7442467.393433 7442467.393433 1.000000
7443190.312354 7443190.312354 1.000000
7443267.369199 7443267.369199 1.000000
7443545.974586 7443545.974586 1.000000
7443656.711940 7443656.711940 1.000000
7443448.736241 7443448.736241 1.000000
7439368.789458 7439368.789458 1.000000
7440531.236587 7440531.236587 1.000000
7440753.916012 7440753.916012 1.000000
7439175.667101 7439175.667101 1.000000
7439374.696141 7439374.696141 1.000000
7438845.010055 7438845.010055 1.000000
7439769.169817 7439769.169817 1.000000
7439918.026848 7439918.026848 1.000000
7440379.923302 7440379.923302 1.000000
7440924.195973 7440924.195973 1.000000
7441211.431440 7441211.431440 1.000000
7441469.765904 7441469.765904 1.000000
7438919.090739 7438919.090739 1.000000
7439111.028592 7439111.028592 1.000000
7439473.270630 7439473.270630 1.000000
7439656.784541 7439656.784541 1.000000
7438372.687689 7438372.687689 1.000000
7438603.070209 7438603.070209 1.000000
7439308.552463 7439308.552463 1.000000
7439126.047202 7439126.047202 1.000000
7437211.126706 7437211.126706 1.000000
7437729.004633 7437729.004633 1.000000
7438691.038233 7438691.038233 1.000000
7438465.734589 7438465.734589 1.000000
7438753.699220 7438753.699220 1.000000
7439301.638504 7439301.638504 1.000000
7439644.435374 7439644.435374 1.000000
7437667.789559 7437667.789559 1.000000
7438004.813526 7438004.813526 1.000000
7437492.044301 7437492.044301 1.000000
7437856.150862 7437856.150862 1.000000
7439240.414164 7439240.414164 1.000000
7437736.609762 7437736.609762 1.000000
7438011.963602 7438011.963602 1.000000
7438162.925146 7438162.925146 1.000000
7438691.170491 7438691.170491 1.000000
7434997.377684 7434997.377684 1.000000
7436399.222692 7436399.222692 1.000000
7434625.838120 7434625.838120 1.000000
7430276.125756 7430276.125756 1.000000
7428716.119249 7428716.119249 1.000000
7430305.639259 7430305.639259 1.000000
7432600.147609 7432600.147609 1.000000
7433507.130194 7433507.130194 1.000000
7435416.945099 7435416.945099 1.000000
7436173.583976 7436173.583976 1.000000
7432886.623555 7432886.623555 1.000000
7433035.639186 7433035.639186 1.000000
7434161.514824 7434161.514824 1.000000
7434792.252285 7434792.252285 1.000000
7432182.164917 7432182.164917 1.000000
7432873.335002 7432873.335002 1.000000
7434423.175669 7434423.175669 1.000000
7436232.737690 7436232.737690 1.000000
7436564.246966 7436564.246966 1.000000
7437950.193146 7437950.193146 1.000000
7438271.181745 7438271.181745 1.000000
7438486.689522 7438486.689522 1.000000
7437024.732398 7437024.732398 1.000000
7438172.666540 7438172.666540 1.000000
7437736.728891 7437736.728891 1.000000
7434172.116801 7434172.116801 1.000000
7434683.793855 7434683.793855 1.000000
7433306.635361 7433306.635361 1.000000
7433727.953578 7433727.953578 1.000000
7433797.635722 7433797.635722 1.000000
7434659.111270 7434659.111270 1.000000
7433306.531760 7433306.531760 1.000000
7433929.175791 7433929.175791 1.000000
7433494.124466 7433494.124466 1.000000
7432810.182251 7432810.182251 1.000000
7430301.030164 7430301.030164 1.000000
7424289.067166 7424289.067166 1.000000
7417002.283297 7417002.283297 1.000000
7411992.614988 7411992.614988 1.000000
7412758.560036 7412758.560036 1.000000
7413085.656489 7413085.656489 1.000000
7409532.717904 7409532.717904 1.000000
7409253.737473 7409253.737473 1.000000
7410971.491151 7410971.491151 1.000000
7410981.896430 7410981.896430 1.000000
7410958.069966 7410958.069966 1.000000
7411974.504731 7411974.504731 1.000000
7413252.689564 7413252.689564 1.000000
7415428.023768 7415428.023768 1.000000
7415841.796702 7415841.796702 1.000000
7416734.329210 7416734.329210 1.000000
7414214.545076 7414214.545076 1.000000
7415711.984837 7415711.984837 1.000000
7416233.828203 7416233.828203 1.000000
7415076.090345 7415076.090345 1.000000
7415270.438974 7415270.438974 1.000000
7413439.204700 7413439.204700 1.000000
7414107.555788 7414107.555788 1.000000
7414695.258645 7414695.258645 1.000000
7416058.503028 7416058.503028 1.000000
7414063.551998 7414063.551998 1.000000
7415360.282363 7415360.282363 1.000000
7411296.209802 7411296.209802 1.000000
7414335.352195 7414335.352195 1.000000
7415843.171851 7415843.171851 1.000000
7416254.857684 7416254.857684 1.000000
7416939.857450 7416939.857450 1.000000
7417672.290309 7417672.290309 1.000000
7419764.857956 7419764.857956 1.000000
7420815.605384 7420815.605384 1.000000
7421087.585616 7421087.585616 1.000000
7422448.004549 7422448.004549 1.000000
7422952.438514 7422952.438514 1.000000
7421369.415996 7421369.415996 1.000000
7421972.162669 7421972.162669 1.000000
7422140.486202 7422140.486202 1.000000
7423236.533645 7423236.533645 1.000000
7423551.250167 7423551.250167 1.000000
7424128.829859 7424128.829859 1.000000
7422767.524693 7422767.524693 1.000000
7422811.391239 7422811.391239 1.000000
7423997.425316 7423997.425316 1.000000
7425232.456433 7425232.456433 1.000000
7425460.799392 7425460.799392 1.000000
7425833.548136 7425833.548136 1.000000
7425847.970135 7425847.970135 1.000000
7425108.356455 7425108.356455 1.000000
7425279.019930 7425279.019930 1.000000
7426306.314212 7426306.314212 1.000000
7426901.090649 7426901.090649 1.000000
7425672.798122 7425672.798122 1.000000
7426294.499613 7426294.499613 1.000000
7426752.590348 7426752.590348 1.000000
7427244.772880 7427244.772880 1.000000
7421768.790981 7421768.790981 1.000000
7422994.120915 7422994.120915 1.000000
7425630.082656 7425630.082656 1.000000
7427079.406693 7427079.406693 1.000000
7427446.891206 7427446.891206 1.000000
7428548.157317 7428548.157317 1.000000
7423777.894215 7423777.894215 1.000000
7420832.979949 7420832.979949 1.000000
7421418.014925 7421418.014925 1.000000
7421604.398382 7421604.398382 1.000000
7420423.136603 7420423.136603 1.000000
7422983.515925 7422983.515925 1.000000
7422083.947774 7422083.947774 1.000000
7422757.664829 7422757.664829 1.000000
7423699.976798 7423699.976798 1.000000
7424201.614259 7424201.614259 1.000000
7425455.292961 7425455.292961 1.000000
7421543.757549 7421543.757549 1.000000
7419685.171582 7419685.171582 1.000000
7421056.948266 7421056.948266 1.000000
7419607.744463 7419607.744463 1.000000
7418933.492478 7418933.492478 1.000000
7416984.540586 7416984.540586 1.000000
7418631.447341 7418631.447341 1.000000
7420955.714934 7420955.714934 1.000000
7421557.045615 7421557.045615 1.000000
7423268.325213 7423268.325213 1.000000
7424651.040558 7424651.040558 1.000000
7426403.743531 7426403.743531 1.000000
7427770.988049 7427770.988049 1.000000
7428915.481981 7428915.481981 1.000000
7430833.419204 7430833.419204 1.000000
7429527.922462 7429527.922462 1.000000
7431079.012294 7431079.012294 1.000000
7432294.147435 7432294.147435 1.000000
7432433.946308 7432433.946308 1.000000
7434038.100194 7434038.100194 1.000000
7434055.156352 7434055.156352 1.000000
7431538.588150 7431538.588150 1.000000
7431557.520817 7431557.520817 1.000000
7432516.470372 7432516.470372 1.000000
7433142.013147 7433142.013147 1.000000
7433311.528814 7433311.528814 1.000000
7433835.956926 7433835.956926 1.000000
7434267.654210 7434267.654210 1.000000
7434648.665589 7434648.665589 1.000000
7428950.955520 7428950.955520 1.000000
7429251.948541 7429251.948541 1.000000
7430685.174328 7430685.174328 1.000000
7430922.218044 7430922.218044 1.000000
7430299.187885 7430299.187885 1.000000
7428476.090159 7428476.090159 1.000000
7429561.105125 7429561.105125 1.000000
7428272.704811 7428272.704811 1.000000
7429382.314509 7429382.314509 1.000000
7429223.550322 7429223.550322 1.000000
7430130.916430 7430130.916430 1.000000
7431574.079369 7431574.079369 1.000000
7432564.389311 7432564.389311 1.000000
7433039.832091 7433039.832091 1.000000
7434155.820811 7434155.820811 1.000000
7431867.259559 7431867.259559 1.000000
7433043.105036 7433043.105036 1.000000
7435461.441323 7435461.441323 1.000000
7434493.931106 7434493.931106 1.000000
7436170.753824 7436170.753824 1.000000
7436542.060715 7436542.060715 1.000000
7436788.472340 7436788.472340 1.000000
7436886.897587 7436886.897587 1.000000
7437637.154444 7437637.154444 1.000000
7438231.132867 7438231.132867 1.000000
7434218.962272 7434218.962272 1.000000
7430824.534757 7430824.534757 1.000000
7432280.886320 7432280.886320 1.000000
7432729.372891 7432729.372891 1.000000
7433317.668022 7433317.668022 1.000000
7427040.634714 7427040.634714 1.000000
7427411.876480 7427411.876480 1.000000
7428694.820479 7428694.820479 1.000000
7426953.326523 7426953.326523 1.000000
7428690.763391 7428690.763391 1.000000
7430201.980038 7430201.980038 1.000000
7431030.175989 7431030.175989 1.000000
7432281.380170 7432281.380170 1.000000
7426421.639225 7426421.639225 1.000000
7427746.828762 7427746.828762 1.000000
7429216.666031 7429216.666031 1.000000
7429480.202495 7429480.202495 1.000000
7430235.745653 7430235.745653 1.000000
7430793.271332 7430793.271332 1.000000
7431551.949554 7431551.949554 1.000000
7432285.680981 7432285.680981 1.000000
7432896.636701 7432896.636701 1.000000
7433196.146125 7433196.146125 1.000000
7432676.510316 7432676.510316 1.000000
7432046.005657 7432046.005657 1.000000
7428376.540232 7428376.540232 1.000000
7429568.575406 7429568.575406 1.000000
7430560.876084 7430560.876084 1.000000
7431508.504420 7431508.504420 1.000000
7431648.634883 7431648.634883 1.000000
7432430.245356 7432430.245356 1.000000
7432415.822099 7432415.822099 1.000000
7430196.568525 7430196.568525 1.000000
7430604.330440 7430604.330440 1.000000
7430886.219277 7430886.219277 1.000000
7431894.785906 7431894.785906 1.000000
7432034.853533 7432034.853533 1.000000
7433608.939486 7433608.939486 1.000000
7434440.070837 7434440.070837 1.000000
7436496.665375 7436496.665375 1.000000
7437598.207188 7437598.207188 1.000000
7437408.906398 7437408.906398 1.000000
7437784.401263 7437784.401263 1.000000
7437929.166581 7437929.166581 1.000000
7438860.538329 7438860.538329 1.000000
7439804.798258 7439804.798258 1.000000
7439541.218831 7439541.218831 1.000000
7439559.040010 7439559.040010 1.000000
7440336.931500 7440336.931500 1.000000
7439549.033583 7439549.033583 1.000000
7433391.395137 7433391.395137 1.000000
7435069.338730 7435069.338730 1.000000
7435297.835595 7435297.835595 1.000000
7436866.843153 7436866.843153 1.000000
7437703.193698 7437703.193698 1.000000
7437230.535066 7437230.535066 1.000000
7438245.670254 7438245.670254 1.000000
7437406.678694 7437406.678694 1.000000
7437803.514904 7437803.514904 1.000000
7437979.604672 7437979.604672 1.000000
7438955.003692 7438955.003692 1.000000
7437013.200261 7437013.200261 1.000000
7437681.315757 7437681.315757 1.000000
7438124.186809 7438124.186809 1.000000
7434688.004251 7434688.004251 1.000000
7435799.600979 7435799.600979 1.000000
7436336.949828 7436336.949828 1.000000
7434453.101581 7434453.101581 1.000000
7434446.215073 7434446.215073 1.000000
7433017.989035 7433017.989035 1.000000
7429717.103338 7429717.103338 1.000000
7409746.430363 7409746.430363 1.000000
7409941.195603 7409941.195603 1.000000
7406261.803391 7406261.803391 1.000000
7406647.002642 7406647.002642 1.000000
7408190.369482 7408190.369482 1.000000
7408227.359620 7408227.359620 1.000000
7408340.830527 7408340.830527 1.000000
7410022.187442 7410022.187442 1.000000
7411135.282833 7411135.282833 1.000000
7411969.046843 7411969.046843 1.000000
7410964.152844 7410964.152844 1.000000
7411676.676373 7411676.676373 1.000000
7412050.518094 7412050.518094 1.000000
7412473.794064 7412473.794064 1.000000
7414051.136155 7414051.136155 1.000000
7414562.995743 7414562.995743 1.000000
7414980.303446 7414980.303446 1.000000
7417732.694295 7417732.694295 1.000000
7419689.094237 7419689.094237 1.000000
7421705.321261 7421705.321261 1.000000
7423391.702933 7423391.702933 1.000000
7423606.448580 7423606.448580 1.000000
7423071.712920 7423071.712920 1.000000
7424382.610681 7424382.610681 1.000000
7424182.047517 7424182.047517 1.000000
7422717.869948 7422717.869948 1.000000
7423478.024775 7423478.024775 1.000000
7425240.221782 7425240.221782 1.000000
7425249.175093 7425249.175093 1.000000
7425960.109767 7425960.109767 1.000000
7426266.813812 7426266.813812 1.000000
7425981.139341 7425981.139341 1.000000
7424667.968044 7424667.968044 1.000000
7419003.732908 7419003.732908 1.000000
7419222.365989 7419222.365989 1.000000
7418137.557687 7418137.557687 1.000000
7420110.488343 7420110.488343 1.000000
7420406.784086 7420406.784086 1.000000
7420995.160693 7420995.160693 1.000000
7421478.228734 7421478.228734 1.000000
7422163.293345 7422163.293345 1.000000
7420371.919004 7420371.919004 1.000000
7421208.922950 7421208.922950 1.000000
7421850.605233 7421850.605233 1.000000
7422108.246219 7422108.246219 1.000000
7422875.176595 7422875.176595 1.000000
7421146.465862 7421146.465862 1.000000
7422056.287974 7422056.287974 1.000000
7421210.689383 7421210.689383 1.000000
7421497.956019 7421497.956019 1.000000
7421787.408985 7421787.408985 1.000000
7423058.975876 7423058.975876 1.000000
7424033.945899 7424033.945899 1.000000
7422244.241926 7422244.241926 1.000000
7422866.586304 7422866.586304 1.000000
7424186.322456 7424186.322456 1.000000
7424859.204628 7424859.204628 1.000000
7426016.598241 7426016.598241 1.000000
7426669.531644 7426669.531644 1.000000
7425040.832141 7425040.832141 1.000000
7422974.723323 7422974.723323 1.000000
7424091.219838 7424091.219838 1.000000
7425297.665741 7425297.665741 1.000000
7426118.520284 7426118.520284 1.000000
7426954.919011 7426954.919011 1.000000
7427011.933099 7427011.933099 1.000000
7427572.275167 7427572.275167 1.000000
7420191.768519 7420191.768519 1.000000
7421822.574035 7421822.574035 1.000000
7422733.499722 7422733.499722 1.000000
7424271.548773 7424271.548773 1.000000
7425379.058840 7425379.058840 1.000000
7423892.276871 7423892.276871 1.000000
7424843.503633 7424843.503633 1.000000
7416733.179587 7416733.179587 1.000000
7418897.282424 7418897.282424 1.000000
7421153.112272 7421153.112272 1.000000
7423315.807704 7423315.807704 1.000000
7421725.094563 7421725.094563 1.000000
7423162.534701 7423162.534701 1.000000
7425495.272872 7425495.272872 1.000000
7427159.091114 7427159.091114 1.000000
7427652.218073 7427652.218073 1.000000
7427819.557258 7427819.557258 1.000000
7427828.247449 7427828.247449 1.000000
7428601.733394 7428601.733394 1.000000
7430395.928042 7430395.928042 1.000000
7429783.783999 7429783.783999 1.000000
7431048.248952 7431048.248952 1.000000
7432184.867462 7432184.867462 1.000000
7433340.275213 7433340.275213 1.000000
7433437.087644 7433437.087644 1.000000
7433949.309372 7433949.309372 1.000000
7434568.139145 7434568.139145 1.000000
7435485.012617 7435485.012617 1.000000
7432056.723632 7432056.723632 1.000000
7425664.296360 7425664.296360 1.000000
7426564.549211 7426564.549211 1.000000
7426851.694888 7426851.694888 1.000000
7427797.778283 7427797.778283 1.000000
7428049.946990 7428049.946990 1.000000
7428170.024430 7428170.024430 1.000000
7428701.275828 7428701.275828 1.000000
7426256.072767 7426256.072767 1.000000
7426465.784376 7426465.784376 1.000000
7426311.531345 7426311.531345 1.000000
7428540.466920 7428540.466920 1.000000
7430116.541982 7430116.541982 1.000000
7429749.500425 7429749.500425 1.000000
7429971.737206 7429971.737206 1.000000
7431953.163367 7431953.163367 1.000000
7430726.486052 7430726.486052 1.000000
7430896.236028 7430896.236028 1.000000
7431566.591397 7431566.591397 1.000000
7428786.992202 7428786.992202 1.000000
7429890.089274 7429890.089274 1.000000
7429988.381706 7429988.381706 1.000000
7431683.788117 7431683.788117 1.000000
7433219.744884 7433219.744884 1.000000
7433690.677707 7433690.677707 1.000000
7434539.326394 7434539.326394 1.000000
7435565.320429 7435565.320429 1.000000
7436817.879135 7436817.879135 1.000000
7437480.604863 7437480.604863 1.000000
7438376.838562 7438376.838562 1.000000
7439892.183983 7439892.183983 1.000000
7440324.526747 7440324.526747 1.000000
7439458.199179 7439458.199179 1.000000
7439783.779095 7439783.779095 1.000000
7435513.940809 7435513.940809 1.000000
7437331.270561 7437331.270561 1.000000
7438602.764640 7438602.764640 1.000000
7438343.520132 7438343.520132 1.000000
7437356.926911 7437356.926911 1.000000
7438093.516629 7438093.516629 1.000000
7438724.023718 7438724.023718 1.000000
7431194.723078 7431194.723078 1.000000
7432540.689471 7432540.689471 1.000000
7432978.940430 7432978.940430 1.000000
7433205.146584 7433205.146584 1.000000
7434422.567475 7434422.567475 1.000000
7432422.600539 7432422.600539 1.000000
7432226.616511 7432226.616511 1.000000
7432308.723764 7432308.723764 1.000000
7425463.072597 7425463.072597 1.000000
7426570.782478 7426570.782478 1.000000
7427346.297571 7427346.297571 1.000000
7429093.954438 7429093.954438 1.000000
7429264.821778 7429264.821778 1.000000
7429476.272782 7429476.272782 1.000000
7430357.540859 7430357.540859 1.000000
7432121.456156 7432121.456156 1.000000
7433235.590386 7433235.590386 1.000000
7431127.437771 7431127.437771 1.000000
7431703.409194 7431703.409194 1.000000
7433296.012340 7433296.012340 1.000000
7435384.260178 7435384.260178 1.000000
7437043.497774 7437043.497774 1.000000
7437524.563873 7437524.563873 1.000000
7438114.347395 7438114.347395 1.000000
7439164.221467 7439164.221467 1.000000
7439870.687032 7439870.687032 1.000000
7441504.283650 7441504.283650 1.000000
7441858.436891 7441858.436891 1.000000
7440833.366670 7440833.366670 1.000000
7437412.738391 7437412.738391 1.000000
7438715.003619 7438715.003619 1.000000
7439354.835185 7439354.835185 1.000000
7440453.097702 7440453.097702 1.000000
7440306.612502 7440306.612502 1.000000
7440887.462216 7440887.462216 1.000000
7441375.053711 7441375.053711 1.000000
7442315.516339 7442315.516339 1.000000
7443066.706351 7443066.706351 1.000000
7443256.890954 7443256.890954 1.000000
7440711.946022 7440711.946022 1.000000
7439206.082858 7439206.082858 1.000000
7439524.473240 7439524.473240 1.000000
7438704.308375 7438704.308375 1.000000
7439101.507792 7439101.507792 1.000000
7437733.066051 7437733.066051 1.000000
7439119.425569 7439119.425569 1.000000
7439690.407246 7439690.407246 1.000000
7439837.271276 7439837.271276 1.000000
7440803.079918 7440803.079918 1.000000
7437217.209872 7437217.209872 1.000000
7435228.521112 7435228.521112 1.000000
7433432.139295 7433432.139295 1.000000
7433663.307720 7433663.307720 1.000000
7433614.939159 7433614.939159 1.000000
7434144.696728 7434144.696728 1.000000
7434263.583267 7434263.583267 1.000000
7429634.536286 7429634.536286 1.000000
7429651.040052 7429651.040052 1.000000
7430678.255686 7430678.255686 1.000000
7431990.083677 7431990.083677 1.000000
7433722.478459 7433722.478459 1.000000
7433744.259569 7433744.259569 1.000000
7434566.065818 7434566.065818 1.000000
7436811.592766 7436811.592766 1.000000
7437038.814253 7437038.814253 1.000000
7437749.631779 7437749.631779 1.000000
7439691.399859 7439691.399859 1.000000
7440058.966749 7440058.966749 1.000000
7435432.050802 7435432.050802 1.000000
7436461.266926 7436461.266926 1.000000
7435939.978620 7435939.978620 1.000000
7437003.547279 7437003.547279 1.000000
7437644.765688 7437644.765688 1.000000
7437878.651771 7437878.651771 1.000000
7438629.358716 7438629.358716 1.000000
7439294.553968 7439294.553968 1.000000
7439420.808464 7439420.808464 1.000000
7439822.710623 7439822.710623 1.000000
7439844.046963 7439844.046963 1.000000
7439878.738839 7439878.738839 1.000000
7437608.280555 7437608.280555 1.000000
