7290277.733992 7290277.733992 1.000000
7290200.318134 7290200.318134 1.000000
7290267.197446 7290267.197446 1.000000
7290457.664492 7290457.664492 1.000000
7290699.620176 7290699.620176 1.000000
7290741.146864 7290741.146864 1.000000
7290836.914391 7290836.914391 1.000000
7290928.143340 7290928.143340 1.000000
7291077.887816 7291077.887816 1.000000
7291283.124801 7291283.124801 1.000000
7291381.982143 7291381.982143 1.000000
7291584.237286 7291584.237286 1.000000
7291803.255634 7291803.255634 1.000000
7291888.776309 7291888.776309 1.000000
7291986.630852 7291986.630852 1.000000
7292185.317273 7292185.317273 1.000000
7292343.629382 7292343.629382 1.000000
7292452.668078 7292452.668078 1.000000
7292652.132912 7292652.132912 1.000000
7292798.854372 7292798.854372 1.000000
7292863.946089 7292863.946089 1.000000
7293087.064099 7293087.064099 1.000000
7293310.991785 7293310.991785 1.000000
7293483.326597 7293483.326597 1.000000
7293576.832046 7293576.832046 1.000000
7293723.092752 7293723.092752 1.000000
7293967.262905 7293967.262905 1.000000
7293689.747473 7293689.747473 1.000000
7293829.757676 7293829.757676 1.000000
7293150.197212 7293150.197212 1.000000
7293621.368912 7293621.368912 1.000000
7293750.135095 7293750.135095 1.000000
7293924.648222 7293924.648222 1.000000
7294184.726827 7294184.726827 1.000000
7294280.871344 7294280.871344 1.000000
7294477.300649 7294477.300649 1.000000
7294699.659054 7294699.659054 1.000000
7295060.611420 7295060.611420 1.000000
7295256.602442 7295256.602442 1.000000
7295534.643486 7295534.643486 1.000000
7295282.585183 7295282.585183 1.000000
7295608.220788 7295608.220788 1.000000
7295622.087305 7295622.087305 1.000000
7295916.363227 7295916.363227 1.000000
7296059.064498 7296059.064498 1.000000
7296458.849619 7296458.849619 1.000000
7296867.517263 7296867.517263 1.000000
7296965.528766 7296965.528766 1.000000
7297059.504478 7297059.504478 1.000000
7297127.509800 7297127.509800 1.000000
7297248.312904 7297248.312904 1.000000
7297340.543410 7297340.543410 1.000000
7297588.776997 7297588.776997 1.000000
7297610.727762 7297610.727762 1.000000
7297753.499646 7297753.499646 1.000000
7297882.833335 7297882.833335 1.000000
7298081.739324 7298081.739324 1.000000
7298257.192166 7298257.192166 1.000000
7298332.892930 7298332.892930 1.000000
7298340.151801 7298340.151801 1.000000
7298174.120018 7298174.120018 1.000000
7298380.784533 7298380.784533 1.000000
7298543.497631 7298543.497631 1.000000
7298706.532707 7298706.532707 1.000000
7298928.532169 7298928.532169 1.000000
7299160.453447 7299160.453447 1.000000
7299200.093863 7299200.093863 1.000000
7299490.610731 7299490.610731 1.000000
7299610.929949 7299610.929949 1.000000
7299695.331444 7299695.331444 1.000000
7299892.508649 7299892.508649 1.000000
7300292.338644 7300292.338644 1.000000
7424101.577680 7424101.577680 1.000000
7420906.654877 7420906.654877 1.000000
7418420.966471 7418420.966471 1.000000
7414271.446190 7414271.446190 1.000000
7406938.860068 7406938.860068 1.000000
7400178.353141 7400178.353141 1.000000
7397665.934077 7397665.934077 1.000000
7398814.069793 7398814.069793 1.000000
7399834.601355 7399834.601355 1.000000
7393881.446720 7393881.446720 1.000000
7392158.368580 7392158.368580 1.000000
7389308.205531 7389308.205531 1.000000
7387037.117270 7387037.117270 1.000000
7381482.872783 7381482.872783 1.000000
7379539.081356 7379539.081356 1.000000
7375531.172008 7375531.172008 1.000000
7372604.188243 7372604.188243 1.000000
7368466.678331 7368466.678331 1.000000
7369760.470382 7369760.470382 1.000000
7370987.716989 7370987.716989 1.000000
7372689.614887 7372689.614887 1.000000
7374363.016404 7374363.016404 1.000000
7375898.475110 7375898.475110 1.000000
7348942.579546 7348942.579546 1.000000
7347445.619770 7347445.619770 1.000000
7341304.196480 7341304.196480 1.000000
7339467.521466 7339467.521466 1.000000
7338822.321133 7338822.321133 1.000000
7335621.165533 7335621.165533 1.000000
7333446.475859 7333446.475859 1.000000
7329043.747094 7329043.747094 1.000000
7326640.455698 7326640.455698 1.000000
7323410.774491 7323410.774491 1.000000
7320764.639693 7320764.639693 1.000000
7318402.204114 7318402.204114 1.000000
7315065.878920 7315065.878920 1.000000
7312053.365391 7312053.365391 1.000000
7308791.680139 7308791.680139 1.000000
7307789.705079 7307789.705079 1.000000
7268027.788586 7268027.788586 1.000000
7267500.910593 7267500.910593 1.000000
7266456.242699 7266456.242699 1.000000
7262830.798636 7262830.798636 1.000000
7260622.011900 7260622.011900 1.000000
7259367.478557 7259367.478557 1.000000
7257407.260622 7257407.260622 1.000000
7257579.034575 7257579.034575 1.000000
7256306.178224 7256306.178224 1.000000
7253735.681233 7253735.681233 1.000000
7253849.892309 7253849.892309 1.000000
7253295.389162 7253295.389162 1.000000
7253332.700017 7253332.700017 1.000000
7250233.768332 7250233.768332 1.000000
7249390.338965 7249390.338965 1.000000
7248464.338954 7248464.338954 1.000000
7250985.798452 7250985.798452 1.000000
7251816.762590 7251816.762590 1.000000
7246579.324692 7246579.324692 1.000000
7241350.772510 7241350.772510 1.000000
7243787.278076 7243787.278076 1.000000
7245021.084740 7245021.084740 1.000000
7246818.989692 7246818.989692 1.000000
7244921.722009 7244921.722009 1.000000
7245456.991092 7245456.991092 1.000000
7243470.003652 7243470.003652 1.000000
7243937.213329 7243937.213329 1.000000
7239519.548395 7239519.548395 1.000000
7239568.267296 7239568.267296 1.000000
7239131.633670 7239131.633670 1.000000
7239105.811962 7239105.811962 1.000000
7239103.100572 7239103.100572 1.000000
7239236.310061 7239236.310061 1.000000
7238603.484944 7238603.484944 1.000000
7237331.835372 7237331.835372 1.000000
7236322.609242 7236322.609242 1.000000
7236115.150572 7236115.150572 1.000000
7236206.750360 7236206.750360 1.000000
7235902.969459 7235902.969459 1.000000
7235734.616814 7235734.616814 1.000000
7235593.967501 7235593.967501 1.000000
7235749.024644 7235749.024644 1.000000
7235748.096439 7235748.096439 1.000000
7235023.153198 7235023.153198 1.000000
7233610.082397 7233610.082397 1.000000
7233727.612916 7233727.612916 1.000000
7234183.298076 7234183.298076 1.000000
7234515.650665 7234515.650665 1.000000
7234578.125284 7234578.125284 1.000000
7232932.175798 7232932.175798 1.000000
7231380.142060 7231380.142060 1.000000
7231413.838457 7231413.838457 1.000000
7230649.211767 7230649.211767 1.000000
7229202.963534 7229202.963534 1.000000
7227967.008033 7227967.008033 1.000000
7227044.673126 7227044.673126 1.000000
7225851.793311 7225851.793311 1.000000
7223829.040944 7223829.040944 1.000000
7223085.449410 7223085.449410 1.000000
7222152.307602 7222152.307602 1.000000
7220759.921715 7220759.921715 1.000000
7220795.223436 7220795.223436 1.000000
7221052.329718 7221052.329718 1.000000
7219738.908415 7219738.908415 1.000000
7219773.187027 7219773.187027 1.000000
7219859.810116 7219859.810116 1.000000
7218074.223986 7218074.223986 1.000000
7217395.294861 7217395.294861 1.000000
7216059.767287 7216059.767287 1.000000
7214784.245134 7214784.245134 1.000000
7214511.975557 7214511.975557 1.000000
7212895.824197 7212895.824197 1.000000
7212573.123038 7212573.123038 1.000000
7212700.720278 7212700.720278 1.000000
7212889.541881 7212889.541881 1.000000
7212765.666161 7212765.666161 1.000000
7212672.153384 7212672.153384 1.000000
7212577.582682 7212577.582682 1.000000
7211873.141724 7211873.141724 1.000000
7211929.769002 7211929.769002 1.000000
7211793.504019 7211793.504019 1.000000
7211810.209601 7211810.209601 1.000000
7211906.573637 7211906.573637 1.000000
7210933.702679 7210933.702679 1.000000
7209916.998137 7209916.998137 1.000000
7210009.948788 7210009.948788 1.000000
7210046.813728 7210046.813728 1.000000
7209825.799050 7209825.799050 1.000000
7210008.666283 7210008.666283 1.000000
7210338.187655 7210338.187655 1.000000
7210678.854216 7210678.854216 1.000000
7208444.609075 7208444.609075 1.000000
7208812.091782 7208812.091782 1.000000
7208152.186291 7208152.186291 1.000000
7207582.226759 7207582.226759 1.000000
7207863.966757 7207863.966757 1.000000
7208133.829798 7208133.829798 1.000000
7208159.286835 7208159.286835 1.000000
7207848.527368 7207848.527368 1.000000
7207510.758113 7207510.758113 1.000000
7207203.079243 7207203.079243 1.000000
7205838.175617 7205838.175617 1.000000
7205527.986940 7205527.986940 1.000000
7205600.857457 7205600.857457 1.000000
7204852.634199 7204852.634199 1.000000
7205094.475080 7205094.475080 1.000000
7205202.879309 7205202.879309 1.000000
7205213.797450 7205213.797450 1.000000
7205511.540554 7205511.540554 1.000000
7205706.495008 7205706.495008 1.000000
7204937.418853 7204937.418853 1.000000
7204776.382605 7204776.382605 1.000000
7204973.743546 7204973.743546 1.000000
7205181.534266 7205181.534266 1.000000
7205371.969431 7205371.969431 1.000000
7204540.805497 7204540.805497 1.000000
7203655.850695 7203655.850695 1.000000
7202772.355828 7202772.355828 1.000000
7202843.236801 7202843.236801 1.000000
7202913.692738 7202913.692738 1.000000
7201947.004226 7201947.004226 1.000000
7201270.480433 7201270.480433 1.000000
7201383.653732 7201383.653732 1.000000
7201421.627908 7201421.627908 1.000000
7201522.615026 7201522.615026 1.000000
7201760.975925 7201760.975925 1.000000
7201437.412356 7201437.412356 1.000000
7201173.295898 7201173.295898 1.000000
7200454.637119 7200454.637119 1.000000
7200532.839431 7200532.839431 1.000000
7200533.340445 7200533.340445 1.000000
7199870.679161 7199870.679161 1.000000
7199617.426652 7199617.426652 1.000000
7199740.418505 7199740.418505 1.000000
7199596.279227 7199596.279227 1.000000
7199687.270813 7199687.270813 1.000000
7199699.221811 7199699.221811 1.000000
7199063.283866 7199063.283866 1.000000
7199096.130505 7199096.130505 1.000000
7199316.983311 7199316.983311 1.000000
7199535.110065 7199535.110065 1.000000
7199695.129303 7199695.129303 1.000000
7199590.290665 7199590.290665 1.000000
7199179.129132 7199179.129132 1.000000
7199328.500973 7199328.500973 1.000000
7199449.211467 7199449.211467 1.000000
7199001.551436 7199001.551436 1.000000
7198737.338161 7198737.338161 1.000000
7198853.003780 7198853.003780 1.000000
7197947.779644 7197947.779644 1.000000
7197050.150450 7197050.150450 1.000000
7197142.963082 7197142.963082 1.000000
7196520.367494 7196520.367494 1.000000
7196455.283896 7196455.283896 1.000000
7195981.918974 7195981.918974 1.000000
7196554.584825 7196554.584825 1.000000
7196773.460847 7196773.460847 1.000000
7195013.053627 7195013.053627 1.000000
7195138.014170 7195138.014170 1.000000
7192783.734348 7192783.734348 1.000000
7193061.157505 7193061.157505 1.000000
7193752.325226 7193752.325226 1.000000
7194027.105123 7194027.105123 1.000000
7194214.016588 7194214.016588 1.000000
7194682.398706 7194682.398706 1.000000
7190957.427448 7190957.427448 1.000000
7192716.372899 7192716.372899 1.000000
7189324.714842 7189324.714842 1.000000
7189547.000849 7189547.000849 1.000000
7189775.676115 7189775.676115 1.000000
7189982.375833 7189982.375833 1.000000
7189476.260760 7189476.260760 1.000000
7188996.176387 7188996.176387 1.000000
7189049.733988 7189049.733988 1.000000
7188888.808119 7188888.808119 1.000000
7188957.092769 7188957.092769 1.000000
7188010.427538 7188010.427538 1.000000
7188101.840834 7188101.840834 1.000000
7188467.234785 7188467.234785 1.000000
7188560.864782 7188560.864782 1.000000
7188601.232478 7188601.232478 1.000000
7188701.277333 7188701.277333 1.000000
7187442.646270 7187442.646270 1.000000
7187713.970674 7187713.970674 1.000000
7188166.543718 7188166.543718 1.000000
7188404.868960 7188404.868960 1.000000
7187876.985526 7187876.985526 1.000000
7186689.444264 7186689.444264 1.000000
7186669.700480 7186669.700480 1.000000
7186716.285331 7186716.285331 1.000000
7186729.274097 7186729.274097 1.000000
7186666.531934 7186666.531934 1.000000
7185612.102183 7185612.102183 1.000000
7185339.346372 7185339.346372 1.000000
7185551.930620 7185551.930620 1.000000
7185415.316017 7185415.316017 1.000000
7185608.177118 7185608.177118 1.000000
7185775.177129 7185775.177129 1.000000
7186026.277150 7186026.277150 1.000000
7185708.635542 7185708.635542 1.000000
7185736.664607 7185736.664607 1.000000
7185890.974059 7185890.974059 1.000000
7185416.888737 7185416.888737 1.000000
7184723.111903 7184723.111903 1.000000
7184845.821590 7184845.821590 1.000000
7184975.008027 7184975.008027 1.000000
7185026.658635 7185026.658635 1.000000
7185128.030170 7185128.030170 1.000000
7185234.367050 7185234.367050 1.000000
7185403.152324 7185403.152324 1.000000
7185574.825649 7185574.825649 1.000000
7185752.116290 7185752.116290 1.000000
7185833.814743 7185833.814743 1.000000
7185832.121954 7185832.121954 1.000000
7185826.057012 7185826.057012 1.000000
7185893.055832 7185893.055832 1.000000
7185715.408855 7185715.408855 1.000000
7185759.488494 7185759.488494 1.000000
7185851.218134 7185851.218134 1.000000
7186020.019728 7186020.019728 1.000000
7185597.967263 7185597.967263 1.000000
7185694.477091 7185694.477091 1.000000
7185918.204846 7185918.204846 1.000000
7185930.467386 7185930.467386 1.000000
7185994.926913 7185994.926913 1.000000
7186120.578298 7186120.578298 1.000000
7186186.127344 7186186.127344 1.000000
7186549.567357 7186549.567357 1.000000
7186699.196998 7186699.196998 1.000000
7186355.719814 7186355.719814 1.000000
7186542.341071 7186542.341071 1.000000
7186713.571773 7186713.571773 1.000000
7186357.751970 7186357.751970 1.000000
7186611.094774 7186611.094774 1.000000
7186259.711963 7186259.711963 1.000000
7186457.035479 7186457.035479 1.000000
7186468.733586 7186468.733586 1.000000
7186312.225435 7186312.225435 1.000000
7185443.661571 7185443.661571 1.000000
7185657.098881 7185657.098881 1.000000
7185546.254905 7185546.254905 1.000000
7185489.739522 7185489.739522 1.000000
7185562.378296 7185562.378296 1.000000
7185453.362515 7185453.362515 1.000000
7185231.238685 7185231.238685 1.000000
7185323.915325 7185323.915325 1.000000
7185339.675384 7185339.675384 1.000000
7185258.415067 7185258.415067 1.000000
7185261.157068 7185261.157068 1.000000
7185425.776648 7185425.776648 1.000000
7185476.055511 7185476.055511 1.000000
7185459.560392 7185459.560392 1.000000
7185576.640038 7185576.640038 1.000000
7185653.723496 7185653.723496 1.000000
7185438.760553 7185438.760553 1.000000
7185441.825472 7185441.825472 1.000000
7185081.277185 7185081.277185 1.000000
7185020.474359 7185020.474359 1.000000
7184709.403515 7184709.403515 1.000000
7184769.228558 7184769.228558 1.000000
7184671.421312 7184671.421312 1.000000
7184726.285884 7184726.285884 1.000000
7184769.927398 7184769.927398 1.000000
7184892.300035 7184892.300035 1.000000
7184951.907677 7184951.907677 1.000000
7185080.344903 7185080.344903 1.000000
7185295.639073 7185295.639073 1.000000
7185352.209459 7185352.209459 1.000000
7185397.939680 7185397.939680 1.000000
7185493.457274 7185493.457274 1.000000
7185548.271427 7185548.271427 1.000000
7185203.160948 7185203.160948 1.000000
