5740204.849323 5740204.849323 1.000000
5740407.767682 5740407.767682 1.000000
5740592.523620 5740592.523620 1.000000
5740797.005940 5740797.005940 1.000000
5741002.784208 5741002.784208 1.000000
5741211.982344 5741211.982344 1.000000
5840802.891935 5840802.891935 1.000000
5841714.857297 5841714.857297 1.000000
5842593.120243 5842593.120243 1.000000
5843515.838820 5843515.838820 1.000000
5844195.827796 5844195.827796 1.000000
5844874.366116 5844874.366116 1.000000
5845666.383453 5845666.383453 1.000000
5845769.491830 5845769.491830 1.000000
5846571.154880 5846571.154880 1.000000
5847519.877749 5847519.877749 1.000000
5848414.953585 5848414.953585 1.000000
5849232.715084 5849232.715084 1.000000
5849897.505067 5849897.505067 1.000000
5850895.455997 5850895.455997 1.000000
5851868.212749 5851868.212749 1.000000
5852710.841771 5852710.841771 1.000000
5853557.416179 5853557.416179 1.000000
5854335.408520 5854335.408520 1.000000
5855054.827974 5855054.827974 1.000000
5855763.428048 5855763.428048 1.000000
5856417.346253 5856417.346253 1.000000
5857218.859253 5857218.859253 1.000000
5857990.469369 5857990.469369 1.000000
5858603.493643 5858603.493643 1.000000
5859393.117329 5859393.117329 1.000000
5860158.102681 5860158.102681 1.000000
5860897.982248 5860897.982248 1.000000
5861529.883544 5861529.883544 1.000000
5862326.529695 5862326.529695 1.000000
5863085.117959 5863085.117959 1.000000
5863727.941618 5863727.941618 1.000000
5864369.116147 5864369.116147 1.000000
5865023.479750 5865023.479750 1.000000
5865800.138493 5865800.138493 1.000000
5866406.995053 5866406.995053 1.000000
5867018.278706 5867018.278706 1.000000
5867702.571377 5867702.571377 1.000000
5868544.911598 5868544.911598 1.000000
5869266.951332 5869266.951332 1.000000
5870124.185568 5870124.185568 1.000000
5870651.803199 5870651.803199 1.000000
5871079.607608 5871079.607608 1.000000
5871692.397684 5871692.397684 1.000000
5872467.629994 5872467.629994 1.000000
5872871.212650 5872871.212650 1.000000
5873588.740420 5873588.740420 1.000000
5874280.346884 5874280.346884 1.000000
5875143.102058 5875143.102058 1.000000
5875805.696370 5875805.696370 1.000000
5876190.977633 5876190.977633 1.000000
5876568.037283 5876568.037283 1.000000
5876937.940192 5876937.940192 1.000000
5877040.007303 5877040.007303 1.000000
5877640.579863 5877640.579863 1.000000
5877605.029030 5877605.029030 1.000000
5877722.878389 5877722.878389 1.000000
5878133.861522 5878133.861522 1.000000
5878240.376523 5878240.376523 1.000000
5878678.096938 5878678.096938 1.000000
5879112.974990 5879112.974990 1.000000
5879662.501369 5879662.501369 1.000000
5880042.114250 5880042.114250 1.000000
5880726.354410 5880726.354410 1.000000
5881281.669273 5881281.669273 1.000000
5881576.040626 5881576.040626 1.000000
5882281.652437 5882281.652437 1.000000
5882942.163704 5882942.163704 1.000000
5883565.004565 5883565.004565 1.000000
5884158.469825 5884158.469825 1.000000
5884612.827401 5884612.827401 1.000000
5885041.113076 5885041.113076 1.000000
5885576.461847 5885576.461847 1.000000
5886080.864327 5886080.864327 1.000000
5886423.912909 5886423.912909 1.000000
5949890.195089 5949890.195089 1.000000
5949501.432112 5949501.432112 1.000000
5949215.371619 5949215.371619 1.000000
5948471.580638 5948471.580638 1.000000
5948111.591028 5948111.591028 1.000000
5947841.845316 5947841.845316 1.000000
5947674.300262 5947674.300262 1.000000
5947253.612700 5947253.612700 1.000000
5946916.318502 5946916.318502 1.000000
5946492.646179 5946492.646179 1.000000
5946060.420177 5946060.420177 1.000000
5945824.833229 5945824.833229 1.000000
5945567.908073 5945567.908073 1.000000
5945276.155595 5945276.155595 1.000000
5944763.756523 5944763.756523 1.000000
5944298.348768 5944298.348768 1.000000
5943849.019001 5943849.019001 1.000000
5943531.542916 5943531.542916 1.000000
5943230.069911 5943230.069911 1.000000
5943064.925714 5943064.925714 1.000000
5944020.613450 5944020.613450 1.000000
5944284.191184 5944284.191184 1.000000
5944085.724942 5944085.724942 1.000000
5943896.554738 5943896.554738 1.000000
5943768.016311 5943768.016311 1.000000
5944181.958316 5944181.958316 1.000000
5944944.012004 5944944.012004 1.000000
5944038.868231 5944038.868231 1.000000
5944378.077769 5944378.077769 1.000000
5944158.293415 5944158.293415 1.000000
5944020.995208 5944020.995208 1.000000
5943246.174897 5943246.174897 1.000000
5942948.378522 5942948.378522 1.000000
5943403.929928 5943403.929928 1.000000
5942587.573217 5942587.573217 1.000000
5942888.820256 5942888.820256 1.000000
5942495.151616 5942495.151616 1.000000
5942395.579750 5942395.579750 1.000000
5942531.362025 5942531.362025 1.000000
5941739.077416 5941739.077416 1.000000
5942402.128738 5942402.128738 1.000000
5942573.970006 5942573.970006 1.000000
5942318.832605 5942318.832605 1.000000
5941700.493500 5941700.493500 1.000000
5941537.224838 5941537.224838 1.000000
5941929.192362 5941929.192362 1.000000
5940971.945744 5940971.945744 1.000000
5941211.475596 5941211.475596 1.000000
5940986.175468 5940986.175468 1.000000
5940570.107770 5940570.107770 1.000000
5940740.712269 5940740.712269 1.000000
5939952.299573 5939952.299573 1.000000
5940306.687878 5940306.687878 1.000000
5939564.244284 5939564.244284 1.000000
5939747.136194 5939747.136194 1.000000
5938951.449034 5938951.449034 1.000000
5939163.044281 5939163.044281 1.000000
5938532.507441 5938532.507441 1.000000
5938369.271590 5938369.271590 1.000000
5938532.436744 5938532.436744 1.000000
5937915.500775 5937915.500775 1.000000
5937371.494932 5937371.494932 1.000000
5937047.299395 5937047.299395 1.000000
5936874.216656 5936874.216656 1.000000
5936762.033316 5936762.033316 1.000000
5937116.072837 5937116.072837 1.000000
5937231.923139 5937231.923139 1.000000
5937131.523443 5937131.523443 1.000000
5937324.944451 5937324.944451 1.000000
5937555.170324 5937555.170324 1.000000
5938081.200221 5938081.200221 1.000000
5938458.138234 5938458.138234 1.000000
5938296.590956 5938296.590956 1.000000
5938185.347383 5938185.347383 1.000000
5937970.745313 5937970.745313 1.000000
5937750.939613 5937750.939613 1.000000
5937387.339950 5937387.339950 1.000000
5937114.068747 5937114.068747 1.000000
5936998.291326 5936998.291326 1.000000
5936869.316987 5936869.316987 1.000000
5936832.094783 5936832.094783 1.000000
5936576.752727 5936576.752727 1.000000
5936440.981617 5936440.981617 1.000000
5936231.068227 5936231.068227 1.000000
5936122.490895 5936122.490895 1.000000
5935741.490755 5935741.490755 1.000000
5936170.309083 5936170.309083 1.000000
5935893.393042 5935893.393042 1.000000
5935390.173004 5935390.173004 1.000000
5935125.975524 5935125.975524 1.000000
5934865.189826 5934865.189826 1.000000
5934607.043985 5934607.043985 1.000000
5934809.238611 5934809.238611 1.000000
5934652.707581 5934652.707581 1.000000
5934454.931122 5934454.931122 1.000000
5934257.573741 5934257.573741 1.000000
5934086.639659 5934086.639659 1.000000
5934927.323216 5934927.323216 1.000000
5935471.385530 5935471.385530 1.000000
5935695.289721 5935695.289721 1.000000
5935674.247827 5935674.247827 1.000000
5936439.315577 5936439.315577 1.000000
5936579.079038 5936579.079038 1.000000
5935940.572145 5935940.572145 1.000000
5935579.716999 5935579.716999 1.000000
5935220.717739 5935220.717739 1.000000
5934864.009819 5934864.009819 1.000000
5935210.291652 5935210.291652 1.000000
5935442.399769 5935442.399769 1.000000
5935269.081307 5935269.081307 1.000000
5935025.621803 5935025.621803 1.000000
5934059.342128 5934059.342128 1.000000
5933679.377488 5933679.377488 1.000000
5933489.699561 5933489.699561 1.000000
5933334.997590 5933334.997590 1.000000
5933173.318907 5933173.318907 1.000000
5932893.419885 5932893.419885 1.000000
5932771.628395 5932771.628395 1.000000
5932590.985056 5932590.985056 1.000000
5932378.030821 5932378.030821 1.000000
5931960.366864 5931960.366864 1.000000
5931239.547248 5931239.547248 1.000000
5930966.443570 5930966.443570 1.000000
5930791.050912 5930791.050912 1.000000
5930677.980764 5930677.980764 1.000000
5930764.763270 5930764.763270 1.000000
5930349.012621 5930349.012621 1.000000
5930136.197038 5930136.197038 1.000000
5929839.156425 5929839.156425 1.000000
5929723.009382 5929723.009382 1.000000
5929225.528648 5929225.528648 1.000000
5928613.457232 5928613.457232 1.000000
5928357.793833 5928357.793833 1.000000
5928181.425294 5928181.425294 1.000000
5928221.814482 5928221.814482 1.000000
5927911.358828 5927911.358828 1.000000
5927733.147305 5927733.147305 1.000000
5927586.800458 5927586.800458 1.000000
5927446.872662 5927446.872662 1.000000
5927359.901958 5927359.901958 1.000000
5927151.761012 5927151.761012 1.000000
5926275.428278 5926275.428278 1.000000
5925964.004544 5925964.004544 1.000000
5926342.055714 5926342.055714 1.000000
5926711.373394 5926711.373394 1.000000
5925869.472472 5925869.472472 1.000000
5925105.754324 5925105.754324 1.000000
5926077.453746 5926077.453746 1.000000
5925935.552590 5925935.552590 1.000000
5926428.412094 5926428.412094 1.000000
5926325.800258 5926325.800258 1.000000
5926531.922418 5926531.922418 1.000000
5925589.737880 5925589.737880 1.000000
5926070.309432 5926070.309432 1.000000
5925817.273974 5925817.273974 1.000000
5926002.853906 5926002.853906 1.000000
5926636.691263 5926636.691263 1.000000
5926327.241708 5926327.241708 1.000000
5926118.716487 5926118.716487 1.000000
5925881.479695 5925881.479695 1.000000
5925619.264396 5925619.264396 1.000000
5925458.753927 5925458.753927 1.000000
5925300.532408 5925300.532408 1.000000
5925963.596951 5925963.596951 1.000000
5926192.693580 5926192.693580 1.000000
5926414.490567 5926414.490567 1.000000
5925603.774197 5925603.774197 1.000000
5925324.526736 5925324.526736 1.000000
5925438.832086 5925438.832086 1.000000
5926175.465268 5926175.465268 1.000000
5925727.292892 5925727.292892 1.000000
5925596.002099 5925596.002099 1.000000
5925208.969567 5925208.969567 1.000000
5924930.033453 5924930.033453 1.000000
5924824.595497 5924824.595497 1.000000
5924558.446135 5924558.446135 1.000000
5924218.663503 5924218.663503 1.000000
5923281.236391 5923281.236391 1.000000
5923540.922862 5923540.922862 1.000000
5923778.597797 5923778.597797 1.000000
5924023.607986 5924023.607986 1.000000
5924402.181247 5924402.181247 1.000000
5924685.514343 5924685.514343 1.000000
5924904.675345 5924904.675345 1.000000
5925530.349218 5925530.349218 1.000000
5926144.348681 5926144.348681 1.000000
5925454.990395 5925454.990395 1.000000
5925867.691908 5925867.691908 1.000000
5926827.666216 5926827.666216 1.000000
5926061.235400 5926061.235400 1.000000
5926513.923652 5926513.923652 1.000000
5925768.130778 5925768.130778 1.000000
5926195.670215 5926195.670215 1.000000
5925597.440586 5925597.440586 1.000000
5925920.950092 5925920.950092 1.000000
5925708.868230 5925708.868230 1.000000
5925954.510640 5925954.510640 1.000000
5925488.285828 5925488.285828 1.000000
5925968.101995 5925968.101995 1.000000
5925468.479249 5925468.479249 1.000000
5925721.179411 5925721.179411 1.000000
5925149.441990 5925149.441990 1.000000
5925654.535875 5925654.535875 1.000000
5925011.021525 5925011.021525 1.000000
5925228.488936 5925228.488936 1.000000
5925653.257686 5925653.257686 1.000000
5925361.020538 5925361.020538 1.000000
5924755.699805 5924755.699805 1.000000
5924368.444452 5924368.444452 1.000000
5924634.968155 5924634.968155 1.000000
5925146.936826 5925146.936826 1.000000
5924744.640435 5924744.640435 1.000000
5924358.936073 5924358.936073 1.000000
5924625.410861 5924625.410861 1.000000
5925043.068571 5925043.068571 1.000000
5924554.362451 5924554.362451 1.000000
5924072.918093 5924072.918093 1.000000
