7355442.826696 7355442.826696 1.000000
7355423.303158 7355423.303158 1.000000
7359699.543112 7359699.543112 1.000000
7359336.928187 7359336.928187 1.000000
7358147.755741 7358147.755741 1.000000
7358071.570998 7358071.570998 1.000000
7363696.037767 7363696.037767 1.000000
7375453.745016 7375453.745016 1.000000
7368711.158076 7368711.158076 1.000000
7368509.247508 7368509.247508 1.000000
7368793.110346 7368793.110346 1.000000
7381099.904965 7381099.904965 1.000000
7348681.417791 7348681.417791 1.000000
7348597.922158 7348597.922158 1.000000
7348660.631669 7348660.631669 1.000000
7348645.840146 7348645.840146 1.000000
7348629.261408 7348629.261408 1.000000
7348252.754005 7348252.754005 1.000000
7347936.589754 7347936.589754 1.000000
7348020.778103 7348020.778103 1.000000
7347991.039041 7347991.039041 1.000000
7348875.682405 7348875.682405 1.000000
7348601.899491 7348601.899491 1.000000
7348602.727769 7348602.727769 1.000000
7348602.728865 7348602.728865 1.000000
7348604.081260 7348604.081260 1.000000
7348605.165112 7348605.165112 1.000000
7348620.573340 7348620.573340 1.000000
7348630.198976 7348630.198976 1.000000
7348612.370501 7348612.370501 1.000000
7348617.010576 7348617.010576 1.000000
7348604.775271 7348604.775271 1.000000
7348612.643540 7348612.643540 1.000000
7348615.305477 7348615.305477 1.000000
7348616.270412 7348616.270412 1.000000
7348620.146749 7348620.146749 1.000000
7348628.060396 7348628.060396 1.000000
7348631.956580 7348631.956580 1.000000
7348639.664310 7348639.664310 1.000000
7348644.509143 7348644.509143 1.000000
7348646.097833 7348646.097833 1.000000
7348659.804319 7348659.804319 1.000000
7348662.060095 7348662.060095 1.000000
7348665.600368 7348665.600368 1.000000
7348667.548037 7348667.548037 1.000000
7348603.875325 7348603.875325 1.000000
7348613.548673 7348613.548673 1.000000
7348601.094774 7348601.094774 1.000000
7348605.903673 7348605.903673 1.000000
7348612.117559 7348612.117559 1.000000
