7428642.397373 7428642.397373 1.000000
7429484.424780 7429484.424780 1.000000
7430626.539995 7430626.539995 1.000000
7431338.759449 7431338.759449 1.000000
7432465.499486 7432465.499486 1.000000
7431450.679978 7431450.679978 1.000000
7432385.203747 7432385.203747 1.000000
7433090.516736 7433090.516736 1.000000
7433475.085489 7433475.085489 1.000000
7433695.529938 7433695.529938 1.000000
7434329.558929 7434329.558929 1.000000
7434773.873840 7434773.873840 1.000000
7435651.848962 7435651.848962 1.000000
7435736.514695 7435736.514695 1.000000
7432339.664333 7432339.664333 1.000000
7433483.450828 7433483.450828 1.000000
7434578.188405 7434578.188405 1.000000
7435517.423685 7435517.423685 1.000000
7436153.447398 7436153.447398 1.000000
7430059.621345 7430059.621345 1.000000
7430217.743925 7430217.743925 1.000000
7430587.231853 7430587.231853 1.000000
7431348.575504 7431348.575504 1.000000
7428789.159131 7428789.159131 1.000000
7428982.995773 7428982.995773 1.000000
7428538.305406 7428538.305406 1.000000
7429413.391546 7429413.391546 1.000000
7430170.172628 7430170.172628 1.000000
7429247.028174 7429247.028174 1.000000
7429444.553028 7429444.553028 1.000000
7430425.996075 7430425.996075 1.000000
7428319.283498 7428319.283498 1.000000
7429280.750383 7429280.750383 1.000000
7429565.902646 7429565.902646 1.000000
7430509.641622 7430509.641622 1.000000
7431605.515148 7431605.515148 1.000000
7432477.370125 7432477.370125 1.000000
7433708.004874 7433708.004874 1.000000
7434045.212315 7434045.212315 1.000000
7434559.890071 7434559.890071 1.000000
7433757.919035 7433757.919035 1.000000
7433877.391471 7433877.391471 1.000000
7434498.565951 7434498.565951 1.000000
7431191.327580 7431191.327580 1.000000
7432054.293189 7432054.293189 1.000000
7432286.933891 7432286.933891 1.000000
7432666.899432 7432666.899432 1.000000
7432517.896495 7432517.896495 1.000000
7432615.276260 7432615.276260 1.000000
7428787.076617 7428787.076617 1.000000
7429376.923905 7429376.923905 1.000000
7426527.280286 7426527.280286 1.000000
7424034.268449 7424034.268449 1.000000
7424379.791306 7424379.791306 1.000000
7425105.571205 7425105.571205 1.000000
7425265.118617 7425265.118617 1.000000
7425083.766718 7425083.766718 1.000000
7425436.508662 7425436.508662 1.000000
7421868.125338 7421868.125338 1.000000
7422625.938616 7422625.938616 1.000000
7422095.821054 7422095.821054 1.000000
7423905.929614 7423905.929614 1.000000
7425847.803967 7425847.803967 1.000000
7426707.272868 7426707.272868 1.000000
7427782.415791 7427782.415791 1.000000
7428472.614020 7428472.614020 1.000000
7428621.589710 7428621.589710 1.000000
7428941.632482 7428941.632482 1.000000
7429058.646600 7429058.646600 1.000000
7426751.515466 7426751.515466 1.000000
7427121.009739 7427121.009739 1.000000
7427242.212886 7427242.212886 1.000000
7427635.459514 7427635.459514 1.000000
7429177.624320 7429177.624320 1.000000
7429409.223881 7429409.223881 1.000000
7429778.468290 7429778.468290 1.000000
7430330.749653 7430330.749653 1.000000
7431160.569947 7431160.569947 1.000000
7432242.287318 7432242.287318 1.000000
7432268.725317 7432268.725317 1.000000
7429752.570677 7429752.570677 1.000000
7430239.235795 7430239.235795 1.000000
7429670.261057 7429670.261057 1.000000
7425799.447400 7425799.447400 1.000000
7426564.049755 7426564.049755 1.000000
7427006.622849 7427006.622849 1.000000
7425754.536725 7425754.536725 1.000000
7426819.844141 7426819.844141 1.000000
7427043.285803 7427043.285803 1.000000
7426593.036401 7426593.036401 1.000000
7426809.021221 7426809.021221 1.000000
7428851.839697 7428851.839697 1.000000
7426421.289670 7426421.289670 1.000000
7427481.566720 7427481.566720 1.000000
7425261.952806 7425261.952806 1.000000
7425412.033378 7425412.033378 1.000000
7426789.639804 7426789.639804 1.000000
7428783.968387 7428783.968387 1.000000
7430662.701327 7430662.701327 1.000000
7431711.792401 7431711.792401 1.000000
7432622.734823 7432622.734823 1.000000
7433076.093772 7433076.093772 1.000000
7433835.310843 7433835.310843 1.000000
7434381.662366 7434381.662366 1.000000
7433666.277434 7433666.277434 1.000000
7433340.362426 7433340.362426 1.000000
7430337.205245 7430337.205245 1.000000
7428749.332421 7428749.332421 1.000000
7429727.956609 7429727.956609 1.000000
7431055.475333 7431055.475333 1.000000
7431117.010610 7431117.010610 1.000000
7430011.515290 7430011.515290 1.000000
7430203.301967 7430203.301967 1.000000
7427216.900885 7427216.900885 1.000000
7427609.898499 7427609.898499 1.000000
7422997.133312 7422997.133312 1.000000
7422133.460909 7422133.460909 1.000000
7423389.010206 7423389.010206 1.000000
7424216.656021 7424216.656021 1.000000
7426390.837582 7426390.837582 1.000000
7424337.266145 7424337.266145 1.000000
7424969.605760 7424969.605760 1.000000
7425448.136146 7425448.136146 1.000000
7427732.128369 7427732.128369 1.000000
7428460.694584 7428460.694584 1.000000
7429740.287323 7429740.287323 1.000000
7429940.648054 7429940.648054 1.000000
7431075.503812 7431075.503812 1.000000
7431768.775027 7431768.775027 1.000000
7431931.475029 7431931.475029 1.000000
7433257.278706 7433257.278706 1.000000
7434203.074662 7434203.074662 1.000000
7434442.933858 7434442.933858 1.000000
7435233.279330 7435233.279330 1.000000
7431593.785369 7431593.785369 1.000000
7428624.870589 7428624.870589 1.000000
7429498.488602 7429498.488602 1.000000
7430396.569880 7430396.569880 1.000000
7431225.766147 7431225.766147 1.000000
7431943.635444 7431943.635444 1.000000
7432888.735967 7432888.735967 1.000000
7433191.537672 7433191.537672 1.000000
7433332.252258 7433332.252258 1.000000
7433082.531355 7433082.531355 1.000000
7433659.737814 7433659.737814 1.000000
7433412.112412 7433412.112412 1.000000
7434057.269554 7434057.269554 1.000000
7434117.589241 7434117.589241 1.000000
7434499.366972 7434499.366972 1.000000
7435200.450012 7435200.450012 1.000000
7436151.595691 7436151.595691 1.000000
7431952.672441 7431952.672441 1.000000
7432395.969976 7432395.969976 1.000000
7433124.838526 7433124.838526 1.000000
7433546.046966 7433546.046966 1.000000
7434297.846243 7434297.846243 1.000000
7434830.638211 7434830.638211 1.000000
7434361.394219 7434361.394219 1.000000
7435545.468427 7435545.468427 1.000000
7433145.646299 7433145.646299 1.000000
7433530.304635 7433530.304635 1.000000
7434310.225513 7434310.225513 1.000000
7434333.406720 7434333.406720 1.000000
7434352.349782 7434352.349782 1.000000
7433328.292466 7433328.292466 1.000000
7432245.698951 7432245.698951 1.000000
7432827.308117 7432827.308117 1.000000
7433185.531873 7433185.531873 1.000000
7433628.828824 7433628.828824 1.000000
7434057.442856 7434057.442856 1.000000
7434125.057542 7434125.057542 1.000000
7434853.889095 7434853.889095 1.000000
7434972.150702 7434972.150702 1.000000
7433734.578889 7433734.578889 1.000000
7430130.501116 7430130.501116 1.000000
7429131.152322 7429131.152322 1.000000
7429335.104720 7429335.104720 1.000000
7429507.794257 7429507.794257 1.000000
7429981.435818 7429981.435818 1.000000
7430026.168784 7430026.168784 1.000000
7428187.871253 7428187.871253 1.000000
7428167.564626 7428167.564626 1.000000
7430010.865981 7430010.865981 1.000000
7428652.258234 7428652.258234 1.000000
7429975.749505 7429975.749505 1.000000
7431051.177951 7431051.177951 1.000000
7431875.026731 7431875.026731 1.000000
7432818.121084 7432818.121084 1.000000
7433539.332462 7433539.332462 1.000000
7433744.339133 7433744.339133 1.000000
7431300.450329 7431300.450329 1.000000
7431264.777002 7431264.777002 1.000000
7431881.955843 7431881.955843 1.000000
7432426.060784 7432426.060784 1.000000
7433273.844018 7433273.844018 1.000000
7433798.685174 7433798.685174 1.000000
7434171.890472 7434171.890472 1.000000
7433116.154730 7433116.154730 1.000000
7429751.330653 7429751.330653 1.000000
7430046.726019 7430046.726019 1.000000
7430453.731124 7430453.731124 1.000000
7431420.994892 7431420.994892 1.000000
7432084.175168 7432084.175168 1.000000
7431799.080606 7431799.080606 1.000000
7429609.074362 7429609.074362 1.000000
7430083.019776 7430083.019776 1.000000
7429484.267377 7429484.267377 1.000000
7430175.740671 7430175.740671 1.000000
7428507.411229 7428507.411229 1.000000
7427938.744727 7427938.744727 1.000000
7427791.067722 7427791.067722 1.000000
7428746.695664 7428746.695664 1.000000
7429680.474711 7429680.474711 1.000000
7428007.572445 7428007.572445 1.000000
7428156.408986 7428156.408986 1.000000
7428575.811397 7428575.811397 1.000000
7428361.030611 7428361.030611 1.000000
7428935.460685 7428935.460685 1.000000
7430235.379732 7430235.379732 1.000000
7431679.186630 7431679.186630 1.000000
7432804.864851 7432804.864851 1.000000
7432841.476966 7432841.476966 1.000000
7433369.057057 7433369.057057 1.000000
7433869.610337 7433869.610337 1.000000
7434052.932493 7434052.932493 1.000000
7434174.220440 7434174.220440 1.000000
7434719.386409 7434719.386409 1.000000
7432474.706145 7432474.706145 1.000000
7433075.926071 7433075.926071 1.000000
7433505.456940 7433505.456940 1.000000
7434696.117330 7434696.117330 1.000000
7434713.040633 7434713.040633 1.000000
7435103.723743 7435103.723743 1.000000
7431637.636478 7431637.636478 1.000000
7431717.968576 7431717.968576 1.000000
7432906.449773 7432906.449773 1.000000
7433020.159627 7433020.159627 1.000000
7428312.135044 7428312.135044 1.000000
7418288.584895 7418288.584895 1.000000
7414136.179394 7414136.179394 1.000000
7412617.815035 7412617.815035 1.000000
7410848.146275 7410848.146275 1.000000
7411500.911748 7411500.911748 1.000000
7412076.587889 7412076.587889 1.000000
7410328.645015 7410328.645015 1.000000
7411014.119946 7411014.119946 1.000000
7412015.307051 7412015.307051 1.000000
7412704.251722 7412704.251722 1.000000
7413313.668787 7413313.668787 1.000000
7414325.908736 7414325.908736 1.000000
7415629.644466 7415629.644466 1.000000
7416298.317089 7416298.317089 1.000000
7415882.448664 7415882.448664 1.000000
7416340.135489 7416340.135489 1.000000
7417360.692260 7417360.692260 1.000000
7418132.699132 7418132.699132 1.000000
7419477.444230 7419477.444230 1.000000
7419783.433483 7419783.433483 1.000000
7419690.939556 7419690.939556 1.000000
7417910.783705 7417910.783705 1.000000
7418168.619680 7418168.619680 1.000000
7419139.246934 7419139.246934 1.000000
7417716.211810 7417716.211810 1.000000
7418538.021563 7418538.021563 1.000000
7419153.809823 7419153.809823 1.000000
7419950.355324 7419950.355324 1.000000
7420528.595459 7420528.595459 1.000000
7421500.389700 7421500.389700 1.000000
7421721.671134 7421721.671134 1.000000
7419296.944842 7419296.944842 1.000000
7419812.379808 7419812.379808 1.000000
7420706.717300 7420706.717300 1.000000
7421254.201251 7421254.201251 1.000000
7421500.540451 7421500.540451 1.000000
7421791.381231 7421791.381231 1.000000
7422261.779302 7422261.779302 1.000000
7421588.948292 7421588.948292 1.000000
7421842.202953 7421842.202953 1.000000
7417774.844386 7417774.844386 1.000000
7415797.512311 7415797.512311 1.000000
7417780.875607 7417780.875607 1.000000
7419568.576476 7419568.576476 1.000000
7419684.151632 7419684.151632 1.000000
7418066.747779 7418066.747779 1.000000
7418095.368331 7418095.368331 1.000000
7419476.328184 7419476.328184 1.000000
7419682.890678 7419682.890678 1.000000
7420907.452647 7420907.452647 1.000000
7421203.066750 7421203.066750 1.000000
7422046.703153 7422046.703153 1.000000
7418922.758655 7418922.758655 1.000000
7419034.618434 7419034.618434 1.000000
7418414.188609 7418414.188609 1.000000
7420111.552887 7420111.552887 1.000000
7420975.842898 7420975.842898 1.000000
7421314.134998 7421314.134998 1.000000
7419538.748296 7419538.748296 1.000000
7420517.659195 7420517.659195 1.000000
7421623.834243 7421623.834243 1.000000
7422478.752697 7422478.752697 1.000000
7422806.877991 7422806.877991 1.000000
7423319.654977 7423319.654977 1.000000
7419828.937583 7419828.937583 1.000000
7420848.545901 7420848.545901 1.000000
7419785.097599 7419785.097599 1.000000
7421084.535178 7421084.535178 1.000000
7421051.003579 7421051.003579 1.000000
7422493.479359 7422493.479359 1.000000
7419513.084109 7419513.084109 1.000000
7416320.349064 7416320.349064 1.000000
7417068.713214 7417068.713214 1.000000
7418533.412279 7418533.412279 1.000000
7419750.787241 7419750.787241 1.000000
7420114.369873 7420114.369873 1.000000
7420860.290723 7420860.290723 1.000000
7421626.137638 7421626.137638 1.000000
7421697.962425 7421697.962425 1.000000
7422466.361813 7422466.361813 1.000000
7423338.187710 7423338.187710 1.000000
7424646.013392 7424646.013392 1.000000
7425637.588870 7425637.588870 1.000000
7426426.211186 7426426.211186 1.000000
7427263.541994 7427263.541994 1.000000
7427390.516105 7427390.516105 1.000000
7423100.559805 7423100.559805 1.000000
7424559.059245 7424559.059245 1.000000
7425482.642751 7425482.642751 1.000000
7425753.075384 7425753.075384 1.000000
7426324.737516 7426324.737516 1.000000
7427092.230236 7427092.230236 1.000000
7426406.613368 7426406.613368 1.000000
7426521.331862 7426521.331862 1.000000
7427338.483868 7427338.483868 1.000000
7428473.900156 7428473.900156 1.000000
7428770.728751 7428770.728751 1.000000
7424690.440208 7424690.440208 1.000000
7423364.534897 7423364.534897 1.000000
7425235.786288 7425235.786288 1.000000
7426557.913693 7426557.913693 1.000000
7426958.410982 7426958.410982 1.000000
7427714.353670 7427714.353670 1.000000
7427737.649867 7427737.649867 1.000000
7428875.192139 7428875.192139 1.000000
7429037.092541 7429037.092541 1.000000
7429482.611795 7429482.611795 1.000000
7429760.961149 7429760.961149 1.000000
7429773.012304 7429773.012304 1.000000
7430127.292446 7430127.292446 1.000000
7430397.477866 7430397.477866 1.000000
7430958.190203 7430958.190203 1.000000
7430923.048203 7430923.048203 1.000000
7428908.354550 7428908.354550 1.000000
7430205.145445 7430205.145445 1.000000
7431182.307816 7431182.307816 1.000000
7431795.305878 7431795.305878 1.000000
7432028.407118 7432028.407118 1.000000
7432340.471084 7432340.471084 1.000000
7432380.052198 7432380.052198 1.000000
7432739.600698 7432739.600698 1.000000
7431741.172204 7431741.172204 1.000000
7430115.108600 7430115.108600 1.000000
7430425.762234 7430425.762234 1.000000
7431464.614546 7431464.614546 1.000000
7432651.695210 7432651.695210 1.000000
7432702.101555 7432702.101555 1.000000
7433116.356700 7433116.356700 1.000000
7431609.635140 7431609.635140 1.000000
7432031.215367 7432031.215367 1.000000
7431405.590394 7431405.590394 1.000000
7431048.579300 7431048.579300 1.000000
7431681.093064 7431681.093064 1.000000
7432705.785969 7432705.785969 1.000000
7432875.861347 7432875.861347 1.000000
7433513.074695 7433513.074695 1.000000
7433674.240710 7433674.240710 1.000000
7433689.925608 7433689.925608 1.000000
7433921.327410 7433921.327410 1.000000
7434061.488175 7434061.488175 1.000000
7432550.975344 7432550.975344 1.000000
7433359.661659 7433359.661659 1.000000
7430295.438750 7430295.438750 1.000000
7431024.254654 7431024.254654 1.000000
7432564.915010 7432564.915010 1.000000
7430233.810000 7430233.810000 1.000000
7428878.192490 7428878.192490 1.000000
7429562.599900 7429562.599900 1.000000
7427327.992316 7427327.992316 1.000000
7428415.744322 7428415.744322 1.000000
7430153.783211 7430153.783211 1.000000
7430280.228636 7430280.228636 1.000000
7431109.574241 7431109.574241 1.000000
7425266.883096 7425266.883096 1.000000
7426148.578857 7426148.578857 1.000000
7427161.264549 7427161.264549 1.000000
7427920.348281 7427920.348281 1.000000
7426959.594452 7426959.594452 1.000000
7428001.967289 7428001.967289 1.000000
7429105.156617 7429105.156617 1.000000
7430110.199662 7430110.199662 1.000000
7430699.203814 7430699.203814 1.000000
7431289.040093 7431289.040093 1.000000
7430200.813909 7430200.813909 1.000000
7430519.690673 7430519.690673 1.000000
7430198.529720 7430198.529720 1.000000
7431309.269254 7431309.269254 1.000000
7431893.285849 7431893.285849 1.000000
7432309.254208 7432309.254208 1.000000
7430765.757823 7430765.757823 1.000000
7430999.543420 7430999.543420 1.000000
7430454.094677 7430454.094677 1.000000
7431201.087731 7431201.087731 1.000000
7432287.769804 7432287.769804 1.000000
7432486.200329 7432486.200329 1.000000
7433489.478817 7433489.478817 1.000000
7433559.096120 7433559.096120 1.000000
7433853.512482 7433853.512482 1.000000
7433328.282232 7433328.282232 1.000000
7432844.110083 7432844.110083 1.000000
7433861.155694 7433861.155694 1.000000
7433506.929836 7433506.929836 1.000000
7433900.332485 7433900.332485 1.000000
7434402.725315 7434402.725315 1.000000
7433090.338718 7433090.338718 1.000000
7431616.526245 7431616.526245 1.000000
7432349.385020 7432349.385020 1.000000
7432402.167837 7432402.167837 1.000000
7433185.983635 7433185.983635 1.000000
7431638.360990 7431638.360990 1.000000
7431903.111599 7431903.111599 1.000000
7431701.536652 7431701.536652 1.000000
7432076.898026 7432076.898026 1.000000
7431810.348154 7431810.348154 1.000000
7431591.475809 7431591.475809 1.000000
7430785.051234 7430785.051234 1.000000
7431364.732116 7431364.732116 1.000000
7430013.112404 7430013.112404 1.000000
7430261.934306 7430261.934306 1.000000
7430743.187180 7430743.187180 1.000000
7431513.891629 7431513.891629 1.000000
7432039.837511 7432039.837511 1.000000
7432639.483028 7432639.483028 1.000000
7433299.251363 7433299.251363 1.000000
7433183.089523 7433183.089523 1.000000
7433483.863426 7433483.863426 1.000000
7433612.994250 7433612.994250 1.000000
7430326.649998 7430326.649998 1.000000
7431381.382461 7431381.382461 1.000000
7432131.048576 7432131.048576 1.000000
7432310.872821 7432310.872821 1.000000
7433036.243108 7433036.243108 1.000000
7433205.405348 7433205.405348 1.000000
7432864.617877 7432864.617877 1.000000
7431726.398901 7431726.398901 1.000000
7432062.069214 7432062.069214 1.000000
7432795.397141 7432795.397141 1.000000
7433154.030030 7433154.030030 1.000000
