7249988.576189 7249988.576189 1.000000
7249972.132981 7249972.132981 1.000000
7249959.466032 7249959.466032 1.000000
7249944.142616 7249944.142616 1.000000
7249932.055908 7249932.055908 1.000000
7249912.392425 7249912.392425 1.000000
7249882.642647 7249882.642647 1.000000
7249855.534072 7249855.534072 1.000000
7249837.020987 7249837.020987 1.000000
7249798.483219 7249798.483219 1.000000
7249699.707348 7249699.707348 1.000000
7249643.302709 7249643.302709 1.000000
7249606.807519 7249606.807519 1.000000
7249583.190173 7249583.190173 1.000000
7249575.243007 7249575.243007 1.000000
7249563.157733 7249563.157733 1.000000
7249534.380991 7249534.380991 1.000000
7249519.877017 7249519.877017 1.000000
7249460.166454 7249460.166454 1.000000
7249478.235621 7249478.235621 1.000000
7249481.019995 7249481.019995 1.000000
7249472.299236 7249472.299236 1.000000
7249467.587244 7249467.587244 1.000000
7249460.426850 7249460.426850 1.000000
7249446.909824 7249446.909824 1.000000
7249435.436181 7249435.436181 1.000000
7249426.376544 7249426.376544 1.000000
7249417.247789 7249417.247789 1.000000
7249402.821014 7249402.821014 1.000000
7249396.251821 7249396.251821 1.000000
7249402.309631 7249402.309631 1.000000
7249401.959785 7249401.959785 1.000000
7249939.057177 7249939.057177 1.000000
7249915.889630 7249915.889630 1.000000
7249913.094671 7249913.094671 1.000000
7250015.778341 7250015.778341 1.000000
7250013.036732 7250013.036732 1.000000
7249996.515712 7249996.515712 1.000000
7249968.653953 7249968.653953 1.000000
7250771.584001 7250771.584001 1.000000
7251467.941670 7251467.941670 1.000000
7250856.506765 7250856.506765 1.000000
7250659.782956 7250659.782956 1.000000
7250798.003272 7250798.003272 1.000000
7250886.044782 7250886.044782 1.000000
7251263.313074 7251263.313074 1.000000
7249865.119743 7249865.119743 1.000000
7249940.798025 7249940.798025 1.000000
7250525.215755 7250525.215755 1.000000
7249761.550519 7249761.550519 1.000000
7249748.929207 7249748.929207 1.000000
7249482.058476 7249482.058476 1.000000
7249267.646593 7249267.646593 1.000000
7249545.850943 7249545.850943 1.000000
7249057.626185 7249057.626185 1.000000
7249177.767363 7249177.767363 1.000000
7248708.027291 7248708.027291 1.000000
7249031.400249 7249031.400249 1.000000
7248931.024670 7248931.024670 1.000000
7248804.326382 7248804.326382 1.000000
7249174.522643 7249174.522643 1.000000
7248892.739223 7248892.739223 1.000000
7249299.337309 7249299.337309 1.000000
7249271.194597 7249271.194597 1.000000
7249424.716920 7249424.716920 1.000000
7249388.355871 7249388.355871 1.000000
7249115.908076 7249115.908076 1.000000
7248788.429653 7248788.429653 1.000000
7248664.776596 7248664.776596 1.000000
7248590.823186 7248590.823186 1.000000
7248192.892009 7248192.892009 1.000000
7248107.418865 7248107.418865 1.000000
7247903.365812 7247903.365812 1.000000
7247658.681014 7247658.681014 1.000000
7247357.464469 7247357.464469 1.000000
7247385.884892 7247385.884892 1.000000
7247286.715890 7247286.715890 1.000000
7247086.637537 7247086.637537 1.000000
7246674.669525 7246674.669525 1.000000
7246489.827407 7246489.827407 1.000000
7246230.849997 7246230.849997 1.000000
7245875.815978 7245875.815978 1.000000
7245780.216722 7245780.216722 1.000000
7245842.778928 7245842.778928 1.000000
7246325.694072 7246325.694072 1.000000
7246026.690269 7246026.690269 1.000000
7245710.285495 7245710.285495 1.000000
7245999.819733 7245999.819733 1.000000
7245732.138192 7245732.138192 1.000000
7245864.286990 7245864.286990 1.000000
7245739.790369 7245739.790369 1.000000
7245687.605598 7245687.605598 1.000000
7245527.347225 7245527.347225 1.000000
7245832.374893 7245832.374893 1.000000
7245769.337008 7245769.337008 1.000000
7245123.948130 7245123.948130 1.000000
7244553.371953 7244553.371953 1.000000
7244479.216374 7244479.216374 1.000000
7244198.237874 7244198.237874 1.000000
7243806.584877 7243806.584877 1.000000
7244086.143505 7244086.143505 1.000000
7244148.684338 7244148.684338 1.000000
7243822.305074 7243822.305074 1.000000
7243449.285027 7243449.285027 1.000000
7243228.340606 7243228.340606 1.000000
7242863.810670 7242863.810670 1.000000
7242668.681709 7242668.681709 1.000000
7242279.871170 7242279.871170 1.000000
7242099.502336 7242099.502336 1.000000
7241713.222435 7241713.222435 1.000000
7241472.020399 7241472.020399 1.000000
7241190.378217 7241190.378217 1.000000
7241043.393333 7241043.393333 1.000000
7241134.133652 7241134.133652 1.000000
7241087.067527 7241087.067527 1.000000
7240797.020698 7240797.020698 1.000000
7240568.819918 7240568.819918 1.000000
7240384.244300 7240384.244300 1.000000
7240136.637587 7240136.637587 1.000000
7240132.614566 7240132.614566 1.000000
7239772.520515 7239772.520515 1.000000
7239228.131793 7239228.131793 1.000000
7239709.919906 7239709.919906 1.000000
7239817.371115 7239817.371115 1.000000
7240026.952046 7240026.952046 1.000000
7239431.878025 7239431.878025 1.000000
7240155.690393 7240155.690393 1.000000
7239529.887818 7239529.887818 1.000000
7239385.930214 7239385.930214 1.000000
7239576.777339 7239576.777339 1.000000
7239529.989184 7239529.989184 1.000000
7239125.915090 7239125.915090 1.000000
7239029.125769 7239029.125769 1.000000
7238957.350332 7238957.350332 1.000000
7238975.176158 7238975.176158 1.000000
7239059.901431 7239059.901431 1.000000
7239890.356859 7239890.356859 1.000000
7239946.657080 7239946.657080 1.000000
7239695.419911 7239695.419911 1.000000
7239415.369500 7239415.369500 1.000000
7238893.357657 7238893.357657 1.000000
7238570.474903 7238570.474903 1.000000
7238373.989425 7238373.989425 1.000000
7238093.131180 7238093.131180 1.000000
7237745.531297 7237745.531297 1.000000
7237916.799541 7237916.799541 1.000000
7237797.910698 7237797.910698 1.000000
7237704.134276 7237704.134276 1.000000
7237794.033591 7237794.033591 1.000000
7237679.191780 7237679.191780 1.000000
7238246.877413 7238246.877413 1.000000
7238770.252784 7238770.252784 1.000000
7238207.663811 7238207.663811 1.000000
7237375.755187 7237375.755187 1.000000
7238322.253028 7238322.253028 1.000000
7238175.588235 7238175.588235 1.000000
7238288.260341 7238288.260341 1.000000
7237679.814793 7237679.814793 1.000000
7237151.948227 7237151.948227 1.000000
7236891.970891 7236891.970891 1.000000
7236814.766183 7236814.766183 1.000000
7236411.302193 7236411.302193 1.000000
7235987.133873 7235987.133873 1.000000
7235824.714996 7235824.714996 1.000000
7235568.997072 7235568.997072 1.000000
7235418.568873 7235418.568873 1.000000
7235390.930154 7235390.930154 1.000000
7235456.694427 7235456.694427 1.000000
7235774.178080 7235774.178080 1.000000
7235503.102213 7235503.102213 1.000000
7234990.106787 7234990.106787 1.000000
7234656.553253 7234656.553253 1.000000
7233862.491653 7233862.491653 1.000000
7233255.805585 7233255.805585 1.000000
7232720.567317 7232720.567317 1.000000
7231807.627467 7231807.627467 1.000000
7232795.516945 7232795.516945 1.000000
7233544.851985 7233544.851985 1.000000
7233391.648448 7233391.648448 1.000000
7233499.496530 7233499.496530 1.000000
7233393.671712 7233393.671712 1.000000
7233359.695105 7233359.695105 1.000000
7233292.469384 7233292.469384 1.000000
7233111.841431 7233111.841431 1.000000
7233282.244041 7233282.244041 1.000000
7232841.229145 7232841.229145 1.000000
7232790.157328 7232790.157328 1.000000
7233161.066598 7233161.066598 1.000000
7232648.752794 7232648.752794 1.000000
7232781.356648 7232781.356648 1.000000
7232885.743951 7232885.743951 1.000000
7232694.493587 7232694.493587 1.000000
7232864.536969 7232864.536969 1.000000
7232386.062457 7232386.062457 1.000000
7232295.032037 7232295.032037 1.000000
7232015.369605 7232015.369605 1.000000
7231814.266236 7231814.266236 1.000000
7231394.149291 7231394.149291 1.000000
7231516.883760 7231516.883760 1.000000
7231623.588788 7231623.588788 1.000000
7231233.510275 7231233.510275 1.000000
7231018.561903 7231018.561903 1.000000
7231079.744569 7231079.744569 1.000000
7230784.339737 7230784.339737 1.000000
7230727.691502 7230727.691502 1.000000
7230594.586879 7230594.586879 1.000000
7230695.000651 7230695.000651 1.000000
7230481.357099 7230481.357099 1.000000
7229505.979166 7229505.979166 1.000000
7230260.448876 7230260.448876 1.000000
7230997.224407 7230997.224407 1.000000
7230706.865419 7230706.865419 1.000000
7230848.142954 7230848.142954 1.000000
7230654.523445 7230654.523445 1.000000
7230929.125824 7230929.125824 1.000000
7231080.634895 7231080.634895 1.000000
7231223.573260 7231223.573260 1.000000
7231043.593874 7231043.593874 1.000000
7230894.231836 7230894.231836 1.000000
7231425.933179 7231425.933179 1.000000
7231261.507034 7231261.507034 1.000000
7231457.198220 7231457.198220 1.000000
7231088.714849 7231088.714849 1.000000
7231230.546240 7231230.546240 1.000000
7230818.879271 7230818.879271 1.000000
7230850.243424 7230850.243424 1.000000
7230551.868215 7230551.868215 1.000000
7229919.269915 7229919.269915 1.000000
7229860.277428 7229860.277428 1.000000
7229340.774867 7229340.774867 1.000000
7229297.835834 7229297.835834 1.000000
7229191.277436 7229191.277436 1.000000
7229339.160605 7229339.160605 1.000000
7229290.697107 7229290.697107 1.000000
7229162.673315 7229162.673315 1.000000
7228766.693827 7228766.693827 1.000000
7228451.693290 7228451.693290 1.000000
7227911.911409 7227911.911409 1.000000
7249921.117318 7249921.117318 1.000000
7249887.232442 7249887.232442 1.000000
7249169.978612 7249169.978612 1.000000
7249085.454459 7249085.454459 1.000000
7248981.319424 7248981.319424 1.000000
7248388.978383 7248388.978383 1.000000
7248287.414080 7248287.414080 1.000000
7248185.275124 7248185.275124 1.000000
7248335.877448 7248335.877448 1.000000
7248143.821552 7248143.821552 1.000000
7248261.274661 7248261.274661 1.000000
7247865.411713 7247865.411713 1.000000
7247640.078475 7247640.078475 1.000000
7247539.384287 7247539.384287 1.000000
7247414.518454 7247414.518454 1.000000
7247331.560389 7247331.560389 1.000000
7247231.485280 7247231.485280 1.000000
7246560.863568 7246560.863568 1.000000
7246419.005900 7246419.005900 1.000000
7246316.136717 7246316.136717 1.000000
7246755.173344 7246755.173344 1.000000
7246663.151878 7246663.151878 1.000000
7246559.534138 7246559.534138 1.000000
7246400.099674 7246400.099674 1.000000
7246293.400676 7246293.400676 1.000000
7246227.439464 7246227.439464 1.000000
7246111.534724 7246111.534724 1.000000
7246131.680084 7246131.680084 1.000000
7245653.706691 7245653.706691 1.000000
7245622.853352 7245622.853352 1.000000
7245753.137861 7245753.137861 1.000000
7245687.618697 7245687.618697 1.000000
7245631.419150 7245631.419150 1.000000
7245653.532272 7245653.532272 1.000000
7245612.404190 7245612.404190 1.000000
7245549.180467 7245549.180467 1.000000
7245495.267695 7245495.267695 1.000000
7245453.887668 7245453.887668 1.000000
7245576.758846 7245576.758846 1.000000
7245483.736211 7245483.736211 1.000000
7245313.661838 7245313.661838 1.000000
7245198.738983 7245198.738983 1.000000
7245081.755560 7245081.755560 1.000000
7245025.242042 7245025.242042 1.000000
7244979.196496 7244979.196496 1.000000
7244922.516291 7244922.516291 1.000000
7244844.297286 7244844.297286 1.000000
7244696.182740 7244696.182740 1.000000
7244603.040501 7244603.040501 1.000000
7244473.928533 7244473.928533 1.000000
7244399.597775 7244399.597775 1.000000
7244329.146385 7244329.146385 1.000000
7244167.588525 7244167.588525 1.000000
7244074.361643 7244074.361643 1.000000
7243944.823059 7243944.823059 1.000000
7243840.066203 7243840.066203 1.000000
7243721.484564 7243721.484564 1.000000
7243663.500492 7243663.500492 1.000000
7243160.976717 7243160.976717 1.000000
7243124.350000 7243124.350000 1.000000
7243003.293568 7243003.293568 1.000000
7243879.980762 7243879.980762 1.000000
7243727.779881 7243727.779881 1.000000
7243585.947015 7243585.947015 1.000000
7243469.000287 7243469.000287 1.000000
7243398.945035 7243398.945035 1.000000
7243257.604793 7243257.604793 1.000000
7243119.297297 7243119.297297 1.000000
7242928.638081 7242928.638081 1.000000
7242887.935341 7242887.935341 1.000000
7242822.123620 7242822.123620 1.000000
7242844.863893 7242844.863893 1.000000
7242813.105074 7242813.105074 1.000000
7242745.674158 7242745.674158 1.000000
7242690.790678 7242690.790678 1.000000
7242602.978816 7242602.978816 1.000000
7242470.324554 7242470.324554 1.000000
7242423.984197 7242423.984197 1.000000
7242445.979594 7242445.979594 1.000000
7242400.873203 7242400.873203 1.000000
7242371.427382 7242371.427382 1.000000
7242264.733431 7242264.733431 1.000000
7242177.224637 7242177.224637 1.000000
7241985.659500 7241985.659500 1.000000
7241882.615966 7241882.615966 1.000000
7404813.337974 7404813.337974 1.000000
7404783.589988 7404783.589988 1.000000
7404756.015384 7404756.015384 1.000000
7404586.478711 7404586.478711 1.000000
7229935.612475 7229935.612475 1.000000
7229869.961285 7229869.961285 1.000000
7229750.508433 7229750.508433 1.000000
7229643.916614 7229643.916614 1.000000
7229541.934136 7229541.934136 1.000000
7229493.750385 7229493.750385 1.000000
7229516.455790 7229516.455790 1.000000
7229398.593683 7229398.593683 1.000000
7229260.436810 7229260.436810 1.000000
7229145.131122 7229145.131122 1.000000
7229019.836008 7229019.836008 1.000000
7228902.743609 7228902.743609 1.000000
7228794.608579 7228794.608579 1.000000
7228548.396147 7228548.396147 1.000000
7228490.550426 7228490.550426 1.000000
7228361.336526 7228361.336526 1.000000
7228258.357715 7228258.357715 1.000000
7228125.380826 7228125.380826 1.000000
7228173.932428 7228173.932428 1.000000
7228218.829422 7228218.829422 1.000000
7228328.038732 7228328.038732 1.000000
7228446.194166 7228446.194166 1.000000
7228300.518250 7228300.518250 1.000000
7228219.541498 7228219.541498 1.000000
7228170.620880 7228170.620880 1.000000
7227858.291650 7227858.291650 1.000000
7227818.795212 7227818.795212 1.000000
7227739.089785 7227739.089785 1.000000
7227652.614465 7227652.614465 1.000000
7227507.747020 7227507.747020 1.000000
7228120.905389 7228120.905389 1.000000
7227990.362519 7227990.362519 1.000000
7228038.476940 7228038.476940 1.000000
7227910.665180 7227910.665180 1.000000
7227876.010379 7227876.010379 1.000000
7227841.259888 7227841.259888 1.000000
7227870.543278 7227870.543278 1.000000
7227727.851033 7227727.851033 1.000000
7227603.380932 7227603.380932 1.000000
7228057.342112 7228057.342112 1.000000
7227889.664861 7227889.664861 1.000000
7227996.280341 7227996.280341 1.000000
7228089.141985 7228089.141985 1.000000
7228042.447421 7228042.447421 1.000000
7228069.119986 7228069.119986 1.000000
7228094.738328 7228094.738328 1.000000
7228041.791658 7228041.791658 1.000000
7228065.587482 7228065.587482 1.000000
7227988.417101 7227988.417101 1.000000
7227919.732690 7227919.732690 1.000000
7227806.798185 7227806.798185 1.000000
7227693.211686 7227693.211686 1.000000
7227659.528687 7227659.528687 1.000000
7227683.395149 7227683.395149 1.000000
7227877.332683 7227877.332683 1.000000
7227848.325767 7227848.325767 1.000000
7227682.136292 7227682.136292 1.000000
7227501.517897 7227501.517897 1.000000
7227567.504508 7227567.504508 1.000000
7227474.176789 7227474.176789 1.000000
7227424.187426 7227424.187426 1.000000
7227335.941761 7227335.941761 1.000000
7227234.483095 7227234.483095 1.000000
7226310.216635 7226310.216635 1.000000
7227041.995921 7227041.995921 1.000000
7226071.730199 7226071.730199 1.000000
7225923.429344 7225923.429344 1.000000
7225855.609065 7225855.609065 1.000000
7226162.810019 7226162.810019 1.000000
7226032.902601 7226032.902601 1.000000
7225928.046595 7225928.046595 1.000000
7225821.139149 7225821.139149 1.000000
7225861.270457 7225861.270457 1.000000
7226648.008246 7226648.008246 1.000000
7226608.274533 7226608.274533 1.000000
7226541.054293 7226541.054293 1.000000
7226382.052621 7226382.052621 1.000000
7226314.164282 7226314.164282 1.000000
7225898.580156 7225898.580156 1.000000
7225794.475989 7225794.475989 1.000000
7225708.397707 7225708.397707 1.000000
7225603.763021 7225603.763021 1.000000
7225459.149840 7225459.149840 1.000000
7225302.897078 7225302.897078 1.000000
7225211.051355 7225211.051355 1.000000
7225098.274155 7225098.274155 1.000000
7224810.395092 7224810.395092 1.000000
7224766.096810 7224766.096810 1.000000
7224625.775719 7224625.775719 1.000000
7224587.385218 7224587.385218 1.000000
7224558.943944 7224558.943944 1.000000
7224519.606007 7224519.606007 1.000000
7224484.841544 7224484.841544 1.000000
7224615.430027 7224615.430027 1.000000
7224457.052289 7224457.052289 1.000000
7224347.486497 7224347.486497 1.000000
7224260.733367 7224260.733367 1.000000
7224187.526261 7224187.526261 1.000000
7224092.889510 7224092.889510 1.000000
7223979.234463 7223979.234463 1.000000
7223930.450390 7223930.450390 1.000000
7223828.953763 7223828.953763 1.000000
7223717.177674 7223717.177674 1.000000
7223586.298338 7223586.298338 1.000000
7223462.041928 7223462.041928 1.000000
7223426.983859 7223426.983859 1.000000
7223389.703549 7223389.703549 1.000000
7223516.050642 7223516.050642 1.000000
7223546.391502 7223546.391502 1.000000
7223505.365131 7223505.365131 1.000000
7223533.886384 7223533.886384 1.000000
7223419.353090 7223419.353090 1.000000
7223359.255740 7223359.255740 1.000000
7223467.842657 7223467.842657 1.000000
7223590.274324 7223590.274324 1.000000
7223567.736082 7223567.736082 1.000000
7223479.141040 7223479.141040 1.000000
7223503.786991 7223503.786991 1.000000
7223609.478887 7223609.478887 1.000000
7223492.796673 7223492.796673 1.000000
7223618.598958 7223618.598958 1.000000
7223683.308980 7223683.308980 1.000000
7223718.385996 7223718.385996 1.000000
7223693.869590 7223693.869590 1.000000
7223560.405635 7223560.405635 1.000000
7223585.292141 7223585.292141 1.000000
7223440.527335 7223440.527335 1.000000
7223290.272861 7223290.272861 1.000000
7223144.485362 7223144.485362 1.000000
7223033.526634 7223033.526634 1.000000
7222946.661975 7222946.661975 1.000000
7223012.356384 7223012.356384 1.000000
7222905.166191 7222905.166191 1.000000
7222863.571941 7222863.571941 1.000000
7222790.969925 7222790.969925 1.000000
7222714.538317 7222714.538317 1.000000
7222563.992637 7222563.992637 1.000000
7222478.042428 7222478.042428 1.000000
7222517.737504 7222517.737504 1.000000
7223118.457855 7223118.457855 1.000000
7223184.225730 7223184.225730 1.000000
7223074.534622 7223074.534622 1.000000
7222948.380509 7222948.380509 1.000000
7222828.913549 7222828.913549 1.000000
7222309.836819 7222309.836819 1.000000
7223103.352417 7223103.352417 1.000000
7223239.678570 7223239.678570 1.000000
7223128.324732 7223128.324732 1.000000
7223026.701897 7223026.701897 1.000000
7223298.703086 7223298.703086 1.000000
7223436.120696 7223436.120696 1.000000
7223386.723822 7223386.723822 1.000000
7223419.473975 7223419.473975 1.000000
7223465.500762 7223465.500762 1.000000
7223507.847383 7223507.847383 1.000000
7223470.156228 7223470.156228 1.000000
7223585.403428 7223585.403428 1.000000
7223504.320230 7223504.320230 1.000000
7223398.690322 7223398.690322 1.000000
7223305.436541 7223305.436541 1.000000
7223180.160280 7223180.160280 1.000000
7223067.103923 7223067.103923 1.000000
7222909.906117 7222909.906117 1.000000
7222790.979421 7222790.979421 1.000000
7222516.932703 7222516.932703 1.000000
7222359.785312 7222359.785312 1.000000
7222257.396920 7222257.396920 1.000000
7222205.679010 7222205.679010 1.000000
7222869.793159 7222869.793159 1.000000
7222957.594110 7222957.594110 1.000000
7222840.773556 7222840.773556 1.000000
7222708.045155 7222708.045155 1.000000
7222604.279749 7222604.279749 1.000000
7222518.797305 7222518.797305 1.000000
7222368.587626 7222368.587626 1.000000
7222307.093927 7222307.093927 1.000000
7222286.160105 7222286.160105 1.000000
7222311.183444 7222311.183444 1.000000
7222195.948207 7222195.948207 1.000000
7222175.943774 7222175.943774 1.000000
7221701.872051 7221701.872051 1.000000
7221620.067531 7221620.067531 1.000000
7221557.959527 7221557.959527 1.000000
7220598.882864 7220598.882864 1.000000
7219970.762094 7219970.762094 1.000000
