7270866.422553 7270866.422553 1.000000
7271221.659703 7271221.659703 1.000000
7272379.087658 7272379.087658 1.000000
7273285.993074 7273285.993074 1.000000
7274048.435618 7274048.435618 1.000000
7274785.940776 7274785.940776 1.000000
7275806.470847 7275806.470847 1.000000
7277854.083076 7277854.083076 1.000000
7278528.355475 7278528.355475 1.000000
7278957.911494 7278957.911494 1.000000
7279350.488993 7279350.488993 1.000000
7279556.468945 7279556.468945 1.000000
7279833.748414 7279833.748414 1.000000
7278330.672450 7278330.672450 1.000000
7278036.013020 7278036.013020 1.000000
7277795.334716 7277795.334716 1.000000
7278167.202043 7278167.202043 1.000000
7278204.032847 7278204.032847 1.000000
7278145.427529 7278145.427529 1.000000
7277675.605037 7277675.605037 1.000000
7281145.119955 7281145.119955 1.000000
7281318.689672 7281318.689672 1.000000
7285931.821551 7285931.821551 1.000000
7299442.955345 7299442.955345 1.000000
7312470.437518 7312470.437518 1.000000
7317867.351205 7317867.351205 1.000000
7321270.646403 7321270.646403 1.000000
7325818.975624 7325818.975624 1.000000
7329554.783429 7329554.783429 1.000000
7331378.269829 7331378.269829 1.000000
7334271.895739 7334271.895739 1.000000
7334619.125143 7334619.125143 1.000000
7334958.252805 7334958.252805 1.000000
7335108.980911 7335108.980911 1.000000
7335354.592445 7335354.592445 1.000000
7335690.098513 7335690.098513 1.000000
7336443.586151 7336443.586151 1.000000
7336585.958373 7336585.958373 1.000000
7336660.190076 7336660.190076 1.000000
7337679.717113 7337679.717113 1.000000
7338219.595756 7338219.595756 1.000000
7339737.517567 7339737.517567 1.000000
7341880.606993 7341880.606993 1.000000
7345051.533424 7345051.533424 1.000000
7344992.401021 7344992.401021 1.000000
7346716.895070 7346716.895070 1.000000
7284232.855514 7284232.855514 1.000000
7306283.947367 7306283.947367 1.000000
7309590.872066 7309590.872066 1.000000
