7428516.763733 7428516.763733 1.000000
7429998.086093 7429998.086093 1.000000
7431307.793611 7431307.793611 1.000000
7432421.125835 7432421.125835 1.000000
7433846.490426 7433846.490426 1.000000
7434660.205751 7434660.205751 1.000000
7435970.679462 7435970.679462 1.000000
7437417.176949 7437417.176949 1.000000
7438855.890686 7438855.890686 1.000000
7440315.657965 7440315.657965 1.000000
7441738.582528 7441738.582528 1.000000
7442600.834080 7442600.834080 1.000000
7443222.357216 7443222.357216 1.000000
7443998.267195 7443998.267195 1.000000
7444642.532196 7444642.532196 1.000000
7445528.994659 7445528.994659 1.000000
7446487.515281 7446487.515281 1.000000
7446750.058646 7446750.058646 1.000000
7446618.270685 7446618.270685 1.000000
7447324.674437 7447324.674437 1.000000
7446938.211472 7446938.211472 1.000000
7447682.717896 7447682.717896 1.000000
7448313.222443 7448313.222443 1.000000
7449039.398340 7449039.398340 1.000000
7449533.805701 7449533.805701 1.000000
7449717.843466 7449717.843466 1.000000
7449923.243842 7449923.243842 1.000000
7448566.875367 7448566.875367 1.000000
7448881.835894 7448881.835894 1.000000
7449422.517586 7449422.517586 1.000000
7449245.477947 7449245.477947 1.000000
7449840.811268 7449840.811268 1.000000
7449766.755363 7449766.755363 1.000000
7450449.333255 7450449.333255 1.000000
7450097.903725 7450097.903725 1.000000
7450884.455373 7450884.455373 1.000000
7451134.382298 7451134.382298 1.000000
7451808.844600 7451808.844600 1.000000
7452558.274805 7452558.274805 1.000000
7452977.882534 7452977.882534 1.000000
7453416.358742 7453416.358742 1.000000
7453694.257880 7453694.257880 1.000000
7452312.730419 7452312.730419 1.000000
7452849.792911 7452849.792911 1.000000
7452815.556566 7452815.556566 1.000000
7452950.039604 7452950.039604 1.000000
7453223.977056 7453223.977056 1.000000
7453354.175475 7453354.175475 1.000000
7453498.914881 7453498.914881 1.000000
7454197.015475 7454197.015475 1.000000
7453996.069136 7453996.069136 1.000000
7450495.949150 7450495.949150 1.000000
7447282.909670 7447282.909670 1.000000
7444372.695496 7444372.695496 1.000000
7441845.977431 7441845.977431 1.000000
7440111.955066 7440111.955066 1.000000
7437703.552849 7437703.552849 1.000000
7434688.327289 7434688.327289 1.000000
7433241.042122 7433241.042122 1.000000
7431091.491781 7431091.491781 1.000000
7431776.153954 7431776.153954 1.000000
7432562.693403 7432562.693403 1.000000
7432941.938741 7432941.938741 1.000000
7433027.479135 7433027.479135 1.000000
7434123.094080 7434123.094080 1.000000
7434705.895669 7434705.895669 1.000000
7435139.091306 7435139.091306 1.000000
7435682.420564 7435682.420564 1.000000
7436648.008750 7436648.008750 1.000000
7437279.329488 7437279.329488 1.000000
7438324.882000 7438324.882000 1.000000
7439039.364107 7439039.364107 1.000000
7439370.954666 7439370.954666 1.000000
7439638.709897 7439638.709897 1.000000
7440035.604535 7440035.604535 1.000000
7440062.848285 7440062.848285 1.000000
7440524.244204 7440524.244204 1.000000
7440614.000717 7440614.000717 1.000000
7441011.000443 7441011.000443 1.000000
7441832.016593 7441832.016593 1.000000
7442478.263886 7442478.263886 1.000000
7442233.423662 7442233.423662 1.000000
7442783.909202 7442783.909202 1.000000
7443467.305701 7443467.305701 1.000000
7443763.489673 7443763.489673 1.000000
7444084.188138 7444084.188138 1.000000
7444325.028180 7444325.028180 1.000000
7444394.381393 7444394.381393 1.000000
7444751.893574 7444751.893574 1.000000
7445081.834544 7445081.834544 1.000000
7445445.233673 7445445.233673 1.000000
7445803.370260 7445803.370260 1.000000
7446369.639032 7446369.639032 1.000000
7446579.899740 7446579.899740 1.000000
7447117.101738 7447117.101738 1.000000
7447281.980093 7447281.980093 1.000000
7447557.141212 7447557.141212 1.000000
7448194.243352 7448194.243352 1.000000
7447756.061074 7447756.061074 1.000000
7447902.165017 7447902.165017 1.000000
7448125.061913 7448125.061913 1.000000
7447939.655749 7447939.655749 1.000000
7448078.802856 7448078.802856 1.000000
7448300.470440 7448300.470440 1.000000
7446673.250484 7446673.250484 1.000000
7447022.216093 7447022.216093 1.000000
7447603.771629 7447603.771629 1.000000
7445947.045148 7445947.045148 1.000000
7446335.664032 7446335.664032 1.000000
7445060.284432 7445060.284432 1.000000
7445250.056201 7445250.056201 1.000000
7445668.309910 7445668.309910 1.000000
7445361.618590 7445361.618590 1.000000
7444825.093969 7444825.093969 1.000000
7445230.520900 7445230.520900 1.000000
7445544.193990 7445544.193990 1.000000
7445598.307554 7445598.307554 1.000000
7445204.873577 7445204.873577 1.000000
7444702.515142 7444702.515142 1.000000
7444283.847659 7444283.847659 1.000000
7445161.177080 7445161.177080 1.000000
7445291.999304 7445291.999304 1.000000
7445567.794648 7445567.794648 1.000000
7445480.870197 7445480.870197 1.000000
7444751.264960 7444751.264960 1.000000
7444602.741905 7444602.741905 1.000000
7445218.336425 7445218.336425 1.000000
7445779.373378 7445779.373378 1.000000
7446217.712661 7446217.712661 1.000000
7446359.046929 7446359.046929 1.000000
7446610.906176 7446610.906176 1.000000
7447281.321890 7447281.321890 1.000000
7447524.691985 7447524.691985 1.000000
7447918.220989 7447918.220989 1.000000
7446845.114249 7446845.114249 1.000000
7447236.732305 7447236.732305 1.000000
7447309.873121 7447309.873121 1.000000
7447138.935899 7447138.935899 1.000000
7447338.103347 7447338.103347 1.000000
7446998.881354 7446998.881354 1.000000
7447277.821858 7447277.821858 1.000000
7447873.046844 7447873.046844 1.000000
7448042.330697 7448042.330697 1.000000
7448200.018779 7448200.018779 1.000000
7448275.244949 7448275.244949 1.000000
7448387.035544 7448387.035544 1.000000
7448203.505176 7448203.505176 1.000000
7445581.320552 7445581.320552 1.000000
7445764.529590 7445764.529590 1.000000
7445849.556135 7445849.556135 1.000000
7444913.174848 7444913.174848 1.000000
7443118.975396 7443118.975396 1.000000
7443545.237701 7443545.237701 1.000000
7443959.627129 7443959.627129 1.000000
7443094.072762 7443094.072762 1.000000
7443126.645637 7443126.645637 1.000000
7442936.901203 7442936.901203 1.000000
7443260.889706 7443260.889706 1.000000
7443759.568454 7443759.568454 1.000000
7444308.299614 7444308.299614 1.000000
7444651.635536 7444651.635536 1.000000
7445342.161573 7445342.161573 1.000000
7445605.955238 7445605.955238 1.000000
7446368.761157 7446368.761157 1.000000
7446641.198256 7446641.198256 1.000000
7447781.571665 7447781.571665 1.000000
7448668.510261 7448668.510261 1.000000
7448959.118712 7448959.118712 1.000000
7449315.321430 7449315.321430 1.000000
7449581.462583 7449581.462583 1.000000
7449230.518453 7449230.518453 1.000000
7449556.270778 7449556.270778 1.000000
7450115.360569 7450115.360569 1.000000
7450213.122239 7450213.122239 1.000000
7450644.025129 7450644.025129 1.000000
7451007.851434 7451007.851434 1.000000
7451206.223089 7451206.223089 1.000000
7451529.946594 7451529.946594 1.000000
7451931.449713 7451931.449713 1.000000
7451421.095712 7451421.095712 1.000000
7451629.290703 7451629.290703 1.000000
7451917.291822 7451917.291822 1.000000
7452171.972148 7452171.972148 1.000000
7452242.042774 7452242.042774 1.000000
7452555.687364 7452555.687364 1.000000
7452642.176807 7452642.176807 1.000000
7452103.757535 7452103.757535 1.000000
7452015.877637 7452015.877637 1.000000
7452323.422182 7452323.422182 1.000000
7449972.968859 7449972.968859 1.000000
7447853.278801 7447853.278801 1.000000
7447872.686771 7447872.686771 1.000000
7448346.085852 7448346.085852 1.000000
7448494.499923 7448494.499923 1.000000
7448841.431063 7448841.431063 1.000000
7448986.006821 7448986.006821 1.000000
7449101.050639 7449101.050639 1.000000
7449280.850997 7449280.850997 1.000000
7449490.015684 7449490.015684 1.000000
7449576.971708 7449576.971708 1.000000
7449470.513482 7449470.513482 1.000000
7449025.426161 7449025.426161 1.000000
7449186.155979 7449186.155979 1.000000
7448846.694028 7448846.694028 1.000000
7449475.147786 7449475.147786 1.000000
7449792.207027 7449792.207027 1.000000
7450418.018918 7450418.018918 1.000000
7451244.613697 7451244.613697 1.000000
7451398.028140 7451398.028140 1.000000
7451485.688594 7451485.688594 1.000000
7452119.021145 7452119.021145 1.000000
7452622.385892 7452622.385892 1.000000
7452860.752828 7452860.752828 1.000000
7452883.066576 7452883.066576 1.000000
7453200.642188 7453200.642188 1.000000
7453673.747562 7453673.747562 1.000000
7454256.120719 7454256.120719 1.000000
7454323.200493 7454323.200493 1.000000
7454692.117679 7454692.117679 1.000000
7453339.936518 7453339.936518 1.000000
7451277.317823 7451277.317823 1.000000
7450870.606031 7450870.606031 1.000000
7449487.230393 7449487.230393 1.000000
7447430.687346 7447430.687346 1.000000
7446461.756262 7446461.756262 1.000000
7446750.732824 7446750.732824 1.000000
7446983.708828 7446983.708828 1.000000
