7405227.185620 7405227.185620 1.000000
7405121.299592 7405121.299592 1.000000
7404404.529926 7404404.529926 1.000000
7405039.243242 7405039.243242 1.000000
7405226.788551 7405226.788551 1.000000
7406132.523177 7406132.523177 1.000000
7405671.424442 7405671.424442 1.000000
7405684.331936 7405684.331936 1.000000
7407004.541821 7407004.541821 1.000000
7407001.701007 7407001.701007 1.000000
7407272.349387 7407272.349387 1.000000
7407494.549498 7407494.549498 1.000000
7409234.471266 7409234.471266 1.000000
7409080.469381 7409080.469381 1.000000
7408579.913025 7408579.913025 1.000000
7408257.374663 7408257.374663 1.000000
7408416.740935 7408416.740935 1.000000
7408376.588549 7408376.588549 1.000000
7410585.029404 7410585.029404 1.000000
7408565.688329 7408565.688329 1.000000
7409419.591727 7409419.591727 1.000000
7409284.424174 7409284.424174 1.000000
7409611.532843 7409611.532843 1.000000
7404958.816530 7404958.816530 1.000000
7404974.879280 7404974.879280 1.000000
7404964.164298 7404964.164298 1.000000
7404872.986181 7404872.986181 1.000000
7403061.295089 7403061.295089 1.000000
7403846.670985 7403846.670985 1.000000
7404767.412680 7404767.412680 1.000000
7404766.979100 7404766.979100 1.000000
7409910.850228 7409910.850228 1.000000
7410574.972573 7410574.972573 1.000000
7409033.870050 7409033.870050 1.000000
7408890.822257 7408890.822257 1.000000
7408846.467819 7408846.467819 1.000000
7408831.787139 7408831.787139 1.000000
7408270.757103 7408270.757103 1.000000
7406280.699667 7406280.699667 1.000000
7405312.038052 7405312.038052 1.000000
7405172.892012 7405172.892012 1.000000
7405121.262502 7405121.262502 1.000000
7404655.428089 7404655.428089 1.000000
7404658.988146 7404658.988146 1.000000
7404605.564334 7404605.564334 1.000000
7404559.387856 7404559.387856 1.000000
7403776.727938 7403776.727938 1.000000
7404355.761746 7404355.761746 1.000000
7403703.240644 7403703.240644 1.000000
7406129.953542 7406129.953542 1.000000
7403611.617669 7403611.617669 1.000000
7403561.347898 7403561.347898 1.000000
7403570.599480 7403570.599480 1.000000
7403701.215465 7403701.215465 1.000000
7405096.184812 7405096.184812 1.000000
7405112.512076 7405112.512076 1.000000
7404917.376494 7404917.376494 1.000000
7404640.422280 7404640.422280 1.000000
7404087.564774 7404087.564774 1.000000
7404467.955460 7404467.955460 1.000000
7404117.868843 7404117.868843 1.000000
7405975.052074 7405975.052074 1.000000
7406061.351572 7406061.351572 1.000000
7406611.923399 7406611.923399 1.000000
7406485.279458 7406485.279458 1.000000
7406396.176800 7406396.176800 1.000000
7404399.091515 7404399.091515 1.000000
7404001.023194 7404001.023194 1.000000
7404340.266656 7404340.266656 1.000000
7403481.244663 7403481.244663 1.000000
7402926.941045 7402926.941045 1.000000
7402867.706195 7402867.706195 1.000000
7405078.967405 7405078.967405 1.000000
7404937.742562 7404937.742562 1.000000
7403888.203636 7403888.203636 1.000000
7403965.120085 7403965.120085 1.000000
7403954.600421 7403954.600421 1.000000
7404001.123348 7404001.123348 1.000000
7404337.958501 7404337.958501 1.000000
7404245.503590 7404245.503590 1.000000
7403842.637644 7403842.637644 1.000000
7403145.810345 7403145.810345 1.000000
7403049.752331 7403049.752331 1.000000
7401514.007178 7401514.007178 1.000000
7401624.482069 7401624.482069 1.000000
7401724.160078 7401724.160078 1.000000
7401736.814792 7401736.814792 1.000000
7401579.504378 7401579.504378 1.000000
7401446.810228 7401446.810228 1.000000
7402366.925235 7402366.925235 1.000000
7402384.903503 7402384.903503 1.000000
7402497.242914 7402497.242914 1.000000
7403750.334983 7403750.334983 1.000000
7403679.408810 7403679.408810 1.000000
7404754.505326 7404754.505326 1.000000
7404292.521941 7404292.521941 1.000000
7404651.783985 7404651.783985 1.000000
7404606.988933 7404606.988933 1.000000
7404160.373464 7404160.373464 1.000000
7404112.880027 7404112.880027 1.000000
7403917.877389 7403917.877389 1.000000
7403778.517356 7403778.517356 1.000000
7403426.256242 7403426.256242 1.000000
7403315.867720 7403315.867720 1.000000
7403239.976899 7403239.976899 1.000000
7403252.927480 7403252.927480 1.000000
7402885.815293 7402885.815293 1.000000
7405052.356664 7405052.356664 1.000000
7405463.765400 7405463.765400 1.000000
7405329.310253 7405329.310253 1.000000
7405151.770589 7405151.770589 1.000000
7405160.350744 7405160.350744 1.000000
7404727.650315 7404727.650315 1.000000
