7419021.792658 7419021.792658 1.000000
7418311.780439 7418311.780439 1.000000
7418662.022807 7418662.022807 1.000000
7418920.757091 7418920.757091 1.000000
7418732.610386 7418732.610386 1.000000
7416079.348047 7416079.348047 1.000000
7416410.832956 7416410.832956 1.000000
7416792.073983 7416792.073983 1.000000
7417243.198035 7417243.198035 1.000000
7415809.615067 7415809.615067 1.000000
7414344.479345 7414344.479345 1.000000
7413933.092564 7413933.092564 1.000000
7414242.517401 7414242.517401 1.000000
7415374.777249 7415374.777249 1.000000
7416558.321209 7416558.321209 1.000000
7416615.258412 7416615.258412 1.000000
7417144.325595 7417144.325595 1.000000
7416247.274002 7416247.274002 1.000000
7416278.253339 7416278.253339 1.000000
7416683.615865 7416683.615865 1.000000
7415987.953737 7415987.953737 1.000000
7416031.389928 7416031.389928 1.000000
7415582.919384 7415582.919384 1.000000
7412799.556118 7412799.556118 1.000000
7413288.424213 7413288.424213 1.000000
7415071.579131 7415071.579131 1.000000
7414057.249345 7414057.249345 1.000000
7414737.493717 7414737.493717 1.000000
7415468.620270 7415468.620270 1.000000
7415674.959859 7415674.959859 1.000000
7416037.916675 7416037.916675 1.000000
7415806.023005 7415806.023005 1.000000
7416107.180000 7416107.180000 1.000000
7416195.770310 7416195.770310 1.000000
7414810.746024 7414810.746024 1.000000
7414996.027163 7414996.027163 1.000000
7415926.279533 7415926.279533 1.000000
7416084.177141 7416084.177141 1.000000
7414410.166675 7414410.166675 1.000000
7414950.365194 7414950.365194 1.000000
7414954.228226 7414954.228226 1.000000
7415473.681029 7415473.681029 1.000000
7414894.146734 7414894.146734 1.000000
7415626.794869 7415626.794869 1.000000
7415692.459340 7415692.459340 1.000000
7414668.558287 7414668.558287 1.000000
7415933.484118 7415933.484118 1.000000
7415992.814756 7415992.814756 1.000000
7414079.192943 7414079.192943 1.000000
7414716.350758 7414716.350758 1.000000
7415365.990930 7415365.990930 1.000000
7416029.434861 7416029.434861 1.000000
7416376.406137 7416376.406137 1.000000
7416234.688986 7416234.688986 1.000000
7416441.536830 7416441.536830 1.000000
7416782.918462 7416782.918462 1.000000
7417082.119831 7417082.119831 1.000000
7417322.227782 7417322.227782 1.000000
7416404.715922 7416404.715922 1.000000
7416521.637722 7416521.637722 1.000000
7417004.869050 7417004.869050 1.000000
7417481.525637 7417481.525637 1.000000
7416828.547050 7416828.547050 1.000000
7417379.401243 7417379.401243 1.000000
7417796.256547 7417796.256547 1.000000
7417608.010853 7417608.010853 1.000000
7418249.148000 7418249.148000 1.000000
7418705.594513 7418705.594513 1.000000
7419430.272314 7419430.272314 1.000000
7420257.249269 7420257.249269 1.000000
7420301.678148 7420301.678148 1.000000
7419182.671571 7419182.671571 1.000000
7419765.487510 7419765.487510 1.000000
7419191.644166 7419191.644166 1.000000
7417947.720283 7417947.720283 1.000000
7418253.315637 7418253.315637 1.000000
7416510.415317 7416510.415317 1.000000
7415868.296149 7415868.296149 1.000000
7416293.275619 7416293.275619 1.000000
7416647.273451 7416647.273451 1.000000
7417445.698645 7417445.698645 1.000000
7417182.475986 7417182.475986 1.000000
7417617.949032 7417617.949032 1.000000
7418127.989193 7418127.989193 1.000000
7416347.380794 7416347.380794 1.000000
7414160.193234 7414160.193234 1.000000
7414953.488778 7414953.488778 1.000000
7415171.836449 7415171.836449 1.000000
7413806.298490 7413806.298490 1.000000
7415000.398000 7415000.398000 1.000000
7416193.774136 7416193.774136 1.000000
7416255.841817 7416255.841817 1.000000
7417614.451674 7417614.451674 1.000000
7417847.749975 7417847.749975 1.000000
7417899.200255 7417899.200255 1.000000
7419361.591294 7419361.591294 1.000000
7419487.663893 7419487.663893 1.000000
7419668.052331 7419668.052331 1.000000
7419282.150140 7419282.150140 1.000000
7418339.162055 7418339.162055 1.000000
7418636.107613 7418636.107613 1.000000
7417209.671269 7417209.671269 1.000000
7416882.737845 7416882.737845 1.000000
7416900.921454 7416900.921454 1.000000
7415505.324938 7415505.324938 1.000000
7415860.014202 7415860.014202 1.000000
7416119.318232 7416119.318232 1.000000
7416272.120999 7416272.120999 1.000000
7415563.028340 7415563.028340 1.000000
7415710.318680 7415710.318680 1.000000
7416306.356002 7416306.356002 1.000000
7416477.020128 7416477.020128 1.000000
7416485.665544 7416485.665544 1.000000
7416479.684501 7416479.684501 1.000000
7416672.286959 7416672.286959 1.000000
7415683.586486 7415683.586486 1.000000
7415954.092172 7415954.092172 1.000000
7416740.323465 7416740.323465 1.000000
7416804.129489 7416804.129489 1.000000
7417008.111841 7417008.111841 1.000000
7416108.898197 7416108.898197 1.000000
7416214.532256 7416214.532256 1.000000
7416400.927983 7416400.927983 1.000000
7417340.240940 7417340.240940 1.000000
7416881.776763 7416881.776763 1.000000
7416851.477047 7416851.477047 1.000000
7417330.369118 7417330.369118 1.000000
7417373.931065 7417373.931065 1.000000
7417470.292748 7417470.292748 1.000000
7415486.118557 7415486.118557 1.000000
7414390.496396 7414390.496396 1.000000
7414918.987006 7414918.987006 1.000000
7415063.388977 7415063.388977 1.000000
7413952.467717 7413952.467717 1.000000
7413392.347818 7413392.347818 1.000000
7413812.829958 7413812.829958 1.000000
7414068.872097 7414068.872097 1.000000
7414641.487298 7414641.487298 1.000000
7414814.822767 7414814.822767 1.000000
7415406.253953 7415406.253953 1.000000
7416118.714434 7416118.714434 1.000000
7415722.310038 7415722.310038 1.000000
7415915.549883 7415915.549883 1.000000
7415483.552535 7415483.552535 1.000000
7414133.708394 7414133.708394 1.000000
7414217.906347 7414217.906347 1.000000
7414504.298207 7414504.298207 1.000000
7414853.588958 7414853.588958 1.000000
7415753.642490 7415753.642490 1.000000
7414790.014663 7414790.014663 1.000000
7415667.619085 7415667.619085 1.000000
7415759.765051 7415759.765051 1.000000
7414415.841572 7414415.841572 1.000000
7414653.631524 7414653.631524 1.000000
7414755.891403 7414755.891403 1.000000
7415440.050254 7415440.050254 1.000000
7415794.687340 7415794.687340 1.000000
7416507.718059 7416507.718059 1.000000
7415880.118749 7415880.118749 1.000000
7416399.435683 7416399.435683 1.000000
7416419.776870 7416419.776870 1.000000
7412386.155205 7412386.155205 1.000000
7411110.042354 7411110.042354 1.000000
7409867.580859 7409867.580859 1.000000
7408705.692532 7408705.692532 1.000000
7407068.197859 7407068.197859 1.000000
7405099.641087 7405099.641087 1.000000
7405216.477284 7405216.477284 1.000000
7405515.235304 7405515.235304 1.000000
7403929.140089 7403929.140089 1.000000
7404485.591121 7404485.591121 1.000000
7404796.600346 7404796.600346 1.000000
7405197.628642 7405197.628642 1.000000
7405783.478722 7405783.478722 1.000000
7406019.838959 7406019.838959 1.000000
7403097.017911 7403097.017911 1.000000
7403193.498427 7403193.498427 1.000000
7402666.086470 7402666.086470 1.000000
7403298.067551 7403298.067551 1.000000
7403958.266824 7403958.266824 1.000000
7404656.447481 7404656.447481 1.000000
7405564.042793 7405564.042793 1.000000
7406285.734771 7406285.734771 1.000000
7406966.966263 7406966.966263 1.000000
7407850.524862 7407850.524862 1.000000
7408380.666247 7408380.666247 1.000000
7408190.008108 7408190.008108 1.000000
7409241.529458 7409241.529458 1.000000
7409352.124767 7409352.124767 1.000000
7409867.998760 7409867.998760 1.000000
7410855.095355 7410855.095355 1.000000
7409712.253860 7409712.253860 1.000000
7409798.447065 7409798.447065 1.000000
7410171.451648 7410171.451648 1.000000
7410301.283877 7410301.283877 1.000000
7410454.925993 7410454.925993 1.000000
7410587.920705 7410587.920705 1.000000
7410670.010925 7410670.010925 1.000000
7411026.579232 7411026.579232 1.000000
7411438.862588 7411438.862588 1.000000
7411615.585954 7411615.585954 1.000000
7410810.784745 7410810.784745 1.000000
7410874.441593 7410874.441593 1.000000
7410932.680886 7410932.680886 1.000000
7411144.003889 7411144.003889 1.000000
7411314.221389 7411314.221389 1.000000
7410871.360647 7410871.360647 1.000000
7410066.776495 7410066.776495 1.000000
7409490.733394 7409490.733394 1.000000
7409766.533181 7409766.533181 1.000000
7410130.079140 7410130.079140 1.000000
7408866.468178 7408866.468178 1.000000
7409415.417989 7409415.417989 1.000000
7410133.105355 7410133.105355 1.000000
7410469.859270 7410469.859270 1.000000
7411066.977193 7411066.977193 1.000000
7411436.150695 7411436.150695 1.000000
7412145.303077 7412145.303077 1.000000
7411992.942975 7411992.942975 1.000000
7409450.608088 7409450.608088 1.000000
7409948.888971 7409948.888971 1.000000
7410771.352803 7410771.352803 1.000000
7411303.618711 7411303.618711 1.000000
7411543.824088 7411543.824088 1.000000
7411697.282672 7411697.282672 1.000000
7411610.459971 7411610.459971 1.000000
7412472.087620 7412472.087620 1.000000
7412737.499264 7412737.499264 1.000000
7410701.212435 7410701.212435 1.000000
7409683.344035 7409683.344035 1.000000
7410092.576941 7410092.576941 1.000000
7410583.229900 7410583.229900 1.000000
7411413.406045 7411413.406045 1.000000
7412657.897088 7412657.897088 1.000000
7413265.985278 7413265.985278 1.000000
7414333.741295 7414333.741295 1.000000
7414716.806876 7414716.806876 1.000000
7414614.074248 7414614.074248 1.000000
7413300.787653 7413300.787653 1.000000
7410229.999751 7410229.999751 1.000000
7409617.776654 7409617.776654 1.000000
7410004.781433 7410004.781433 1.000000
7410363.268396 7410363.268396 1.000000
7409033.590407 7409033.590407 1.000000
7410154.056223 7410154.056223 1.000000
7411756.147112 7411756.147112 1.000000
7411876.203156 7411876.203156 1.000000
7411659.239166 7411659.239166 1.000000
7411875.184495 7411875.184495 1.000000
7410825.228056 7410825.228056 1.000000
7408454.591994 7408454.591994 1.000000
7409566.040048 7409566.040048 1.000000
7407813.082792 7407813.082792 1.000000
7408131.094968 7408131.094968 1.000000
7408814.119293 7408814.119293 1.000000
7410310.360823 7410310.360823 1.000000
7410705.197405 7410705.197405 1.000000
7412049.414340 7412049.414340 1.000000
7412861.868688 7412861.868688 1.000000
7413840.785512 7413840.785512 1.000000
7413963.272399 7413963.272399 1.000000
7412275.612591 7412275.612591 1.000000
7413590.155344 7413590.155344 1.000000
7413968.816099 7413968.816099 1.000000
7412708.660179 7412708.660179 1.000000
7409792.854886 7409792.854886 1.000000
7410604.954396 7410604.954396 1.000000
7411258.415661 7411258.415661 1.000000
7411526.565085 7411526.565085 1.000000
7412240.375215 7412240.375215 1.000000
7412826.062335 7412826.062335 1.000000
7413369.772181 7413369.772181 1.000000
7413400.387392 7413400.387392 1.000000
7413491.501059 7413491.501059 1.000000
7414148.753005 7414148.753005 1.000000
7414772.689841 7414772.689841 1.000000
7413815.841567 7413815.841567 1.000000
7413860.439274 7413860.439274 1.000000
7414458.907126 7414458.907126 1.000000
7414662.745165 7414662.745165 1.000000
7415377.329747 7415377.329747 1.000000
7415478.092688 7415478.092688 1.000000
7415961.213972 7415961.213972 1.000000
7416173.441302 7416173.441302 1.000000
7416473.750408 7416473.750408 1.000000
7416598.706032 7416598.706032 1.000000
7416810.951509 7416810.951509 1.000000
7417266.303535 7417266.303535 1.000000
7415978.010927 7415978.010927 1.000000
7416345.963519 7416345.963519 1.000000
7416917.623074 7416917.623074 1.000000
7417003.921072 7417003.921072 1.000000
7417069.383264 7417069.383264 1.000000
7417149.892583 7417149.892583 1.000000
7416345.974718 7416345.974718 1.000000
7416009.677861 7416009.677861 1.000000
7415906.161919 7415906.161919 1.000000
7417545.763091 7417545.763091 1.000000
7414499.368265 7414499.368265 1.000000
7414960.644620 7414960.644620 1.000000
7415484.874084 7415484.874084 1.000000
7411943.724893 7411943.724893 1.000000
7409330.861983 7409330.861983 1.000000
7411168.478982 7411168.478982 1.000000
7412304.139375 7412304.139375 1.000000
7408931.196549 7408931.196549 1.000000
7410776.176293 7410776.176293 1.000000
7408422.487550 7408422.487550 1.000000
7407878.322819 7407878.322819 1.000000
7406663.515343 7406663.515343 1.000000
7407615.543860 7407615.543860 1.000000
7408068.322535 7408068.322535 1.000000
7409771.027302 7409771.027302 1.000000
7410546.976553 7410546.976553 1.000000
7411428.031267 7411428.031267 1.000000
7412045.115569 7412045.115569 1.000000
7412734.729248 7412734.729248 1.000000
7413213.700884 7413213.700884 1.000000
7413490.467265 7413490.467265 1.000000
7414175.971006 7414175.971006 1.000000
7415358.372167 7415358.372167 1.000000
7414933.866304 7414933.866304 1.000000
7415343.799063 7415343.799063 1.000000
7415539.246044 7415539.246044 1.000000
7415972.884626 7415972.884626 1.000000
7415980.885394 7415980.885394 1.000000
7416013.219471 7416013.219471 1.000000
7416697.363010 7416697.363010 1.000000
7416886.954603 7416886.954603 1.000000
7417095.727518 7417095.727518 1.000000
7417611.525172 7417611.525172 1.000000
7416230.623862 7416230.623862 1.000000
7416448.120314 7416448.120314 1.000000
7416986.801960 7416986.801960 1.000000
7417013.175679 7417013.175679 1.000000
7417234.973989 7417234.973989 1.000000
7416899.811587 7416899.811587 1.000000
7414887.640553 7414887.640553 1.000000
7414581.388591 7414581.388591 1.000000
7415570.121404 7415570.121404 1.000000
7415845.851157 7415845.851157 1.000000
7416689.967509 7416689.967509 1.000000
7417214.158357 7417214.158357 1.000000
7418123.270863 7418123.270863 1.000000
7418534.917746 7418534.917746 1.000000
7418547.796626 7418547.796626 1.000000
7418460.682714 7418460.682714 1.000000
7417932.614080 7417932.614080 1.000000
7416204.517477 7416204.517477 1.000000
7416887.844018 7416887.844018 1.000000
7415709.217479 7415709.217479 1.000000
7415930.325000 7415930.325000 1.000000
7413573.322466 7413573.322466 1.000000
7412019.148276 7412019.148276 1.000000
7414441.284454 7414441.284454 1.000000
7416925.237544 7416925.237544 1.000000
7418903.298786 7418903.298786 1.000000
7416162.843067 7416162.843067 1.000000
7414680.051603 7414680.051603 1.000000
7415443.284858 7415443.284858 1.000000
7415933.755527 7415933.755527 1.000000
7417162.710405 7417162.710405 1.000000
7417803.409297 7417803.409297 1.000000
7417908.369392 7417908.369392 1.000000
7418092.603771 7418092.603771 1.000000
7418612.194435 7418612.194435 1.000000
7418540.577083 7418540.577083 1.000000
7417506.992064 7417506.992064 1.000000
