7404822.963012 7404822.963012 1.000000
7404778.846248 7404778.846248 1.000000
7404768.880606 7404768.880606 1.000000
7404533.208698 7404533.208698 1.000000
7404222.214770 7404222.214770 1.000000
7404093.975374 7404093.975374 1.000000
7404234.948278 7404234.948278 1.000000
7404344.407866 7404344.407866 1.000000
7404159.185781 7404159.185781 1.000000
7405031.851093 7405031.851093 1.000000
7405356.587159 7405356.587159 1.000000
7405618.752642 7405618.752642 1.000000
7405232.694777 7405232.694777 1.000000
7405358.245944 7405358.245944 1.000000
7405013.701082 7405013.701082 1.000000
7404934.808454 7404934.808454 1.000000
7404791.139581 7404791.139581 1.000000
7404652.395840 7404652.395840 1.000000
7404555.133385 7404555.133385 1.000000
7404701.477672 7404701.477672 1.000000
7404626.973577 7404626.973577 1.000000
7404521.022389 7404521.022389 1.000000
7404673.800153 7404673.800153 1.000000
7404685.442850 7404685.442850 1.000000
7404769.297252 7404769.297252 1.000000
7404404.671258 7404404.671258 1.000000
7404138.171980 7404138.171980 1.000000
7404543.839951 7404543.839951 1.000000
7404447.094943 7404447.094943 1.000000
7404000.362902 7404000.362902 1.000000
7403824.494166 7403824.494166 1.000000
7404088.498675 7404088.498675 1.000000
7403925.238284 7403925.238284 1.000000
7403846.971018 7403846.971018 1.000000
7403598.164267 7403598.164267 1.000000
7403705.322486 7403705.322486 1.000000
7403255.361190 7403255.361190 1.000000
7402702.648282 7402702.648282 1.000000
7402344.169262 7402344.169262 1.000000
7402155.786269 7402155.786269 1.000000
7402437.531016 7402437.531016 1.000000
7402602.307438 7402602.307438 1.000000
7402878.140737 7402878.140737 1.000000
7402944.918207 7402944.918207 1.000000
7403183.312306 7403183.312306 1.000000
7403242.089850 7403242.089850 1.000000
7402869.979641 7402869.979641 1.000000
7402753.924703 7402753.924703 1.000000
7402625.557959 7402625.557959 1.000000
7403091.762804 7403091.762804 1.000000
7402857.725731 7402857.725731 1.000000
7402685.771795 7402685.771795 1.000000
7402090.522283 7402090.522283 1.000000
7401641.279313 7401641.279313 1.000000
7401480.018326 7401480.018326 1.000000
7401439.103682 7401439.103682 1.000000
7401204.898497 7401204.898497 1.000000
7400876.315423 7400876.315423 1.000000
7400866.557083 7400866.557083 1.000000
7400649.926740 7400649.926740 1.000000
7400373.370563 7400373.370563 1.000000
7400382.746701 7400382.746701 1.000000
7399956.630637 7399956.630637 1.000000
7399779.683902 7399779.683902 1.000000
7399607.650889 7399607.650889 1.000000
7399746.429605 7399746.429605 1.000000
7399837.978569 7399837.978569 1.000000
7399982.836828 7399982.836828 1.000000
7400090.989541 7400090.989541 1.000000
7400219.194800 7400219.194800 1.000000
7400105.263400 7400105.263400 1.000000
7400370.139739 7400370.139739 1.000000
7400325.540307 7400325.540307 1.000000
7400202.193639 7400202.193639 1.000000
7400319.632325 7400319.632325 1.000000
7400461.837550 7400461.837550 1.000000
7400588.131947 7400588.131947 1.000000
7400517.676160 7400517.676160 1.000000
7400329.499155 7400329.499155 1.000000
7400193.900642 7400193.900642 1.000000
7399819.812969 7399819.812969 1.000000
7401117.702535 7401117.702535 1.000000
7402142.357147 7402142.357147 1.000000
7401882.581247 7401882.581247 1.000000
7402274.008660 7402274.008660 1.000000
7402573.286524 7402573.286524 1.000000
7402718.677928 7402718.677928 1.000000
7402862.515714 7402862.515714 1.000000
7402750.991966 7402750.991966 1.000000
7402537.795477 7402537.795477 1.000000
7402274.699238 7402274.699238 1.000000
7402040.889026 7402040.889026 1.000000
7401932.363836 7401932.363836 1.000000
7401761.547471 7401761.547471 1.000000
7401773.031026 7401773.031026 1.000000
7401562.016567 7401562.016567 1.000000
7401430.245184 7401430.245184 1.000000
7401589.614018 7401589.614018 1.000000
7401742.053224 7401742.053224 1.000000
7401973.840125 7401973.840125 1.000000
7402242.053533 7402242.053533 1.000000
7402111.165699 7402111.165699 1.000000
7402001.358479 7402001.358479 1.000000
7401814.751987 7401814.751987 1.000000
7402629.708885 7402629.708885 1.000000
7402676.211776 7402676.211776 1.000000
7402534.517485 7402534.517485 1.000000
7402542.983399 7402542.983399 1.000000
7402275.794018 7402275.794018 1.000000
7402291.114924 7402291.114924 1.000000
7402394.926926 7402394.926926 1.000000
7402727.847810 7402727.847810 1.000000
7402553.589173 7402553.589173 1.000000
