7399108.359824 7399108.359824 1.000000
7394735.125286 7394735.125286 1.000000
7393918.207327 7393918.207327 1.000000
7393274.643607 7393274.643607 1.000000
7391601.424245 7391601.424245 1.000000
7390407.291051 7390407.291051 1.000000
7390474.326590 7390474.326590 1.000000
7388478.925049 7388478.925049 1.000000
7388736.967612 7388736.967612 1.000000
7389084.326118 7389084.326118 1.000000
7383385.189098 7383385.189098 1.000000
7383644.669082 7383644.669082 1.000000
7375076.652929 7375076.652929 1.000000
7375514.692889 7375514.692889 1.000000
7371358.001428 7371358.001428 1.000000
7371442.539383 7371442.539383 1.000000
7370601.404884 7370601.404884 1.000000
7371114.510380 7371114.510380 1.000000
7370468.904167 7370468.904167 1.000000
7369862.176265 7369862.176265 1.000000
7368161.691824 7368161.691824 1.000000
7366289.312929 7366289.312929 1.000000
7366326.335876 7366326.335876 1.000000
7365833.486092 7365833.486092 1.000000
7366186.646061 7366186.646061 1.000000
7365787.149325 7365787.149325 1.000000
7364180.219621 7364180.219621 1.000000
7364325.702970 7364325.702970 1.000000
7364396.406607 7364396.406607 1.000000
7363758.688561 7363758.688561 1.000000
7364002.609207 7364002.609207 1.000000
7364188.240253 7364188.240253 1.000000
7364283.767578 7364283.767578 1.000000
7364476.771540 7364476.771540 1.000000
7362985.573097 7362985.573097 1.000000
7363617.421711 7363617.421711 1.000000
7363952.486995 7363952.486995 1.000000
7363675.777195 7363675.777195 1.000000
7363680.970302 7363680.970302 1.000000
7363731.821896 7363731.821896 1.000000
7361512.797157 7361512.797157 1.000000
7361528.878659 7361528.878659 1.000000
7360613.058393 7360613.058393 1.000000
7360327.382602 7360327.382602 1.000000
7360351.211313 7360351.211313 1.000000
7360463.263666 7360463.263666 1.000000
7360602.528957 7360602.528957 1.000000
7360623.594389 7360623.594389 1.000000
7360834.502609 7360834.502609 1.000000
7360724.628968 7360724.628968 1.000000
7360597.716884 7360597.716884 1.000000
7360710.626148 7360710.626148 1.000000
7360837.563172 7360837.563172 1.000000
7359250.401508 7359250.401508 1.000000
7359331.237094 7359331.237094 1.000000
7359263.995315 7359263.995315 1.000000
7358391.135234 7358391.135234 1.000000
7358021.944618 7358021.944618 1.000000
7358124.412063 7358124.412063 1.000000
7358129.936512 7358129.936512 1.000000
7358235.560837 7358235.560837 1.000000
7355554.563319 7355554.563319 1.000000
7354191.567715 7354191.567715 1.000000
7352934.392931 7352934.392931 1.000000
7351582.960219 7351582.960219 1.000000
7343826.403448 7343826.403448 1.000000
7337653.035183 7337653.035183 1.000000
7330690.680696 7330690.680696 1.000000
7322539.096619 7322539.096619 1.000000
7315382.375924 7315382.375924 1.000000
7315410.597500 7315410.597500 1.000000
7306812.226079 7306812.226079 1.000000
7307126.789495 7307126.789495 1.000000
7304264.315131 7304264.315131 1.000000
7303899.832517 7303899.832517 1.000000
7304680.115939 7304680.115939 1.000000
7302235.273762 7302235.273762 1.000000
7296590.150921 7296590.150921 1.000000
7296905.099823 7296905.099823 1.000000
7297014.999594 7297014.999594 1.000000
7297149.624209 7297149.624209 1.000000
7297255.766229 7297255.766229 1.000000
7297329.051002 7297329.051002 1.000000
7297427.946497 7297427.946497 1.000000
7360020.404098 7360020.404098 1.000000
7357885.739733 7357885.739733 1.000000
7358281.542894 7358281.542894 1.000000
7358622.017293 7358622.017293 1.000000
7358806.175742 7358806.175742 1.000000
7359119.107214 7359119.107214 1.000000
7348998.326132 7348998.326132 1.000000
7346273.748404 7346273.748404 1.000000
7343896.737034 7343896.737034 1.000000
7344092.932973 7344092.932973 1.000000
7344113.342494 7344113.342494 1.000000
7344119.303117 7344119.303117 1.000000
7343508.424425 7343508.424425 1.000000
7342602.371993 7342602.371993 1.000000
7340735.073038 7340735.073038 1.000000
7338350.640243 7338350.640243 1.000000
7336434.838841 7336434.838841 1.000000
7336368.214926 7336368.214926 1.000000
7336494.916565 7336494.916565 1.000000
7334736.681435 7334736.681435 1.000000
7334760.610667 7334760.610667 1.000000
7333898.245816 7333898.245816 1.000000
7334058.216202 7334058.216202 1.000000
7333401.492841 7333401.492841 1.000000
7333419.720132 7333419.720132 1.000000
7325856.974698 7325856.974698 1.000000
7326466.522415 7326466.522415 1.000000
7321114.149587 7321114.149587 1.000000
7320574.847484 7320574.847484 1.000000
7319086.235578 7319086.235578 1.000000
7319114.258983 7319114.258983 1.000000
7316998.855509 7316998.855509 1.000000
7316974.572415 7316974.572415 1.000000
7316981.242702 7316981.242702 1.000000
7317013.576427 7317013.576427 1.000000
7317052.497936 7317052.497936 1.000000
7357751.612608 7357751.612608 1.000000
7358054.947070 7358054.947070 1.000000
7357497.629891 7357497.629891 1.000000
7354852.336556 7354852.336556 1.000000
7353045.772274 7353045.772274 1.000000
7350550.375215 7350550.375215 1.000000
7348980.798670 7348980.798670 1.000000
7346156.056990 7346156.056990 1.000000
7344446.296732 7344446.296732 1.000000
7341795.555808 7341795.555808 1.000000
7339341.077350 7339341.077350 1.000000
7337467.623484 7337467.623484 1.000000
7334518.564317 7334518.564317 1.000000
7333008.959578 7333008.959578 1.000000
7329003.698052 7329003.698052 1.000000
7327050.973850 7327050.973850 1.000000
7326610.539485 7326610.539485 1.000000
7325174.366398 7325174.366398 1.000000
7324069.078690 7324069.078690 1.000000
7320364.467141 7320364.467141 1.000000
7320261.388991 7320261.388991 1.000000
7316938.655248 7316938.655248 1.000000
7315554.654764 7315554.654764 1.000000
7309613.860125 7309613.860125 1.000000
7304607.395481 7304607.395481 1.000000
7301631.130656 7301631.130656 1.000000
7300579.947646 7300579.947646 1.000000
7299141.560497 7299141.560497 1.000000
7297179.055838 7297179.055838 1.000000
7297646.837188 7297646.837188 1.000000
7297863.254967 7297863.254967 1.000000
7288274.280458 7288274.280458 1.000000
7289060.378033 7289060.378033 1.000000
7289079.620534 7289079.620534 1.000000
7289111.541568 7289111.541568 1.000000
7288157.542169 7288157.542169 1.000000
7287945.559407 7287945.559407 1.000000
7285330.154291 7285330.154291 1.000000
7284668.954833 7284668.954833 1.000000
7283146.656769 7283146.656769 1.000000
7282974.201029 7282974.201029 1.000000
7282076.417479 7282076.417479 1.000000
7282079.338214 7282079.338214 1.000000
7282068.685691 7282068.685691 1.000000
7280275.353337 7280275.353337 1.000000
7279220.858522 7279220.858522 1.000000
7278784.741011 7278784.741011 1.000000
7278787.373365 7278787.373365 1.000000
7278818.119473 7278818.119473 1.000000
7277091.143587 7277091.143587 1.000000
7274122.202628 7274122.202628 1.000000
7274147.129898 7274147.129898 1.000000
7270892.121330 7270892.121330 1.000000
7270899.029961 7270899.029961 1.000000
7270443.228166 7270443.228166 1.000000
7270041.723725 7270041.723725 1.000000
7266511.942152 7266511.942152 1.000000
7266607.915505 7266607.915505 1.000000
7264112.146292 7264112.146292 1.000000
7262152.596635 7262152.596635 1.000000
7260347.322682 7260347.322682 1.000000
7258770.444997 7258770.444997 1.000000
7257398.888022 7257398.888022 1.000000
7255659.311410 7255659.311410 1.000000
7254380.087570 7254380.087570 1.000000
7254258.048321 7254258.048321 1.000000
7254302.300384 7254302.300384 1.000000
7253024.449366 7253024.449366 1.000000
7259224.296525 7259224.296525 1.000000
7259356.459292 7259356.459292 1.000000
7258999.108888 7258999.108888 1.000000
7258447.601566 7258447.601566 1.000000
7258052.773711 7258052.773711 1.000000
7256866.674785 7256866.674785 1.000000
7256887.946788 7256887.946788 1.000000
7255882.169352 7255882.169352 1.000000
7255951.942965 7255951.942965 1.000000
7255667.850852 7255667.850852 1.000000
7255691.926803 7255691.926803 1.000000
7255053.497814 7255053.497814 1.000000
7252883.664707 7252883.664707 1.000000
7252933.918262 7252933.918262 1.000000
7253104.857142 7253104.857142 1.000000
7251340.142245 7251340.142245 1.000000
7249142.955754 7249142.955754 1.000000
7249656.456888 7249656.456888 1.000000
7249987.212172 7249987.212172 1.000000
7246914.894276 7246914.894276 1.000000
7247073.860183 7247073.860183 1.000000
7246760.118193 7246760.118193 1.000000
7245614.863473 7245614.863473 1.000000
7238160.240561 7238160.240561 1.000000
7238469.407752 7238469.407752 1.000000
7239005.800799 7239005.800799 1.000000
7239231.133002 7239231.133002 1.000000
7238389.707421 7238389.707421 1.000000
7239328.750486 7239328.750486 1.000000
7239375.702005 7239375.702005 1.000000
7239837.231235 7239837.231235 1.000000
7235547.657234 7235547.657234 1.000000
7235309.072864 7235309.072864 1.000000
7229838.203269 7229838.203269 1.000000
7222621.933572 7222621.933572 1.000000
7258537.672458 7258537.672458 1.000000
7257409.018073 7257409.018073 1.000000
7257091.313883 7257091.313883 1.000000
7257104.462629 7257104.462629 1.000000
7257220.938455 7257220.938455 1.000000
7257143.875043 7257143.875043 1.000000
7257245.056601 7257245.056601 1.000000
7257542.392897 7257542.392897 1.000000
7250992.957233 7250992.957233 1.000000
7242806.972036 7242806.972036 1.000000
7241233.396661 7241233.396661 1.000000
7241768.917200 7241768.917200 1.000000
7242338.268337 7242338.268337 1.000000
7259667.116587 7259667.116587 1.000000
7259579.123884 7259579.123884 1.000000
7259263.908248 7259263.908248 1.000000
7258780.858202 7258780.858202 1.000000
7258285.333123 7258285.333123 1.000000
7258106.452278 7258106.452278 1.000000
7257207.967021 7257207.967021 1.000000
7256603.004282 7256603.004282 1.000000
7256629.875430 7256629.875430 1.000000
7256649.042209 7256649.042209 1.000000
7256678.218420 7256678.218420 1.000000
7255811.024921 7255811.024921 1.000000
7255737.666337 7255737.666337 1.000000
7255162.569686 7255162.569686 1.000000
7254926.995312 7254926.995312 1.000000
7254755.679972 7254755.679972 1.000000
7254782.586340 7254782.586340 1.000000
7254856.618312 7254856.618312 1.000000
7255074.815988 7255074.815988 1.000000
7255387.149184 7255387.149184 1.000000
7252679.711774 7252679.711774 1.000000
7250706.986525 7250706.986525 1.000000
7242923.674708 7242923.674708 1.000000
7243695.124811 7243695.124811 1.000000
7242709.388956 7242709.388956 1.000000
7235926.930809 7235926.930809 1.000000
7236423.376968 7236423.376968 1.000000
7235208.266136 7235208.266136 1.000000
7235318.412992 7235318.412992 1.000000
7235780.437607 7235780.437607 1.000000
7235106.437468 7235106.437468 1.000000
7235202.550796 7235202.550796 1.000000
7235340.483011 7235340.483011 1.000000
7234717.647855 7234717.647855 1.000000
7234797.167185 7234797.167185 1.000000
7234808.370739 7234808.370739 1.000000
7234950.750925 7234950.750925 1.000000
7235162.204905 7235162.204905 1.000000
7235534.746303 7235534.746303 1.000000
7235709.542232 7235709.542232 1.000000
7235803.561938 7235803.561938 1.000000
7236035.813557 7236035.813557 1.000000
7236031.189410 7236031.189410 1.000000
7233018.356175 7233018.356175 1.000000
7233046.927891 7233046.927891 1.000000
7232763.580074 7232763.580074 1.000000
7232147.759067 7232147.759067 1.000000
7232164.313537 7232164.313537 1.000000
7230982.802430 7230982.802430 1.000000
7230956.812786 7230956.812786 1.000000
7229206.771507 7229206.771507 1.000000
7226195.934865 7226195.934865 1.000000
7226266.364413 7226266.364413 1.000000
7226554.846069 7226554.846069 1.000000
7227419.013468 7227419.013468 1.000000
7216659.211758 7216659.211758 1.000000
7213515.123155 7213515.123155 1.000000
7213902.577126 7213902.577126 1.000000
7214211.058543 7214211.058543 1.000000
7214028.393054 7214028.393054 1.000000
7213768.686034 7213768.686034 1.000000
7213947.563198 7213947.563198 1.000000
7213895.282224 7213895.282224 1.000000
7213979.816685 7213979.816685 1.000000
7213881.663529 7213881.663529 1.000000
7213370.039111 7213370.039111 1.000000
7213013.294039 7213013.294039 1.000000
7212227.316368 7212227.316368 1.000000
7210754.466586 7210754.466586 1.000000
7210884.052875 7210884.052875 1.000000
7211134.959139 7211134.959139 1.000000
7211139.634145 7211139.634145 1.000000
7210985.273991 7210985.273991 1.000000
7208837.538007 7208837.538007 1.000000
7205681.097445 7205681.097445 1.000000
7206642.659603 7206642.659603 1.000000
7207187.862371 7207187.862371 1.000000
7200060.188329 7200060.188329 1.000000
7200911.070676 7200911.070676 1.000000
7199150.298220 7199150.298220 1.000000
7199668.394931 7199668.394931 1.000000
7200557.687339 7200557.687339 1.000000
7198906.219398 7198906.219398 1.000000
7199420.578986 7199420.578986 1.000000
7199328.422849 7199328.422849 1.000000
7199589.099846 7199589.099846 1.000000
7198274.369390 7198274.369390 1.000000
7198472.269592 7198472.269592 1.000000
7261020.973246 7261020.973246 1.000000
7262238.947298 7262238.947298 1.000000
7263288.346097 7263288.346097 1.000000
7249908.815724 7249908.815724 1.000000
7251023.316194 7251023.316194 1.000000
7201010.381626 7201010.381626 1.000000
7211496.151908 7211496.151908 1.000000
7211569.155879 7211569.155879 1.000000
7150059.127689 7150059.127689 1.000000
7087319.550790 7087319.550790 1.000000
7091169.938781 7091169.938781 1.000000
7055644.592574 7055644.592574 1.000000
6885978.259142 6885978.259142 1.000000
6675797.651057 6675797.651057 1.000000
6601126.630423 6601126.630423 1.000000
6557300.827146 6557300.827146 1.000000
6550296.759315 6550296.759315 1.000000
6529766.273207 6529766.273207 1.000000
6518491.318103 6518491.318103 1.000000
6514820.923464 6514820.923464 1.000000
6513455.819202 6513455.819202 1.000000
6510182.885787 6510182.885787 1.000000
6498930.822411 6498930.822411 1.000000
6489452.618988 6489452.618988 1.000000
6489568.790812 6489568.790812 1.000000
7259883.027408 7259883.027408 1.000000
7259378.305793 7259378.305793 1.000000
7259328.119026 7259328.119026 1.000000
7259345.971570 7259345.971570 1.000000
7259144.690370 7259144.690370 1.000000
7258390.305357 7258390.305357 1.000000
7258269.940267 7258269.940267 1.000000
7257516.960678 7257516.960678 1.000000
7257372.498649 7257372.498649 1.000000
7256964.150806 7256964.150806 1.000000
7256967.148422 7256967.148422 1.000000
7255785.747735 7255785.747735 1.000000
7255804.329998 7255804.329998 1.000000
7255821.331176 7255821.331176 1.000000
7255624.973088 7255624.973088 1.000000
7255645.301889 7255645.301889 1.000000
7255256.817981 7255256.817981 1.000000
7255280.173537 7255280.173537 1.000000
7254880.525657 7254880.525657 1.000000
7254485.906717 7254485.906717 1.000000
7254026.155936 7254026.155936 1.000000
7254039.667052 7254039.667052 1.000000
7253985.573992 7253985.573992 1.000000
7253782.808001 7253782.808001 1.000000
7253772.462050 7253772.462050 1.000000
7253786.404070 7253786.404070 1.000000
7253705.407842 7253705.407842 1.000000
7253725.189426 7253725.189426 1.000000
7253758.206393 7253758.206393 1.000000
7253642.706439 7253642.706439 1.000000
7253530.572165 7253530.572165 1.000000
7253541.906419 7253541.906419 1.000000
7253528.320713 7253528.320713 1.000000
7253013.603654 7253013.603654 1.000000
7253069.968420 7253069.968420 1.000000
7252858.709545 7252858.709545 1.000000
7252923.037590 7252923.037590 1.000000
7252895.832253 7252895.832253 1.000000
7252421.782177 7252421.782177 1.000000
7252201.265479 7252201.265479 1.000000
7251913.431269 7251913.431269 1.000000
7251915.173491 7251915.173491 1.000000
7251438.864247 7251438.864247 1.000000
7251258.785701 7251258.785701 1.000000
7251259.601798 7251259.601798 1.000000
7251111.678400 7251111.678400 1.000000
7251125.506619 7251125.506619 1.000000
7250876.864018 7250876.864018 1.000000
7250880.827786 7250880.827786 1.000000
7250897.127379 7250897.127379 1.000000
7250928.127194 7250928.127194 1.000000
7250801.703261 7250801.703261 1.000000
7250833.096214 7250833.096214 1.000000
7250846.559999 7250846.559999 1.000000
7250528.005577 7250528.005577 1.000000
7250538.300860 7250538.300860 1.000000
7250224.402413 7250224.402413 1.000000
7250361.092394 7250361.092394 1.000000
7250541.177287 7250541.177287 1.000000
7250279.329247 7250279.329247 1.000000
7250297.610692 7250297.610692 1.000000
7250309.768213 7250309.768213 1.000000
7249095.714230 7249095.714230 1.000000
7249674.771633 7249674.771633 1.000000
7249756.717351 7249756.717351 1.000000
7249629.166909 7249629.166909 1.000000
7249126.408774 7249126.408774 1.000000
7249128.190130 7249128.190130 1.000000
7248471.435754 7248471.435754 1.000000
7248535.822055 7248535.822055 1.000000
7248671.562292 7248671.562292 1.000000
7248900.829602 7248900.829602 1.000000
7248948.242760 7248948.242760 1.000000
7249012.541604 7249012.541604 1.000000
7249058.203009 7249058.203009 1.000000
7249148.159935 7249148.159935 1.000000
7249117.114501 7249117.114501 1.000000
7248747.778819 7248747.778819 1.000000
7248933.846174 7248933.846174 1.000000
7249017.885971 7249017.885971 1.000000
7249002.805248 7249002.805248 1.000000
7249091.698202 7249091.698202 1.000000
7249128.013799 7249128.013799 1.000000
7249184.478763 7249184.478763 1.000000
7249254.311530 7249254.311530 1.000000
7249287.149722 7249287.149722 1.000000
7249343.840933 7249343.840933 1.000000
7249154.080754 7249154.080754 1.000000
7249114.140066 7249114.140066 1.000000
7249199.660768 7249199.660768 1.000000
7249343.234650 7249343.234650 1.000000
7249359.525812 7249359.525812 1.000000
7249463.301298 7249463.301298 1.000000
7249605.505678 7249605.505678 1.000000
7249684.168135 7249684.168135 1.000000
7249617.057734 7249617.057734 1.000000
7249708.465704 7249708.465704 1.000000
7249750.209236 7249750.209236 1.000000
7249833.989086 7249833.989086 1.000000
7249683.803596 7249683.803596 1.000000
7249880.776128 7249880.776128 1.000000
7249248.078032 7249248.078032 1.000000
7249328.779360 7249328.779360 1.000000
7249352.573612 7249352.573612 1.000000
7249211.691812 7249211.691812 1.000000
7249218.946651 7249218.946651 1.000000
7249216.556508 7249216.556508 1.000000
7249271.140878 7249271.140878 1.000000
7249316.995052 7249316.995052 1.000000
7249256.439761 7249256.439761 1.000000
7249302.309140 7249302.309140 1.000000
7249709.738330 7249709.738330 1.000000
