7229976.094601 7229976.094601 1.000000
7229951.640879 7229951.640879 1.000000
7230051.823093 7230051.823093 1.000000
7230088.714353 7230088.714353 1.000000
7230053.729865 7230053.729865 1.000000
7230031.102410 7230031.102410 1.000000
7229905.366026 7229905.366026 1.000000
7229981.655732 7229981.655732 1.000000
7229925.783384 7229925.783384 1.000000
7229837.558432 7229837.558432 1.000000
7229604.877928 7229604.877928 1.000000
7229498.394157 7229498.394157 1.000000
7229366.910073 7229366.910073 1.000000
7229224.913209 7229224.913209 1.000000
7229172.753943 7229172.753943 1.000000
7229060.809093 7229060.809093 1.000000
7229574.268428 7229574.268428 1.000000
7229720.565727 7229720.565727 1.000000
7228902.180269 7228902.180269 1.000000
7223847.489290 7223847.489290 1.000000
7223817.335575 7223817.335575 1.000000
7223766.576702 7223766.576702 1.000000
7223701.758771 7223701.758771 1.000000
7223866.811499 7223866.811499 1.000000
7223719.478170 7223719.478170 1.000000
7223829.808172 7223829.808172 1.000000
7223725.388629 7223725.388629 1.000000
7223701.917024 7223701.917024 1.000000
7223569.832996 7223569.832996 1.000000
7223461.692629 7223461.692629 1.000000
7223398.036860 7223398.036860 1.000000
7223459.037787 7223459.037787 1.000000
7223347.931067 7223347.931067 1.000000
7223229.668078 7223229.668078 1.000000
7223424.843271 7223424.843271 1.000000
7223310.164488 7223310.164488 1.000000
7223252.924019 7223252.924019 1.000000
7223406.331391 7223406.331391 1.000000
7223327.954045 7223327.954045 1.000000
7223381.824147 7223381.824147 1.000000
7223327.679625 7223327.679625 1.000000
7223304.344976 7223304.344976 1.000000
7223686.766630 7223686.766630 1.000000
7223847.340510 7223847.340510 1.000000
7223881.593037 7223881.593037 1.000000
7223748.436796 7223748.436796 1.000000
7223769.122756 7223769.122756 1.000000
7223610.207299 7223610.207299 1.000000
7223455.922624 7223455.922624 1.000000
7223738.412304 7223738.412304 1.000000
7223556.118793 7223556.118793 1.000000
7223446.013556 7223446.013556 1.000000
7223630.103616 7223630.103616 1.000000
7223815.448519 7223815.448519 1.000000
7223845.802508 7223845.802508 1.000000
7223791.217085 7223791.217085 1.000000
7223740.242772 7223740.242772 1.000000
7223707.006406 7223707.006406 1.000000
7223776.613350 7223776.613350 1.000000
7223871.767173 7223871.767173 1.000000
7223974.621916 7223974.621916 1.000000
7224048.872570 7224048.872570 1.000000
7224107.498050 7224107.498050 1.000000
7224168.307510 7224168.307510 1.000000
7224217.319165 7224217.319165 1.000000
7224271.314040 7224271.314040 1.000000
7224208.225263 7224208.225263 1.000000
7224149.053617 7224149.053617 1.000000
7224060.081134 7224060.081134 1.000000
7224224.059604 7224224.059604 1.000000
7224248.147810 7224248.147810 1.000000
7224185.641674 7224185.641674 1.000000
7224215.644471 7224215.644471 1.000000
7224263.780931 7224263.780931 1.000000
7224296.440804 7224296.440804 1.000000
7224246.250360 7224246.250360 1.000000
7224096.967079 7224096.967079 1.000000
7224058.661144 7224058.661144 1.000000
7223934.879717 7223934.879717 1.000000
7223813.703253 7223813.703253 1.000000
7223507.838398 7223507.838398 1.000000
7223465.449245 7223465.449245 1.000000
7223311.157361 7223311.157361 1.000000
7223261.028952 7223261.028952 1.000000
7223159.228974 7223159.228974 1.000000
7223194.647949 7223194.647949 1.000000
7223307.772389 7223307.772389 1.000000
7223363.239479 7223363.239479 1.000000
7223253.101236 7223253.101236 1.000000
7223148.215159 7223148.215159 1.000000
7223022.847534 7223022.847534 1.000000
7222913.646788 7222913.646788 1.000000
7223102.124039 7223102.124039 1.000000
7222913.346271 7222913.346271 1.000000
7222959.139808 7222959.139808 1.000000
7222915.668706 7222915.668706 1.000000
7222861.225616 7222861.225616 1.000000
7222906.124604 7222906.124604 1.000000
7222877.693120 7222877.693120 1.000000
7222829.768015 7222829.768015 1.000000
7222660.372826 7222660.372826 1.000000
7222724.244280 7222724.244280 1.000000
7222763.269692 7222763.269692 1.000000
7222798.758474 7222798.758474 1.000000
7222991.794411 7222991.794411 1.000000
7222881.479885 7222881.479885 1.000000
7222738.288600 7222738.288600 1.000000
7222708.898515 7222708.898515 1.000000
7222685.951263 7222685.951263 1.000000
7222651.418166 7222651.418166 1.000000
7222501.952321 7222501.952321 1.000000
7222542.750717 7222542.750717 1.000000
7222500.068583 7222500.068583 1.000000
7222574.942064 7222574.942064 1.000000
7222549.975882 7222549.975882 1.000000
7222439.033542 7222439.033542 1.000000
7222278.277445 7222278.277445 1.000000
7222423.646612 7222423.646612 1.000000
7222327.976466 7222327.976466 1.000000
7222138.286561 7222138.286561 1.000000
7222045.707901 7222045.707901 1.000000
7222022.749460 7222022.749460 1.000000
7222109.864682 7222109.864682 1.000000
7222075.084020 7222075.084020 1.000000
7221975.726116 7221975.726116 1.000000
7221845.869223 7221845.869223 1.000000
7221907.530225 7221907.530225 1.000000
7221952.101197 7221952.101197 1.000000
7222037.919901 7222037.919901 1.000000
7222067.268841 7222067.268841 1.000000
7222014.297508 7222014.297508 1.000000
7221851.558070 7221851.558070 1.000000
7221713.544628 7221713.544628 1.000000
7221607.998548 7221607.998548 1.000000
7221643.876218 7221643.876218 1.000000
7221798.443883 7221798.443883 1.000000
7221980.394768 7221980.394768 1.000000
7221940.329361 7221940.329361 1.000000
7222136.141569 7222136.141569 1.000000
7222087.334115 7222087.334115 1.000000
7222138.980984 7222138.980984 1.000000
7222032.485929 7222032.485929 1.000000
7221973.035650 7221973.035650 1.000000
7221837.780024 7221837.780024 1.000000
7221885.180221 7221885.180221 1.000000
7221843.837386 7221843.837386 1.000000
7221820.189753 7221820.189753 1.000000
7221635.564495 7221635.564495 1.000000
7221524.320619 7221524.320619 1.000000
7221377.802561 7221377.802561 1.000000
7221357.228965 7221357.228965 1.000000
7221160.034275 7221160.034275 1.000000
7221026.713465 7221026.713465 1.000000
7221004.886579 7221004.886579 1.000000
7220979.243011 7220979.243011 1.000000
7220876.730548 7220876.730548 1.000000
7220746.434844 7220746.434844 1.000000
7220639.530364 7220639.530364 1.000000
7220538.652626 7220538.652626 1.000000
7220428.180420 7220428.180420 1.000000
7220394.744561 7220394.744561 1.000000
7220361.796215 7220361.796215 1.000000
7220172.512657 7220172.512657 1.000000
7220118.810862 7220118.810862 1.000000
7220065.527650 7220065.527650 1.000000
7220127.603241 7220127.603241 1.000000
7220149.083399 7220149.083399 1.000000
7220171.430788 7220171.430788 1.000000
7220194.816587 7220194.816587 1.000000
7220167.633182 7220167.633182 1.000000
7220125.132717 7220125.132717 1.000000
7220012.309605 7220012.309605 1.000000
7220033.064234 7220033.064234 1.000000
7220173.947764 7220173.947764 1.000000
7220364.762030 7220364.762030 1.000000
7220252.033220 7220252.033220 1.000000
7220353.392810 7220353.392810 1.000000
7220318.314058 7220318.314058 1.000000
7220291.094741 7220291.094741 1.000000
7220265.282017 7220265.282017 1.000000
7220222.779655 7220222.779655 1.000000
7220024.024171 7220024.024171 1.000000
7219882.487613 7219882.487613 1.000000
7219969.746529 7219969.746529 1.000000
7219935.107274 7219935.107274 1.000000
7219900.394093 7219900.394093 1.000000
7219850.976642 7219850.976642 1.000000
7219720.061734 7219720.061734 1.000000
7219825.248955 7219825.248955 1.000000
7219989.665020 7219989.665020 1.000000
7219940.946592 7219940.946592 1.000000
7219816.028596 7219816.028596 1.000000
7219795.108992 7219795.108992 1.000000
7219857.022689 7219857.022689 1.000000
7219834.526365 7219834.526365 1.000000
7219709.193471 7219709.193471 1.000000
7219572.612743 7219572.612743 1.000000
7219607.302239 7219607.302239 1.000000
7219783.894943 7219783.894943 1.000000
7219621.527258 7219621.527258 1.000000
7219482.368185 7219482.368185 1.000000
7219375.181464 7219375.181464 1.000000
7219229.810937 7219229.810937 1.000000
7219260.241516 7219260.241516 1.000000
7219285.079909 7219285.079909 1.000000
7219430.526278 7219430.526278 1.000000
7219387.444686 7219387.444686 1.000000
7219414.827884 7219414.827884 1.000000
7219325.142505 7219325.142505 1.000000
7219203.020884 7219203.020884 1.000000
7219070.657850 7219070.657850 1.000000
7218981.704445 7218981.704445 1.000000
7219029.989301 7219029.989301 1.000000
7219095.303488 7219095.303488 1.000000
7219170.136928 7219170.136928 1.000000
7219256.246378 7219256.246378 1.000000
7219168.918328 7219168.918328 1.000000
7219131.949419 7219131.949419 1.000000
7219061.421950 7219061.421950 1.000000
7219088.053852 7219088.053852 1.000000
7219143.520226 7219143.520226 1.000000
7219083.073513 7219083.073513 1.000000
7219048.302830 7219048.302830 1.000000
7219015.482698 7219015.482698 1.000000
7218845.249492 7218845.249492 1.000000
7218716.306066 7218716.306066 1.000000
7217787.224669 7217787.224669 1.000000
7217655.077563 7217655.077563 1.000000
7217504.529470 7217504.529470 1.000000
7217634.223038 7217634.223038 1.000000
7216938.340584 7216938.340584 1.000000
7216914.569264 7216914.569264 1.000000
7216885.052963 7216885.052963 1.000000
7216855.316485 7216855.316485 1.000000
7216788.451259 7216788.451259 1.000000
7216853.572976 7216853.572976 1.000000
7216952.822629 7216952.822629 1.000000
7216802.286698 7216802.286698 1.000000
7216767.701703 7216767.701703 1.000000
7216712.626164 7216712.626164 1.000000
7216761.572042 7216761.572042 1.000000
7216660.235234 7216660.235234 1.000000
7216710.555124 7216710.555124 1.000000
7216617.384757 7216617.384757 1.000000
7216651.155769 7216651.155769 1.000000
7216569.040853 7216569.040853 1.000000
7216467.266201 7216467.266201 1.000000
7216490.037724 7216490.037724 1.000000
7216435.314531 7216435.314531 1.000000
7216402.016399 7216402.016399 1.000000
7216480.354111 7216480.354111 1.000000
7216561.727322 7216561.727322 1.000000
7216630.222307 7216630.222307 1.000000
7216652.124815 7216652.124815 1.000000
7216544.647193 7216544.647193 1.000000
7216454.319426 7216454.319426 1.000000
7216493.141116 7216493.141116 1.000000
7216516.335658 7216516.335658 1.000000
7216105.930124 7216105.930124 1.000000
7215247.478738 7215247.478738 1.000000
7215220.442595 7215220.442595 1.000000
7215109.398325 7215109.398325 1.000000
7214955.900727 7214955.900727 1.000000
7214804.015641 7214804.015641 1.000000
7214858.405264 7214858.405264 1.000000
7214775.580887 7214775.580887 1.000000
7214652.713354 7214652.713354 1.000000
7214604.128111 7214604.128111 1.000000
7214502.672309 7214502.672309 1.000000
7214478.696989 7214478.696989 1.000000
7214453.861408 7214453.861408 1.000000
7214421.999051 7214421.999051 1.000000
7214339.270548 7214339.270548 1.000000
7214234.676245 7214234.676245 1.000000
7214135.577908 7214135.577908 1.000000
7223943.212185 7223943.212185 1.000000
7223758.335385 7223758.335385 1.000000
7223679.358290 7223679.358290 1.000000
7223712.475573 7223712.475573 1.000000
7223681.315776 7223681.315776 1.000000
7223542.269099 7223542.269099 1.000000
7223493.063177 7223493.063177 1.000000
7223465.858550 7223465.858550 1.000000
7223441.576207 7223441.576207 1.000000
7223499.514228 7223499.514228 1.000000
7223319.888695 7223319.888695 1.000000
7223188.677318 7223188.677318 1.000000
7223046.296652 7223046.296652 1.000000
7222959.035859 7222959.035859 1.000000
7222780.911683 7222780.911683 1.000000
7222734.691581 7222734.691581 1.000000
7222800.805263 7222800.805263 1.000000
7222757.236376 7222757.236376 1.000000
7222622.769311 7222622.769311 1.000000
7222597.436792 7222597.436792 1.000000
7222463.177058 7222463.177058 1.000000
7222308.609221 7222308.609221 1.000000
7222142.779148 7222142.779148 1.000000
7222013.807686 7222013.807686 1.000000
7221989.495753 7221989.495753 1.000000
7221967.708002 7221967.708002 1.000000
7221943.669426 7221943.669426 1.000000
7221769.242013 7221769.242013 1.000000
7221029.497896 7221029.497896 1.000000
7220922.603489 7220922.603489 1.000000
7220900.843794 7220900.843794 1.000000
7220451.563473 7220451.563473 1.000000
7220428.252409 7220428.252409 1.000000
7220355.969252 7220355.969252 1.000000
7209946.249745 7209946.249745 1.000000
7209018.248421 7209018.248421 1.000000
7208995.120570 7208995.120570 1.000000
7208946.284033 7208946.284033 1.000000
7199950.738969 7199950.738969 1.000000
7199854.321875 7199854.321875 1.000000
7199936.673025 7199936.673025 1.000000
7199881.234733 7199881.234733 1.000000
7199837.859494 7199837.859494 1.000000
7199868.672039 7199868.672039 1.000000
7199841.115390 7199841.115390 1.000000
7199682.620530 7199682.620530 1.000000
7199659.041370 7199659.041370 1.000000
7199481.236770 7199481.236770 1.000000
7199990.781147 7199990.781147 1.000000
7200121.431609 7200121.431609 1.000000
7200101.285707 7200101.285707 1.000000
7219892.323128 7219892.323128 1.000000
7225142.989417 7225142.989417 1.000000
7225074.442588 7225074.442588 1.000000
7225048.807090 7225048.807090 1.000000
7224961.085625 7224961.085625 1.000000
7224879.538448 7224879.538448 1.000000
7224045.376771 7224045.376771 1.000000
7224012.939882 7224012.939882 1.000000
7223986.417726 7223986.417726 1.000000
7223729.398709 7223729.398709 1.000000
7223705.977630 7223705.977630 1.000000
7223675.520053 7223675.520053 1.000000
7223642.410743 7223642.410743 1.000000
7223692.504468 7223692.504468 1.000000
7223561.136476 7223561.136476 1.000000
7223503.286465 7223503.286465 1.000000
7223587.504524 7223587.504524 1.000000
7223433.302697 7223433.302697 1.000000
7223312.235570 7223312.235570 1.000000
7223155.882374 7223155.882374 1.000000
7223016.589630 7223016.589630 1.000000
7223070.511665 7223070.511665 1.000000
7222942.415639 7222942.415639 1.000000
7222782.057451 7222782.057451 1.000000
7222857.665372 7222857.665372 1.000000
7222673.847203 7222673.847203 1.000000
7222772.148711 7222772.148711 1.000000
7222740.791064 7222740.791064 1.000000
7222719.306365 7222719.306365 1.000000
7222751.665437 7222751.665437 1.000000
7222670.239673 7222670.239673 1.000000
7222615.273790 7222615.273790 1.000000
7222485.915775 7222485.915775 1.000000
7222417.559213 7222417.559213 1.000000
7222439.679547 7222439.679547 1.000000
7222418.427915 7222418.427915 1.000000
7222290.074084 7222290.074084 1.000000
7222133.021425 7222133.021425 1.000000
7221994.373213 7221994.373213 1.000000
7221878.959156 7221878.959156 1.000000
7221688.215343 7221688.215343 1.000000
7221516.898678 7221516.898678 1.000000
7221386.791955 7221386.791955 1.000000
7221262.065428 7221262.065428 1.000000
7221227.932072 7221227.932072 1.000000
7221123.583300 7221123.583300 1.000000
7221103.103637 7221103.103637 1.000000
7220971.217329 7220971.217329 1.000000
7221031.215706 7221031.215706 1.000000
7220894.003636 7220894.003636 1.000000
7221057.075862 7221057.075862 1.000000
7221218.044110 7221218.044110 1.000000
7221123.755739 7221123.755739 1.000000
7221082.544908 7221082.544908 1.000000
7220995.433738 7220995.433738 1.000000
7220820.957826 7220820.957826 1.000000
7220800.084699 7220800.084699 1.000000
7220634.808889 7220634.808889 1.000000
7220534.375510 7220534.375510 1.000000
7220573.518457 7220573.518457 1.000000
7220433.136856 7220433.136856 1.000000
7220384.270289 7220384.270289 1.000000
7220356.172675 7220356.172675 1.000000
7220282.878349 7220282.878349 1.000000
7220147.850795 7220147.850795 1.000000
7220112.302926 7220112.302926 1.000000
7220202.516377 7220202.516377 1.000000
7220091.730411 7220091.730411 1.000000
7219986.985646 7219986.985646 1.000000
7219860.979928 7219860.979928 1.000000
7219838.314682 7219838.314682 1.000000
7219728.626136 7219728.626136 1.000000
7219615.554371 7219615.554371 1.000000
7219496.194109 7219496.194109 1.000000
7219384.242852 7219384.242852 1.000000
7219226.278528 7219226.278528 1.000000
7219114.565768 7219114.565768 1.000000
7219002.435035 7219002.435035 1.000000
7150069.773835 7150069.773835 1.000000
7150231.974334 7150231.974334 1.000000
7150094.241254 7150094.241254 1.000000
7150150.838047 7150150.838047 1.000000
7150042.821985 7150042.821985 1.000000
7150065.539464 7150065.539464 1.000000
7150089.873119 7150089.873119 1.000000
7150114.220411 7150114.220411 1.000000
7150214.350785 7150214.350785 1.000000
7150385.551393 7150385.551393 1.000000
7150491.537776 7150491.537776 1.000000
7150672.180275 7150672.180275 1.000000
7150823.994760 7150823.994760 1.000000
7150950.145054 7150950.145054 1.000000
7151122.716901 7151122.716901 1.000000
7151149.999318 7151149.999318 1.000000
7151258.926336 7151258.926336 1.000000
7151381.449058 7151381.449058 1.000000
7151409.725041 7151409.725041 1.000000
7151437.161168 7151437.161168 1.000000
7151546.244805 7151546.244805 1.000000
7151786.101230 7151786.101230 1.000000
7151914.876812 7151914.876812 1.000000
7152028.242849 7152028.242849 1.000000
7152007.842512 7152007.842512 1.000000
7151963.534107 7151963.534107 1.000000
7152042.520870 7152042.520870 1.000000
7199958.665954 7199958.665954 1.000000
7200076.127892 7200076.127892 1.000000
7199942.616298 7199942.616298 1.000000
7200028.476180 7200028.476180 1.000000
7199980.467695 7199980.467695 1.000000
7200112.739598 7200112.739598 1.000000
7200081.694973 7200081.694973 1.000000
7200057.140094 7200057.140094 1.000000
7199935.228032 7199935.228032 1.000000
7199972.477635 7199972.477635 1.000000
7200052.765430 7200052.765430 1.000000
7200028.848387 7200028.848387 1.000000
7199150.689706 7199150.689706 1.000000
7199021.492375 7199021.492375 1.000000
7198877.286412 7198877.286412 1.000000
7198926.912272 7198926.912272 1.000000
7199066.967903 7199066.967903 1.000000
7199111.853942 7199111.853942 1.000000
7199086.301103 7199086.301103 1.000000
7199152.645411 7199152.645411 1.000000
7199128.858501 7199128.858501 1.000000
7199278.961684 7199278.961684 1.000000
7199202.435531 7199202.435531 1.000000
7199255.299328 7199255.299328 1.000000
7199428.637908 7199428.637908 1.000000
7199555.950228 7199555.950228 1.000000
7199720.000894 7199720.000894 1.000000
7199835.268739 7199835.268739 1.000000
7199812.900033 7199812.900033 1.000000
7199669.183010 7199669.183010 1.000000
7200259.934094 7200259.934094 1.000000
7200667.688398 7200667.688398 1.000000
7200764.107244 7200764.107244 1.000000
7200843.163744 7200843.163744 1.000000
7200711.862943 7200711.862943 1.000000
7200369.699308 7200369.699308 1.000000
7200419.285393 7200419.285393 1.000000
7200759.010749 7200759.010749 1.000000
7200678.414493 7200678.414493 1.000000
7200537.260955 7200537.260955 1.000000
7200448.410966 7200448.410966 1.000000
7200932.036461 7200932.036461 1.000000
7201032.476068 7201032.476068 1.000000
7200977.924465 7200977.924465 1.000000
7200824.571830 7200824.571830 1.000000
7201012.663119 7201012.663119 1.000000
7200731.145649 7200731.145649 1.000000
7199867.881522 7199867.881522 1.000000
7199985.222230 7199985.222230 1.000000
7199951.838984 7199951.838984 1.000000
7199994.972706 7199994.972706 1.000000
7199912.067398 7199912.067398 1.000000
7200042.094940 7200042.094940 1.000000
7199961.718847 7199961.718847 1.000000
7199917.091543 7199917.091543 1.000000
7200031.132366 7200031.132366 1.000000
7200087.512881 7200087.512881 1.000000
7200010.973473 7200010.973473 1.000000
7199925.813220 7199925.813220 1.000000
7199854.958975 7199854.958975 1.000000
7199762.271943 7199762.271943 1.000000
7199847.366270 7199847.366270 1.000000
7199967.236733 7199967.236733 1.000000
7199772.894531 7199772.894531 1.000000
7199619.525835 7199619.525835 1.000000
7199757.943885 7199757.943885 1.000000
7199584.891586 7199584.891586 1.000000
7199467.445995 7199467.445995 1.000000
7199689.549774 7199689.549774 1.000000
7199499.814515 7199499.814515 1.000000
7199562.808255 7199562.808255 1.000000
7199715.102573 7199715.102573 1.000000
7199503.965990 7199503.965990 1.000000
7199242.372087 7199242.372087 1.000000
7199311.916472 7199311.916472 1.000000
7199658.751387 7199658.751387 1.000000
7199855.579825 7199855.579825 1.000000
7199536.759474 7199536.759474 1.000000
7199063.631301 7199063.631301 1.000000
7198763.958076 7198763.958076 1.000000
7198593.446832 7198593.446832 1.000000
7197858.928267 7197858.928267 1.000000
7197925.227962 7197925.227962 1.000000
7197837.411582 7197837.411582 1.000000
7197691.186827 7197691.186827 1.000000
7197163.898730 7197163.898730 1.000000
7196909.993597 7196909.993597 1.000000
7197032.400270 7197032.400270 1.000000
7197184.943459 7197184.943459 1.000000
7196991.486723 7196991.486723 1.000000
7197167.689063 7197167.689063 1.000000
7197325.953003 7197325.953003 1.000000
7197008.239827 7197008.239827 1.000000
7197436.649984 7197436.649984 1.000000
7197354.443747 7197354.443747 1.000000
7197163.988874 7197163.988874 1.000000
7197467.847538 7197467.847538 1.000000
7197406.461760 7197406.461760 1.000000
7197001.006459 7197001.006459 1.000000
7196815.952880 7196815.952880 1.000000
7196984.780132 7196984.780132 1.000000
7197280.386915 7197280.386915 1.000000
7197404.412915 7197404.412915 1.000000
7197357.836687 7197357.836687 1.000000
7196890.734825 7196890.734825 1.000000
7196417.085391 7196417.085391 1.000000
7196214.536772 7196214.536772 1.000000
7196177.183531 7196177.183531 1.000000
7196366.222698 7196366.222698 1.000000
7196190.680772 7196190.680772 1.000000
7196088.159108 7196088.159108 1.000000
7196348.879789 7196348.879789 1.000000
7196012.909434 7196012.909434 1.000000
7195958.383703 7195958.383703 1.000000
7196121.768681 7196121.768681 1.000000
7195865.238632 7195865.238632 1.000000
7195923.106892 7195923.106892 1.000000
7196053.484549 7196053.484549 1.000000
7195832.744284 7195832.744284 1.000000
7195707.681224 7195707.681224 1.000000
7195917.733688 7195917.733688 1.000000
7196152.124408 7196152.124408 1.000000
7195994.777757 7195994.777757 1.000000
7195863.743971 7195863.743971 1.000000
7200080.765373 7200080.765373 1.000000
7200146.026708 7200146.026708 1.000000
7200244.821215 7200244.821215 1.000000
7200314.331049 7200314.331049 1.000000
7200202.437365 7200202.437365 1.000000
7200179.903254 7200179.903254 1.000000
7200257.486832 7200257.486832 1.000000
7200322.244645 7200322.244645 1.000000
7200378.443998 7200378.443998 1.000000
7200427.368539 7200427.368539 1.000000
7200275.126725 7200275.126725 1.000000
7200308.568436 7200308.568436 1.000000
7200239.538957 7200239.538957 1.000000
7200203.091696 7200203.091696 1.000000
7200240.947804 7200240.947804 1.000000
7200290.540563 7200290.540563 1.000000
7200356.590807 7200356.590807 1.000000
7200516.167832 7200516.167832 1.000000
7200462.036101 7200462.036101 1.000000
7200383.496262 7200383.496262 1.000000
7200517.473036 7200517.473036 1.000000
7200561.424841 7200561.424841 1.000000
7200532.865501 7200532.865501 1.000000
7200486.698189 7200486.698189 1.000000
7200569.031812 7200569.031812 1.000000
7200659.114568 7200659.114568 1.000000
7200800.050864 7200800.050864 1.000000
7200723.020934 7200723.020934 1.000000
7200655.448841 7200655.448841 1.000000
7200717.688557 7200717.688557 1.000000
7200655.678471 7200655.678471 1.000000
7200505.620836 7200505.620836 1.000000
7200462.293435 7200462.293435 1.000000
7200260.423247 7200260.423247 1.000000
7200313.988723 7200313.988723 1.000000
7200254.621565 7200254.621565 1.000000
7200219.282534 7200219.282534 1.000000
7200196.336916 7200196.336916 1.000000
7200224.178324 7200224.178324 1.000000
7200331.164394 7200331.164394 1.000000
7200434.397577 7200434.397577 1.000000
7200412.063934 7200412.063934 1.000000
7200471.315671 7200471.315671 1.000000
7200306.374813 7200306.374813 1.000000
7200466.353209 7200466.353209 1.000000
7200444.370837 7200444.370837 1.000000
7200532.929472 7200532.929472 1.000000
7200566.187566 7200566.187566 1.000000
7200432.227711 7200432.227711 1.000000
7200287.620361 7200287.620361 1.000000
7200334.812238 7200334.812238 1.000000
7200370.480168 7200370.480168 1.000000
7200402.392437 7200402.392437 1.000000
7200495.586326 7200495.586326 1.000000
7200391.051327 7200391.051327 1.000000
7200556.010416 7200556.010416 1.000000
7200732.676353 7200732.676353 1.000000
7200892.911237 7200892.911237 1.000000
7201049.496346 7201049.496346 1.000000
7201201.347861 7201201.347861 1.000000
7201312.233630 7201312.233630 1.000000
7201290.962506 7201290.962506 1.000000
7201177.511655 7201177.511655 1.000000
7201091.276715 7201091.276715 1.000000
7201008.371894 7201008.371894 1.000000
7200929.970455 7200929.970455 1.000000
7200792.696588 7200792.696588 1.000000
7200673.800761 7200673.800761 1.000000
7200578.638140 7200578.638140 1.000000
7200491.270310 7200491.270310 1.000000
7200419.042681 7200419.042681 1.000000
7200330.360361 7200330.360361 1.000000
7200142.353964 7200142.353964 1.000000
7200192.563542 7200192.563542 1.000000
7200295.919154 7200295.919154 1.000000
7200358.232654 7200358.232654 1.000000
7200309.033224 7200309.033224 1.000000
7200254.227330 7200254.227330 1.000000
7200097.907095 7200097.907095 1.000000
7199983.638667 7199983.638667 1.000000
7199828.005940 7199828.005940 1.000000
7199724.389378 7199724.389378 1.000000
7199840.944767 7199840.944767 1.000000
7199881.372670 7199881.372670 1.000000
7199950.420152 7199950.420152 1.000000
7200010.067759 7200010.067759 1.000000
7200042.879247 7200042.879247 1.000000
7200164.859091 7200164.859091 1.000000
7200004.904084 7200004.904084 1.000000
7199966.135020 7199966.135020 1.000000
7199995.796591 7199995.796591 1.000000
7200092.104763 7200092.104763 1.000000
7200005.431396 7200005.431396 1.000000
7200052.534651 7200052.534651 1.000000
7200084.954942 7200084.954942 1.000000
7200053.222433 7200053.222433 1.000000
7199907.534080 7199907.534080 1.000000
7199946.381142 7199946.381142 1.000000
7199968.776586 7199968.776586 1.000000
7200124.843081 7200124.843081 1.000000
7200187.503615 7200187.503615 1.000000
7200162.907847 7200162.907847 1.000000
7200104.999503 7200104.999503 1.000000
7200130.836470 7200130.836470 1.000000
7200157.741150 7200157.741150 1.000000
7200096.952623 7200096.952623 1.000000
7199947.049382 7199947.049382 1.000000
7200006.259125 7200006.259125 1.000000
7199939.075042 7199939.075042 1.000000
7200037.094298 7200037.094298 1.000000
7199938.989268 7199938.989268 1.000000
7199993.655888 7199993.655888 1.000000
7200063.889575 7200063.889575 1.000000
7200162.924694 7200162.924694 1.000000
7200234.758201 7200234.758201 1.000000
7200275.469666 7200275.469666 1.000000
7200235.383178 7200235.383178 1.000000
7200133.494575 7200133.494575 1.000000
7200205.023511 7200205.023511 1.000000
7199982.846405 7199982.846405 1.000000
7199930.099486 7199930.099486 1.000000
7199961.438328 7199961.438328 1.000000
7199852.044609 7199852.044609 1.000000
7199933.527907 7199933.527907 1.000000
7199994.074789 7199994.074789 1.000000
7199916.703498 7199916.703498 1.000000
7199895.496988 7199895.496988 1.000000
7199916.890490 7199916.890490 1.000000
7199985.146598 7199985.146598 1.000000
7200005.451971 7200005.451971 1.000000
7199897.577767 7199897.577767 1.000000
7199725.693265 7199725.693265 1.000000
7199693.176368 7199693.176368 1.000000
7199746.193454 7199746.193454 1.000000
7199709.646342 7199709.646342 1.000000
7199673.664627 7199673.664627 1.000000
7199727.300410 7199727.300410 1.000000
7199758.754332 7199758.754332 1.000000
7199700.364133 7199700.364133 1.000000
7199656.602891 7199656.602891 1.000000
7199725.240921 7199725.240921 1.000000
7198989.122042 7198989.122042 1.000000
7198910.256607 7198910.256607 1.000000
7198991.091154 7198991.091154 1.000000
7198929.254570 7198929.254570 1.000000
7199018.546949 7199018.546949 1.000000
7199179.793140 7199179.793140 1.000000
7199301.458259 7199301.458259 1.000000
7199419.280342 7199419.280342 1.000000
7199446.272251 7199446.272251 1.000000
7199503.563032 7199503.563032 1.000000
7199583.474898 7199583.474898 1.000000
7199664.638170 7199664.638170 1.000000
7199522.731918 7199522.731918 1.000000
7199442.294510 7199442.294510 1.000000
7199539.695836 7199539.695836 1.000000
7199503.505556 7199503.505556 1.000000
7199418.171009 7199418.171009 1.000000
7199506.968152 7199506.968152 1.000000
7199396.247102 7199396.247102 1.000000
7199331.405095 7199331.405095 1.000000
7199442.337662 7199442.337662 1.000000
7199324.901908 7199324.901908 1.000000
7199413.663197 7199413.663197 1.000000
7199329.896025 7199329.896025 1.000000
7199448.845358 7199448.845358 1.000000
7199428.470925 7199428.470925 1.000000
7199378.934686 7199378.934686 1.000000
7199435.482832 7199435.482832 1.000000
7199473.476126 7199473.476126 1.000000
7199430.217200 7199430.217200 1.000000
7199336.084919 7199336.084919 1.000000
7199387.745833 7199387.745833 1.000000
7199440.723811 7199440.723811 1.000000
7199478.721282 7199478.721282 1.000000
7199516.830867 7199516.830867 1.000000
7199917.907363 7199917.907363 1.000000
7200062.826699 7200062.826699 1.000000
7200161.093044 7200161.093044 1.000000
7200139.473319 7200139.473319 1.000000
7200255.862444 7200255.862444 1.000000
7200159.727932 7200159.727932 1.000000
7200104.668367 7200104.668367 1.000000
7200191.638940 7200191.638940 1.000000
7200000.549002 7200000.549002 1.000000
7199874.609423 7199874.609423 1.000000
7199916.599296 7199916.599296 1.000000
7199978.619726 7199978.619726 1.000000
7199843.504658 7199843.504658 1.000000
7199765.421323 7199765.421323 1.000000
7199910.379573 7199910.379573 1.000000
7199734.826042 7199734.826042 1.000000
7199870.560931 7199870.560931 1.000000
7199976.457594 7199976.457594 1.000000
7200032.027795 7200032.027795 1.000000
7200212.686299 7200212.686299 1.000000
7199873.428898 7199873.428898 1.000000
7199939.517505 7199939.517505 1.000000
7199986.127522 7199986.127522 1.000000
7200097.350792 7200097.350792 1.000000
7200122.964457 7200122.964457 1.000000
7200165.977889 7200165.977889 1.000000
7200080.978977 7200080.978977 1.000000
7200102.341923 7200102.341923 1.000000
7200156.216603 7200156.216603 1.000000
7200187.526288 7200187.526288 1.000000
7200262.149864 7200262.149864 1.000000
7200216.381797 7200216.381797 1.000000
7200173.707044 7200173.707044 1.000000
7200152.142076 7200152.142076 1.000000
7200630.783601 7200630.783601 1.000000
7200756.935029 7200756.935029 1.000000
7200840.759168 7200840.759168 1.000000
7200731.255847 7200731.255847 1.000000
7200871.080597 7200871.080597 1.000000
7201006.877378 7201006.877378 1.000000
7201064.104764 7201064.104764 1.000000
7201291.673937 7201291.673937 1.000000
7201038.633687 7201038.633687 1.000000
7201101.521983 7201101.521983 1.000000
7201234.927268 7201234.927268 1.000000
7201197.254404 7201197.254404 1.000000
7201217.660634 7201217.660634 1.000000
7201194.214873 7201194.214873 1.000000
7201102.727238 7201102.727238 1.000000
7201213.295572 7201213.295572 1.000000
7201313.560619 7201313.560619 1.000000
7201441.377300 7201441.377300 1.000000
7201512.472132 7201512.472132 1.000000
7201278.888742 7201278.888742 1.000000
7201377.624976 7201377.624976 1.000000
7201201.095481 7201201.095481 1.000000
7201321.280536 7201321.280536 1.000000
7201197.764450 7201197.764450 1.000000
7201566.438252 7201566.438252 1.000000
7202047.417404 7202047.417404 1.000000
7201606.311432 7201606.311432 1.000000
7201687.860522 7201687.860522 1.000000
7199948.030479 7199948.030479 1.000000
7199825.033107 7199825.033107 1.000000
7199353.838466 7199353.838466 1.000000
7199470.661628 7199470.661628 1.000000
7199278.473452 7199278.473452 1.000000
7199481.386784 7199481.386784 1.000000
7199375.858413 7199375.858413 1.000000
7199494.289395 7199494.289395 1.000000
7199420.354681 7199420.354681 1.000000
7199556.765792 7199556.765792 1.000000
7199473.949994 7199473.949994 1.000000
7199494.428936 7199494.428936 1.000000
7199639.486792 7199639.486792 1.000000
7199426.427760 7199426.427760 1.000000
7199566.460912 7199566.460912 1.000000
7199393.666242 7199393.666242 1.000000
7199241.280623 7199241.280623 1.000000
7199294.752003 7199294.752003 1.000000
7199407.812972 7199407.812972 1.000000
7199521.662466 7199521.662466 1.000000
7199672.255613 7199672.255613 1.000000
7199557.582860 7199557.582860 1.000000
7199639.962201 7199639.962201 1.000000
7199598.705422 7199598.705422 1.000000
7199500.931756 7199500.931756 1.000000
7199574.663088 7199574.663088 1.000000
7199454.462614 7199454.462614 1.000000
7199478.353433 7199478.353433 1.000000
7199366.913684 7199366.913684 1.000000
7199467.312241 7199467.312241 1.000000
7199270.285621 7199270.285621 1.000000
7199237.255876 7199237.255876 1.000000
7199335.762751 7199335.762751 1.000000
7199452.311493 7199452.311493 1.000000
7199359.579246 7199359.579246 1.000000
7199477.765412 7199477.765412 1.000000
7199585.516422 7199585.516422 1.000000
7199723.682257 7199723.682257 1.000000
7199676.191820 7199676.191820 1.000000
7199471.621778 7199471.621778 1.000000
7199440.687825 7199440.687825 1.000000
7199327.702884 7199327.702884 1.000000
7199416.197184 7199416.197184 1.000000
7199282.931561 7199282.931561 1.000000
7199367.385125 7199367.385125 1.000000
7199538.931587 7199538.931587 1.000000
7199640.310469 7199640.310469 1.000000
7199411.521670 7199411.521670 1.000000
7199548.161319 7199548.161319 1.000000
7199209.397472 7199209.397472 1.000000
7199322.744402 7199322.744402 1.000000
7199434.633583 7199434.633583 1.000000
7199482.959145 7199482.959145 1.000000
7199589.889987 7199589.889987 1.000000
7199638.536584 7199638.536584 1.000000
7199736.767837 7199736.767837 1.000000
7199824.298816 7199824.298816 1.000000
7199852.732019 7199852.732019 1.000000
7199460.679254 7199460.679254 1.000000
7199540.363677 7199540.363677 1.000000
7199647.633559 7199647.633559 1.000000
7199702.352857 7199702.352857 1.000000
7199671.595888 7199671.595888 1.000000
7199750.001726 7199750.001726 1.000000
7199588.484095 7199588.484095 1.000000
7199418.977588 7199418.977588 1.000000
7199488.016178 7199488.016178 1.000000
7199366.382034 7199366.382034 1.000000
7199448.128305 7199448.128305 1.000000
7199400.571180 7199400.571180 1.000000
7199336.031918 7199336.031918 1.000000
7199426.043788 7199426.043788 1.000000
7199492.859771 7199492.859771 1.000000
7199681.900190 7199681.900190 1.000000
7199809.458033 7199809.458033 1.000000
7199760.629632 7199760.629632 1.000000
7199691.527012 7199691.527012 1.000000
7199816.325499 7199816.325499 1.000000
7199870.358223 7199870.358223 1.000000
7199897.038179 7199897.038179 1.000000
7200017.657928 7200017.657928 1.000000
7199873.495782 7199873.495782 1.000000
7199954.068386 7199954.068386 1.000000
7199869.330833 7199869.330833 1.000000
7199733.357543 7199733.357543 1.000000
7199702.019167 7199702.019167 1.000000
7199761.171686 7199761.171686 1.000000
7199660.025718 7199660.025718 1.000000
7199621.540556 7199621.540556 1.000000
7199646.514448 7199646.514448 1.000000
7199714.455578 7199714.455578 1.000000
7199739.678664 7199739.678664 1.000000
7199811.810315 7199811.810315 1.000000
7199768.728978 7199768.728978 1.000000
7199732.940047 7199732.940047 1.000000
7199554.929481 7199554.929481 1.000000
7199644.188316 7199644.188316 1.000000
7199822.175584 7199822.175584 1.000000
7199656.856992 7199656.856992 1.000000
7199525.917541 7199525.917541 1.000000
7199406.460223 7199406.460223 1.000000
7199566.720211 7199566.720211 1.000000
7199607.516987 7199607.516987 1.000000
7199454.664867 7199454.664867 1.000000
7199190.489623 7199190.489623 1.000000
7199303.052160 7199303.052160 1.000000
7199456.286109 7199456.286109 1.000000
-717813152400835107320304364421120.000000 -717813152400835107320304364421120.000000 1.000000
-717813152400835107320304364421120.000000 -717813152400835107320304364421120.000000 1.000000
-717813152400835107320304364421120.000000 -717813152400835107320304364421120.000000 1.000000
-717813152400835107320304364421120.000000 -717813152400835107320304364421120.000000 1.000000
-717813152400835107320304364421120.000000 -717813152400835107320304364421120.000000 1.000000
-717813152400835107320304364421120.000000 -717813152400835107320304364421120.000000 1.000000
-717813152400835107320304364421120.000000 -717813152400835107320304364421120.000000 1.000000
-717813152400835107320304364421120.000000 -717813152400835107320304364421120.000000 1.000000
-717813152400835107320304364421120.000000 -717813152400835107320304364421120.000000 1.000000
-717813152400835107320304364421120.000000 -717813152400835107320304364421120.000000 1.000000
-717813152400835107320304364421120.000000 -717813152400835107320304364421120.000000 1.000000
-717813152400835107320304364421120.000000 -717813152400835107320304364421120.000000 1.000000
-717813152400835107320304364421120.000000 -717813152400835107320304364421120.000000 1.000000
-717813152400835107320304364421120.000000 -717813152400835107320304364421120.000000 1.000000
-717813152400835107320304364421120.000000 -717813152400835107320304364421120.000000 1.000000
-717813152400835107320304364421120.000000 -717813152400835107320304364421120.000000 1.000000
