7165042.422055 7165042.422055 1.000000
7165205.855104 7165205.855104 1.000000
7164664.691463 7164664.691463 1.000000
7164147.908185 7164147.908185 1.000000
7164000.304496 7164000.304496 1.000000
7163945.500162 7163945.500162 1.000000
7163998.542417 7163998.542417 1.000000
7164057.781844 7164057.781844 1.000000
7164878.690918 7164878.690918 1.000000
7165688.502370 7165688.502370 1.000000
7166035.429919 7166035.429919 1.000000
7165973.804167 7165973.804167 1.000000
7164254.911543 7164254.911543 1.000000
7164698.689715 7164698.689715 1.000000
7164654.591274 7164654.591274 1.000000
7163925.315306 7163925.315306 1.000000
7164857.753804 7164857.753804 1.000000
7164742.495712 7164742.495712 1.000000
7164616.474065 7164616.474065 1.000000
7164514.775512 7164514.775512 1.000000
7164468.287334 7164468.287334 1.000000
7164149.020896 7164149.020896 1.000000
7165476.541741 7165476.541741 1.000000
7165550.197095 7165550.197095 1.000000
7165682.441086 7165682.441086 1.000000
7165735.875788 7165735.875788 1.000000
7164999.213599 7164999.213599 1.000000
7164925.641813 7164925.641813 1.000000
7164334.963882 7164334.963882 1.000000
7164535.274904 7164535.274904 1.000000
7165163.070134 7165163.070134 1.000000
7164659.662131 7164659.662131 1.000000
7164612.728221 7164612.728221 1.000000
7165111.806150 7165111.806150 1.000000
7165153.720477 7165153.720477 1.000000
7164493.788682 7164493.788682 1.000000
7164552.937634 7164552.937634 1.000000
7164492.476354 7164492.476354 1.000000
7164543.234488 7164543.234488 1.000000
7165251.124687 7165251.124687 1.000000
7165333.986911 7165333.986911 1.000000
7165486.232401 7165486.232401 1.000000
7165592.191609 7165592.191609 1.000000
7164648.850369 7164648.850369 1.000000
7164715.689350 7164715.689350 1.000000
7163922.886301 7163922.886301 1.000000
7164084.816443 7164084.816443 1.000000
7164040.111114 7164040.111114 1.000000
7164135.652417 7164135.652417 1.000000
7164215.817047 7164215.817047 1.000000
7164331.341041 7164331.341041 1.000000
7165114.767053 7165114.767053 1.000000
7164551.797361 7164551.797361 1.000000
7164657.532822 7164657.532822 1.000000
7164617.133993 7164617.133993 1.000000
7164684.342182 7164684.342182 1.000000
7164770.636867 7164770.636867 1.000000
7164891.721268 7164891.721268 1.000000
7164991.301468 7164991.301468 1.000000
7164926.520645 7164926.520645 1.000000
7164847.812947 7164847.812947 1.000000
7164490.625610 7164490.625610 1.000000
7164416.311395 7164416.311395 1.000000
7164272.691112 7164272.691112 1.000000
7164164.585521 7164164.585521 1.000000
7164521.857206 7164521.857206 1.000000
7165681.495136 7165681.495136 1.000000
7166400.763588 7166400.763588 1.000000
7165734.255484 7165734.255484 1.000000
7165604.251786 7165604.251786 1.000000
7165522.487006 7165522.487006 1.000000
7165413.642556 7165413.642556 1.000000
7165286.748060 7165286.748060 1.000000
7164563.595817 7164563.595817 1.000000
7164398.632564 7164398.632564 1.000000
7164331.263131 7164331.263131 1.000000
7164193.113119 7164193.113119 1.000000
7164051.749968 7164051.749968 1.000000
7163931.027434 7163931.027434 1.000000
7163773.601373 7163773.601373 1.000000
7163655.437947 7163655.437947 1.000000
7163516.204085 7163516.204085 1.000000
7163356.528986 7163356.528986 1.000000
7163224.710589 7163224.710589 1.000000
7163109.800342 7163109.800342 1.000000
7162947.192219 7162947.192219 1.000000
7162810.488712 7162810.488712 1.000000
7162672.024502 7162672.024502 1.000000
7162588.090115 7162588.090115 1.000000
7162430.242456 7162430.242456 1.000000
7162307.149338 7162307.149338 1.000000
7162190.523116 7162190.523116 1.000000
7162073.482367 7162073.482367 1.000000
7161967.696279 7161967.696279 1.000000
7161860.116292 7161860.116292 1.000000
7161721.203261 7161721.203261 1.000000
7161586.832406 7161586.832406 1.000000
7161477.648767 7161477.648767 1.000000
7161352.729206 7161352.729206 1.000000
7161238.734409 7161238.734409 1.000000
7161062.134470 7161062.134470 1.000000
7160949.106046 7160949.106046 1.000000
7160796.796481 7160796.796481 1.000000
7164862.030535 7164862.030535 1.000000
7164730.863194 7164730.863194 1.000000
7164709.926223 7164709.926223 1.000000
7164560.496149 7164560.496149 1.000000
7164445.377062 7164445.377062 1.000000
7164287.431153 7164287.431153 1.000000
7164223.532043 7164223.532043 1.000000
7164130.442371 7164130.442371 1.000000
7163997.601122 7163997.601122 1.000000
7163838.591842 7163838.591842 1.000000
7163683.502886 7163683.502886 1.000000
7163579.240550 7163579.240550 1.000000
7163507.647769 7163507.647769 1.000000
7163435.083490 7163435.083490 1.000000
7163629.082214 7163629.082214 1.000000
7163480.957114 7163480.957114 1.000000
7163366.535105 7163366.535105 1.000000
7163223.374416 7163223.374416 1.000000
