7238138.575689 7238138.575689 1.000000
7238291.182797 7238291.182797 1.000000
7238449.595753 7238449.595753 1.000000
7238308.594152 7238308.594152 1.000000
7238376.687914 7238376.687914 1.000000
7238484.015103 7238484.015103 1.000000
7238566.927721 7238566.927721 1.000000
7238625.156431 7238625.156431 1.000000
7238717.877933 7238717.877933 1.000000
7238880.805989 7238880.805989 1.000000
7238984.580264 7238984.580264 1.000000
7239087.387922 7239087.387922 1.000000
7239196.683637 7239196.683637 1.000000
7239303.489758 7239303.489758 1.000000
7239375.911063 7239375.911063 1.000000
7239480.929175 7239480.929175 1.000000
7239623.217828 7239623.217828 1.000000
7239726.764193 7239726.764193 1.000000
7239841.312564 7239841.312564 1.000000
7239890.469201 7239890.469201 1.000000
7240007.060562 7240007.060562 1.000000
7240140.858900 7240140.858900 1.000000
7240302.866023 7240302.866023 1.000000
7240405.428932 7240405.428932 1.000000
7240484.959764 7240484.959764 1.000000
7240616.749145 7240616.749145 1.000000
7240734.947777 7240734.947777 1.000000
7240859.423283 7240859.423283 1.000000
7240961.938840 7240961.938840 1.000000
7240938.242085 7240938.242085 1.000000
7241081.245104 7241081.245104 1.000000
7241238.236906 7241238.236906 1.000000
7241364.883430 7241364.883430 1.000000
7241505.027813 7241505.027813 1.000000
7241611.713571 7241611.713571 1.000000
7241732.759059 7241732.759059 1.000000
7241845.763855 7241845.763855 1.000000
7241955.274813 7241955.274813 1.000000
7242062.311200 7242062.311200 1.000000
7242189.554177 7242189.554177 1.000000
7242316.031268 7242316.031268 1.000000
7242437.653841 7242437.653841 1.000000
7242557.893865 7242557.893865 1.000000
7242674.540090 7242674.540090 1.000000
7242796.062625 7242796.062625 1.000000
7242928.085413 7242928.085413 1.000000
7241146.689876 7241146.689876 1.000000
7241107.795305 7241107.795305 1.000000
7241069.564777 7241069.564777 1.000000
7241018.116146 7241018.116146 1.000000
7240964.458106 7240964.458106 1.000000
7240902.399535 7240902.399535 1.000000
7240864.957627 7240864.957627 1.000000
7240118.679215 7240118.679215 1.000000
7239610.482508 7239610.482508 1.000000
7239550.224049 7239550.224049 1.000000
7238828.254816 7238828.254816 1.000000
7238756.224196 7238756.224196 1.000000
7238692.217934 7238692.217934 1.000000
7237965.618247 7237965.618247 1.000000
7237405.132225 7237405.132225 1.000000
7237366.177416 7237366.177416 1.000000
7237318.761825 7237318.761825 1.000000
7237274.483213 7237274.483213 1.000000
7237214.212494 7237214.212494 1.000000
7237089.450586 7237089.450586 1.000000
7236933.720210 7236933.720210 1.000000
7235937.847783 7235937.847783 1.000000
7235256.624254 7235256.624254 1.000000
7234489.994629 7234489.994629 1.000000
7233925.970292 7233925.970292 1.000000
7233395.152449 7233395.152449 1.000000
7233169.561289 7233169.561289 1.000000
7233250.169038 7233250.169038 1.000000
7232641.855570 7232641.855570 1.000000
7231712.273557 7231712.273557 1.000000
7231229.837366 7231229.837366 1.000000
7230337.896944 7230337.896944 1.000000
7230116.399246 7230116.399246 1.000000
7229881.147335 7229881.147335 1.000000
7230266.834382 7230266.834382 1.000000
7229859.406133 7229859.406133 1.000000
7229526.438542 7229526.438542 1.000000
7229320.045030 7229320.045030 1.000000
7228958.992666 7228958.992666 1.000000
7228423.122556 7228423.122556 1.000000
7228329.489319 7228329.489319 1.000000
7227648.200317 7227648.200317 1.000000
7226939.711673 7226939.711673 1.000000
7226421.567563 7226421.567563 1.000000
7225850.131819 7225850.131819 1.000000
7226057.083058 7226057.083058 1.000000
7225911.754020 7225911.754020 1.000000
7225599.021819 7225599.021819 1.000000
7225059.044176 7225059.044176 1.000000
7224458.912842 7224458.912842 1.000000
7223547.442754 7223547.442754 1.000000
7222869.909577 7222869.909577 1.000000
7222370.297972 7222370.297972 1.000000
7221550.021122 7221550.021122 1.000000
7220735.355372 7220735.355372 1.000000
7220061.293178 7220061.293178 1.000000
7219697.270006 7219697.270006 1.000000
7219276.517283 7219276.517283 1.000000
7218645.019233 7218645.019233 1.000000
7218255.439090 7218255.439090 1.000000
7218085.740063 7218085.740063 1.000000
7242802.314986 7242802.314986 1.000000
7243409.217713 7243409.217713 1.000000
7243660.196744 7243660.196744 1.000000
7242458.079275 7242458.079275 1.000000
7242820.287195 7242820.287195 1.000000
7242880.181915 7242880.181915 1.000000
7243561.651464 7243561.651464 1.000000
7242011.054965 7242011.054965 1.000000
7242011.054965 7242011.054965 1.000000
7242011.054965 7242011.054965 1.000000
7242011.054965 7242011.054965 1.000000
7242165.078353 7242165.078353 1.000000
7242187.754071 7242187.754071 1.000000
7242208.046312 7242208.046312 1.000000
7242232.466790 7242232.466790 1.000000
7242261.711564 7242261.711564 1.000000
7242287.320811 7242287.320811 1.000000
7242313.416308 7242313.416308 1.000000
7242335.046359 7242335.046359 1.000000
7242356.753836 7242356.753836 1.000000
7242378.587094 7242378.587094 1.000000
7242402.707297 7242402.707297 1.000000
7242564.011553 7242564.011553 1.000000
7242739.304875 7242739.304875 1.000000
7242862.913424 7242862.913424 1.000000
7242886.522296 7242886.522296 1.000000
7242907.957502 7242907.957502 1.000000
7243017.548914 7243017.548914 1.000000
7243156.116279 7243156.116279 1.000000
7243184.628392 7243184.628392 1.000000
7243337.486064 7243337.486064 1.000000
7243396.109795 7243396.109795 1.000000
7243552.207236 7243552.207236 1.000000
7243673.758463 7243673.758463 1.000000
7243757.526691 7243757.526691 1.000000
7243900.207721 7243900.207721 1.000000
7244070.055256 7244070.055256 1.000000
7244248.182233 7244248.182233 1.000000
7244350.553330 7244350.553330 1.000000
7244455.420531 7244455.420531 1.000000
7244641.500585 7244641.500585 1.000000
7244766.755719 7244766.755719 1.000000
7244928.155823 7244928.155823 1.000000
7245040.292108 7245040.292108 1.000000
7245149.752504 7245149.752504 1.000000
7245264.742067 7245264.742067 1.000000
7245401.318869 7245401.318869 1.000000
7245587.699483 7245587.699483 1.000000
7245746.382863 7245746.382863 1.000000
7245876.278696 7245876.278696 1.000000
7246001.470932 7246001.470932 1.000000
7246139.302466 7246139.302466 1.000000
7246250.482314 7246250.482314 1.000000
7246350.774636 7246350.774636 1.000000
7246489.652854 7246489.652854 1.000000
7246572.595885 7246572.595885 1.000000
7246631.181482 7246631.181482 1.000000
7246652.728400 7246652.728400 1.000000
7246175.829620 7246175.829620 1.000000
7246364.257986 7246364.257986 1.000000
7246430.074728 7246430.074728 1.000000
7246451.150565 7246451.150565 1.000000
7246632.431273 7246632.431273 1.000000
7246770.762233 7246770.762233 1.000000
7246923.248760 7246923.248760 1.000000
7247026.917425 7247026.917425 1.000000
7247187.035444 7247187.035444 1.000000
7247343.463008 7247343.463008 1.000000
7247491.010999 7247491.010999 1.000000
7247683.539509 7247683.539509 1.000000
7247868.028761 7247868.028761 1.000000
7248023.299491 7248023.299491 1.000000
7248124.277484 7248124.277484 1.000000
7248247.402739 7248247.402739 1.000000
7248412.563758 7248412.563758 1.000000
7248542.242229 7248542.242229 1.000000
7248665.170177 7248665.170177 1.000000
7248811.205369 7248811.205369 1.000000
7248990.055291 7248990.055291 1.000000
7249110.817607 7249110.817607 1.000000
7249234.835534 7249234.835534 1.000000
7249384.776338 7249384.776338 1.000000
7249508.466745 7249508.466745 1.000000
7249668.038326 7249668.038326 1.000000
7249728.441344 7249728.441344 1.000000
7242161.886495 7242161.886495 1.000000
7242278.296695 7242278.296695 1.000000
7242392.924794 7242392.924794 1.000000
7242537.811406 7242537.811406 1.000000
7242664.412857 7242664.412857 1.000000
7242825.753084 7242825.753084 1.000000
7242962.618897 7242962.618897 1.000000
7243088.992846 7243088.992846 1.000000
7243210.051865 7243210.051865 1.000000
7243355.941160 7243355.941160 1.000000
7243470.076664 7243470.076664 1.000000
7243560.770576 7243560.770576 1.000000
7243668.856436 7243668.856436 1.000000
7243794.447979 7243794.447979 1.000000
7243910.679175 7243910.679175 1.000000
7250123.427075 7250123.427075 1.000000
7250248.476914 7250248.476914 1.000000
7250398.668860 7250398.668860 1.000000
7250513.002351 7250513.002351 1.000000
7250615.663057 7250615.663057 1.000000
7250722.074085 7250722.074085 1.000000
7250899.536449 7250899.536449 1.000000
7251084.437166 7251084.437166 1.000000
7251254.282713 7251254.282713 1.000000
7251365.545780 7251365.545780 1.000000
7251493.132665 7251493.132665 1.000000
7251659.018301 7251659.018301 1.000000
7251823.654343 7251823.654343 1.000000
7251945.298012 7251945.298012 1.000000
7252099.474190 7252099.474190 1.000000
7252278.992635 7252278.992635 1.000000
7252388.305405 7252388.305405 1.000000
7252563.807197 7252563.807197 1.000000
7252740.021496 7252740.021496 1.000000
7252905.076179 7252905.076179 1.000000
7253018.538065 7253018.538065 1.000000
7253192.620959 7253192.620959 1.000000
7253318.952864 7253318.952864 1.000000
7253452.594115 7253452.594115 1.000000
7253577.609255 7253577.609255 1.000000
7253728.810977 7253728.810977 1.000000
7260158.933269 7260158.933269 1.000000
7260278.334342 7260278.334342 1.000000
7260406.890171 7260406.890171 1.000000
7260529.919512 7260529.919512 1.000000
7260681.172723 7260681.172723 1.000000
7260810.381397 7260810.381397 1.000000
7260916.552985 7260916.552985 1.000000
7261046.693241 7261046.693241 1.000000
7261195.194199 7261195.194199 1.000000
7261346.854590 7261346.854590 1.000000
7261447.376727 7261447.376727 1.000000
7261550.066413 7261550.066413 1.000000
7261659.895310 7261659.895310 1.000000
7261762.920349 7261762.920349 1.000000
7261962.134614 7261962.134614 1.000000
7262097.808000 7262097.808000 1.000000
7262198.371988 7262198.371988 1.000000
7262327.163872 7262327.163872 1.000000
7262467.269582 7262467.269582 1.000000
7262577.106716 7262577.106716 1.000000
7262720.353631 7262720.353631 1.000000
7262846.109366 7262846.109366 1.000000
7262947.873113 7262947.873113 1.000000
7263084.175013 7263084.175013 1.000000
7263211.125930 7263211.125930 1.000000
7263334.264128 7263334.264128 1.000000
7263490.951688 7263490.951688 1.000000
7263610.127914 7263610.127914 1.000000
7263747.354798 7263747.354798 1.000000
7263908.733828 7263908.733828 1.000000
7270118.734145 7270118.734145 1.000000
7270222.962355 7270222.962355 1.000000
7270347.719297 7270347.719297 1.000000
7270478.564035 7270478.564035 1.000000
7270589.167803 7270589.167803 1.000000
7270708.291107 7270708.291107 1.000000
7270844.484446 7270844.484446 1.000000
7270919.076736 7270919.076736 1.000000
7271033.813043 7271033.813043 1.000000
7271191.752153 7271191.752153 1.000000
7271332.965103 7271332.965103 1.000000
7271473.463431 7271473.463431 1.000000
7271627.430590 7271627.430590 1.000000
7271768.170576 7271768.170576 1.000000
7271896.951450 7271896.951450 1.000000
7272034.160506 7272034.160506 1.000000
7272178.878720 7272178.878720 1.000000
7272320.136980 7272320.136980 1.000000
7272430.286518 7272430.286518 1.000000
7272550.864282 7272550.864282 1.000000
7272694.230343 7272694.230343 1.000000
7272832.543302 7272832.543302 1.000000
7272987.231801 7272987.231801 1.000000
7273127.671801 7273127.671801 1.000000
7273244.570576 7273244.570576 1.000000
7273353.195953 7273353.195953 1.000000
7273461.565620 7273461.565620 1.000000
7273600.312232 7273600.312232 1.000000
7273737.713885 7273737.713885 1.000000
7273854.273197 7273854.273197 1.000000
7273947.284475 7273947.284475 1.000000
7274047.976319 7274047.976319 1.000000
7274173.783781 7274173.783781 1.000000
7274339.449753 7274339.449753 1.000000
7274505.960672 7274505.960672 1.000000
7274668.369742 7274668.369742 1.000000
7274773.856892 7274773.856892 1.000000
7274929.865541 7274929.865541 1.000000
7275075.739763 7275075.739763 1.000000
7275233.736489 7275233.736489 1.000000
7275345.290016 7275345.290016 1.000000
7275452.781354 7275452.781354 1.000000
7275591.397455 7275591.397455 1.000000
7275668.924185 7275668.924185 1.000000
7275775.939259 7275775.939259 1.000000
7275908.287217 7275908.287217 1.000000
7276007.668543 7276007.668543 1.000000
7276126.471261 7276126.471261 1.000000
7276172.016795 7276172.016795 1.000000
7276292.930996 7276292.930996 1.000000
7276402.972852 7276402.972852 1.000000
7276520.721755 7276520.721755 1.000000
7276686.906714 7276686.906714 1.000000
7276839.821239 7276839.821239 1.000000
7276917.872011 7276917.872011 1.000000
7277013.543251 7277013.543251 1.000000
7277122.037263 7277122.037263 1.000000
7277244.370727 7277244.370727 1.000000
7277398.393296 7277398.393296 1.000000
7277537.144756 7277537.144756 1.000000
7277607.091334 7277607.091334 1.000000
7277705.098663 7277705.098663 1.000000
7277813.494477 7277813.494477 1.000000
7277936.261617 7277936.261617 1.000000
7278017.905369 7278017.905369 1.000000
7278074.351392 7278074.351392 1.000000
7278199.497024 7278199.497024 1.000000
7278352.783485 7278352.783485 1.000000
7278498.115629 7278498.115629 1.000000
7278653.041085 7278653.041085 1.000000
7278762.500500 7278762.500500 1.000000
7278910.959563 7278910.959563 1.000000
7279016.275583 7279016.275583 1.000000
7279154.980734 7279154.980734 1.000000
7279292.325981 7279292.325981 1.000000
7279436.139994 7279436.139994 1.000000
7279566.133834 7279566.133834 1.000000
7279660.587405 7279660.587405 1.000000
7279765.207339 7279765.207339 1.000000
7279901.917563 7279901.917563 1.000000
7279980.100783 7279980.100783 1.000000
7280116.330387 7280116.330387 1.000000
7280262.387984 7280262.387984 1.000000
7280389.497339 7280389.497339 1.000000
7280513.205253 7280513.205253 1.000000
7280678.392787 7280678.392787 1.000000
7280839.063830 7280839.063830 1.000000
7280994.603977 7280994.603977 1.000000
7281157.334270 7281157.334270 1.000000
7405106.658004 7405106.658004 1.000000
7405237.855284 7405237.855284 1.000000
7405339.997538 7405339.997538 1.000000
7405411.373441 7405411.373441 1.000000
7405474.352146 7405474.352146 1.000000
7405583.248230 7405583.248230 1.000000
7405722.614704 7405722.614704 1.000000
7405849.475670 7405849.475670 1.000000
7406002.411734 7406002.411734 1.000000
7406072.322852 7406072.322852 1.000000
7406161.938633 7406161.938633 1.000000
7406257.228171 7406257.228171 1.000000
7406292.398556 7406292.398556 1.000000
7406432.792478 7406432.792478 1.000000
7406477.570559 7406477.570559 1.000000
7406555.111342 7406555.111342 1.000000
7405069.398390 7405069.398390 1.000000
7405169.465285 7405169.465285 1.000000
7405493.293469 7405493.293469 1.000000
7405563.065296 7405563.065296 1.000000
7405677.285256 7405677.285256 1.000000
7405796.048882 7405796.048882 1.000000
7405852.338055 7405852.338055 1.000000
7405961.295408 7405961.295408 1.000000
7405094.319070 7405094.319070 1.000000
7405144.683524 7405144.683524 1.000000
7404918.005819 7404918.005819 1.000000
7405010.056210 7405010.056210 1.000000
7405063.399183 7405063.399183 1.000000
7405126.661123 7405126.661123 1.000000
7405265.596009 7405265.596009 1.000000
7405345.040209 7405345.040209 1.000000
7405399.011379 7405399.011379 1.000000
7405524.750571 7405524.750571 1.000000
7404714.445325 7404714.445325 1.000000
7404790.990045 7404790.990045 1.000000
7404873.973966 7404873.973966 1.000000
7404962.606925 7404962.606925 1.000000
7405011.164068 7405011.164068 1.000000
7405176.640123 7405176.640123 1.000000
7405230.347298 7405230.347298 1.000000
7405352.411004 7405352.411004 1.000000
7406164.555614 7406164.555614 1.000000
7405922.729366 7405922.729366 1.000000
7405224.216736 7405224.216736 1.000000
7405272.323944 7405272.323944 1.000000
7405813.134930 7405813.134930 1.000000
7406680.413778 7406680.413778 1.000000
7407380.975701 7407380.975701 1.000000
7406826.564183 7406826.564183 1.000000
7406766.605495 7406766.605495 1.000000
7406724.528535 7406724.528535 1.000000
7406828.154847 7406828.154847 1.000000
7406891.852395 7406891.852395 1.000000
7406778.340587 7406778.340587 1.000000
7406653.785887 7406653.785887 1.000000
7406967.510409 7406967.510409 1.000000
7407005.907704 7407005.907704 1.000000
7407103.556645 7407103.556645 1.000000
7407050.270073 7407050.270073 1.000000
7406966.105717 7406966.105717 1.000000
7407950.669478 7407950.669478 1.000000
7407897.163313 7407897.163313 1.000000
7407946.711594 7407946.711594 1.000000
7407809.057153 7407809.057153 1.000000
7407730.323532 7407730.323532 1.000000
7406973.424475 7406973.424475 1.000000
7406179.772907 7406179.772907 1.000000
7406126.147767 7406126.147767 1.000000
7406199.767530 7406199.767530 1.000000
7405490.004659 7405490.004659 1.000000
7405529.532192 7405529.532192 1.000000
7405583.938014 7405583.938014 1.000000
7405118.958983 7405118.958983 1.000000
7405221.450183 7405221.450183 1.000000
7405282.020378 7405282.020378 1.000000
7405038.777938 7405038.777938 1.000000
7404592.891732 7404592.891732 1.000000
7404627.831591 7404627.831591 1.000000
7404700.404546 7404700.404546 1.000000
7404803.023623 7404803.023623 1.000000
7404855.719979 7404855.719979 1.000000
7405579.885027 7405579.885027 1.000000
7405638.910290 7405638.910290 1.000000
7405711.435597 7405711.435597 1.000000
7405792.658020 7405792.658020 1.000000
7405901.285037 7405901.285037 1.000000
7406262.118242 7406262.118242 1.000000
7406381.895060 7406381.895060 1.000000
7405868.679003 7405868.679003 1.000000
7405960.886778 7405960.886778 1.000000
7406047.050195 7406047.050195 1.000000
7406010.963532 7406010.963532 1.000000
7406057.175571 7406057.175571 1.000000
7406130.680002 7406130.680002 1.000000
7406216.275664 7406216.275664 1.000000
7406464.773995 7406464.773995 1.000000
7406957.770982 7406957.770982 1.000000
7406775.266847 7406775.266847 1.000000
7406841.121520 7406841.121520 1.000000
7407064.137377 7407064.137377 1.000000
7407118.062070 7407118.062070 1.000000
7407311.595799 7407311.595799 1.000000
7406877.820771 7406877.820771 1.000000
7406980.238192 7406980.238192 1.000000
7407561.515686 7407561.515686 1.000000
7408246.975831 7408246.975831 1.000000
7407678.205767 7407678.205767 1.000000
7407690.832772 7407690.832772 1.000000
7408687.037840 7408687.037840 1.000000
7409252.615949 7409252.615949 1.000000
7409292.818645 7409292.818645 1.000000
7409337.350249 7409337.350249 1.000000
7409371.348463 7409371.348463 1.000000
7408489.096606 7408489.096606 1.000000
7408544.851734 7408544.851734 1.000000
7408652.484614 7408652.484614 1.000000
7408704.410760 7408704.410760 1.000000
7408308.746148 7408308.746148 1.000000
7408830.220157 7408830.220157 1.000000
7408883.701975 7408883.701975 1.000000
7408923.824957 7408923.824957 1.000000
7409716.779772 7409716.779772 1.000000
7410111.342175 7410111.342175 1.000000
7410152.743286 7410152.743286 1.000000
7410217.514496 7410217.514496 1.000000
7410308.134373 7410308.134373 1.000000
7410363.756273 7410363.756273 1.000000
7410422.040589 7410422.040589 1.000000
7411293.812814 7411293.812814 1.000000
7412206.968174 7412206.968174 1.000000
7412791.611482 7412791.611482 1.000000
7413345.238407 7413345.238407 1.000000
7413418.660877 7413418.660877 1.000000
7413371.599473 7413371.599473 1.000000
7413288.116865 7413288.116865 1.000000
7413367.732846 7413367.732846 1.000000
7413253.783177 7413253.783177 1.000000
7413184.757355 7413184.757355 1.000000
7413050.056395 7413050.056395 1.000000
7412953.213055 7412953.213055 1.000000
7412790.483550 7412790.483550 1.000000
7412696.993084 7412696.993084 1.000000
7412532.814812 7412532.814812 1.000000
7412466.347942 7412466.347942 1.000000
7412362.777392 7412362.777392 1.000000
7412249.382787 7412249.382787 1.000000
7412165.408132 7412165.408132 1.000000
7412039.277658 7412039.277658 1.000000
7412485.674866 7412485.674866 1.000000
7411611.727729 7411611.727729 1.000000
7412456.244297 7412456.244297 1.000000
7412418.128105 7412418.128105 1.000000
7412380.241336 7412380.241336 1.000000
7412346.321007 7412346.321007 1.000000
7412214.470109 7412214.470109 1.000000
7412114.474812 7412114.474812 1.000000
7411963.272928 7411963.272928 1.000000
7411852.830697 7411852.830697 1.000000
7411912.410554 7411912.410554 1.000000
7411694.687981 7411694.687981 1.000000
7411656.993545 7411656.993545 1.000000
7412501.179295 7412501.179295 1.000000
7413098.687869 7413098.687869 1.000000
7412913.732407 7412913.732407 1.000000
7412974.436520 7412974.436520 1.000000
7413134.109896 7413134.109896 1.000000
7413206.105232 7413206.105232 1.000000
7413019.233786 7413019.233786 1.000000
7413457.523775 7413457.523775 1.000000
7414430.795122 7414430.795122 1.000000
7414499.285543 7414499.285543 1.000000
7414241.200179 7414241.200179 1.000000
7413761.862615 7413761.862615 1.000000
7413795.951711 7413795.951711 1.000000
7413077.750896 7413077.750896 1.000000
7413039.603803 7413039.603803 1.000000
7413087.603422 7413087.603422 1.000000
7413901.993719 7413901.993719 1.000000
7413522.980507 7413522.980507 1.000000
7413475.078881 7413475.078881 1.000000
7414365.064588 7414365.064588 1.000000
7414448.263295 7414448.263295 1.000000
7413709.820198 7413709.820198 1.000000
7413002.604765 7413002.604765 1.000000
7413045.240924 7413045.240924 1.000000
7413983.876726 7413983.876726 1.000000
7413913.413348 7413913.413348 1.000000
7413861.179735 7413861.179735 1.000000
7413803.005643 7413803.005643 1.000000
7413767.043351 7413767.043351 1.000000
7414653.465303 7414653.465303 1.000000
7415484.453923 7415484.453923 1.000000
7416193.685248 7416193.685248 1.000000
7416424.694566 7416424.694566 1.000000
7416357.602091 7416357.602091 1.000000
7416410.912736 7416410.912736 1.000000
7415809.177983 7415809.177983 1.000000
7415917.272305 7415917.272305 1.000000
7416013.204568 7416013.204568 1.000000
7416492.562795 7416492.562795 1.000000
7416527.262530 7416527.262530 1.000000
7416603.226008 7416603.226008 1.000000
7416663.336044 7416663.336044 1.000000
7417010.977714 7417010.977714 1.000000
7416941.994177 7416941.994177 1.000000
7416884.525083 7416884.525083 1.000000
7417696.899328 7417696.899328 1.000000
7418354.764633 7418354.764633 1.000000
7418425.400331 7418425.400331 1.000000
7418567.460461 7418567.460461 1.000000
7418006.138141 7418006.138141 1.000000
7417941.901768 7417941.901768 1.000000
7418004.151499 7418004.151499 1.000000
7417885.047294 7417885.047294 1.000000
7417775.163591 7417775.163591 1.000000
7417615.530353 7417615.530353 1.000000
7417499.084425 7417499.084425 1.000000
7417595.765171 7417595.765171 1.000000
7417493.354739 7417493.354739 1.000000
7417613.040378 7417613.040378 1.000000
7417469.843542 7417469.843542 1.000000
7417369.703544 7417369.703544 1.000000
7417224.041631 7417224.041631 1.000000
7417164.554094 7417164.554094 1.000000
7418053.491430 7418053.491430 1.000000
7419014.641636 7419014.641636 1.000000
7418846.507184 7418846.507184 1.000000
7418740.680033 7418740.680033 1.000000
7418614.104988 7418614.104988 1.000000
7418491.665098 7418491.665098 1.000000
7418298.350177 7418298.350177 1.000000
7418013.192036 7418013.192036 1.000000
7418053.143877 7418053.143877 1.000000
7418105.011430 7418105.011430 1.000000
7418241.173474 7418241.173474 1.000000
7418111.560057 7418111.560057 1.000000
7418941.114736 7418941.114736 1.000000
7418794.717021 7418794.717021 1.000000
7418663.011374 7418663.011374 1.000000
7418750.573965 7418750.573965 1.000000
7418587.774180 7418587.774180 1.000000
7418542.418401 7418542.418401 1.000000
7419097.925539 7419097.925539 1.000000
7419041.001484 7419041.001484 1.000000
7418933.835861 7418933.835861 1.000000
7418852.708234 7418852.708234 1.000000
7418732.318185 7418732.318185 1.000000
7418652.208127 7418652.208127 1.000000
7418697.034095 7418697.034095 1.000000
7418611.810612 7418611.810612 1.000000
7418488.967900 7418488.967900 1.000000
7418378.772394 7418378.772394 1.000000
7418253.586614 7418253.586614 1.000000
7418142.021546 7418142.021546 1.000000
7418042.249978 7418042.249978 1.000000
7417968.018003 7417968.018003 1.000000
7417376.984864 7417376.984864 1.000000
7417279.269968 7417279.269968 1.000000
7417154.237990 7417154.237990 1.000000
7416792.314413 7416792.314413 1.000000
7416935.222548 7416935.222548 1.000000
7416960.939288 7416960.939288 1.000000
7417077.667154 7417077.667154 1.000000
7417031.862356 7417031.862356 1.000000
7417184.127758 7417184.127758 1.000000
7417095.288381 7417095.288381 1.000000
7417143.715962 7417143.715962 1.000000
7417276.370177 7417276.370177 1.000000
7417318.356605 7417318.356605 1.000000
7417362.204905 7417362.204905 1.000000
7416980.243619 7416980.243619 1.000000
7417081.798505 7417081.798505 1.000000
7417121.293539 7417121.293539 1.000000
7417609.110752 7417609.110752 1.000000
7417499.907765 7417499.907765 1.000000
7417432.591623 7417432.591623 1.000000
7417368.497177 7417368.497177 1.000000
7417273.439130 7417273.439130 1.000000
7417118.083889 7417118.083889 1.000000
7417043.250412 7417043.250412 1.000000
7417009.835763 7417009.835763 1.000000
7416906.000779 7416906.000779 1.000000
7416748.850768 7416748.850768 1.000000
7417141.349511 7417141.349511 1.000000
7417855.170837 7417855.170837 1.000000
7417283.767665 7417283.767665 1.000000
7418246.530868 7418246.530868 1.000000
7418337.112901 7418337.112901 1.000000
7418421.696524 7418421.696524 1.000000
7418556.229474 7418556.229474 1.000000
7418701.169398 7418701.169398 1.000000
7418830.400062 7418830.400062 1.000000
