7187829.317218 7187829.317218 1.000000
7187716.642739 7187716.642739 1.000000
7187597.114871 7187597.114871 1.000000
7187482.476717 7187482.476717 1.000000
7187287.814535 7187287.814535 1.000000
7187136.644645 7187136.644645 1.000000
7186996.581975 7186996.581975 1.000000
7186798.088061 7186798.088061 1.000000
7186596.585948 7186596.585948 1.000000
7186413.797263 7186413.797263 1.000000
7186273.687847 7186273.687847 1.000000
7186077.833859 7186077.833859 1.000000
7185905.353431 7185905.353431 1.000000
7185745.097680 7185745.097680 1.000000
7185560.145553 7185560.145553 1.000000
7185319.325970 7185319.325970 1.000000
7185135.667472 7185135.667472 1.000000
7185004.551311 7185004.551311 1.000000
7184771.143766 7184771.143766 1.000000
7184597.834924 7184597.834924 1.000000
7183678.656795 7183678.656795 1.000000
7183578.517135 7183578.517135 1.000000
7183451.806200 7183451.806200 1.000000
7183316.729745 7183316.729745 1.000000
7183169.045875 7183169.045875 1.000000
7183003.956116 7183003.956116 1.000000
7182873.119696 7182873.119696 1.000000
7182268.230608 7182268.230608 1.000000
7181476.968212 7181476.968212 1.000000
7180484.597011 7180484.597011 1.000000
7180260.019258 7180260.019258 1.000000
7180151.859438 7180151.859438 1.000000
7180046.506146 7180046.506146 1.000000
7179064.856631 7179064.856631 1.000000
7178158.449429 7178158.449429 1.000000
7178037.412202 7178037.412202 1.000000
7177881.343020 7177881.343020 1.000000
7177723.649101 7177723.649101 1.000000
7177544.090087 7177544.090087 1.000000
7178433.015610 7178433.015610 1.000000
7177933.150599 7177933.150599 1.000000
7177327.253079 7177327.253079 1.000000
7177528.032767 7177528.032767 1.000000
7177786.354045 7177786.354045 1.000000
7177944.299541 7177944.299541 1.000000
7178059.957793 7178059.957793 1.000000
7178993.009409 7178993.009409 1.000000
7179143.771554 7179143.771554 1.000000
7179695.351644 7179695.351644 1.000000
7179480.239394 7179480.239394 1.000000
7179290.160411 7179290.160411 1.000000
7179441.736113 7179441.736113 1.000000
7179312.952946 7179312.952946 1.000000
7178953.634596 7178953.634596 1.000000
7179897.440010 7179897.440010 1.000000
7180081.560490 7180081.560490 1.000000
7179938.692202 7179938.692202 1.000000
7179102.123880 7179102.123880 1.000000
7178945.020065 7178945.020065 1.000000
7178295.620582 7178295.620582 1.000000
7177518.087865 7177518.087865 1.000000
7177360.501979 7177360.501979 1.000000
7177218.365510 7177218.365510 1.000000
7177107.119128 7177107.119128 1.000000
7177005.231900 7177005.231900 1.000000
7176250.295841 7176250.295841 1.000000
7176129.603496 7176129.603496 1.000000
7176016.087578 7176016.087578 1.000000
7175880.652237 7175880.652237 1.000000
7174907.711882 7174907.711882 1.000000
7174331.763704 7174331.763704 1.000000
7174196.646022 7174196.646022 1.000000
7173810.673703 7173810.673703 1.000000
7173682.727244 7173682.727244 1.000000
7173110.621160 7173110.621160 1.000000
7172993.748657 7172993.748657 1.000000
7172473.296777 7172473.296777 1.000000
7172401.289263 7172401.289263 1.000000
7172244.064305 7172244.064305 1.000000
7172132.051643 7172132.051643 1.000000
7172028.674871 7172028.674871 1.000000
7171921.723735 7171921.723735 1.000000
7171240.723034 7171240.723034 1.000000
7170576.228740 7170576.228740 1.000000
7169974.787560 7169974.787560 1.000000
7169019.788279 7169019.788279 1.000000
7168112.437611 7168112.437611 1.000000
7168182.432564 7168182.432564 1.000000
7168033.384695 7168033.384695 1.000000
7167849.565908 7167849.565908 1.000000
7167177.348522 7167177.348522 1.000000
7166301.746699 7166301.746699 1.000000
7166194.604850 7166194.604850 1.000000
7165716.817748 7165716.817748 1.000000
7165316.464112 7165316.464112 1.000000
7165610.491044 7165610.491044 1.000000
7165273.122779 7165273.122779 1.000000
7165137.427951 7165137.427951 1.000000
7164802.924077 7164802.924077 1.000000
7164425.510201 7164425.510201 1.000000
7163698.747195 7163698.747195 1.000000
7163025.335222 7163025.335222 1.000000
7162613.937053 7162613.937053 1.000000
7162041.741249 7162041.741249 1.000000
7161297.433290 7161297.433290 1.000000
7160697.504728 7160697.504728 1.000000
7160575.615909 7160575.615909 1.000000
7160451.662866 7160451.662866 1.000000
7160286.563317 7160286.563317 1.000000
7160125.456729 7160125.456729 1.000000
7161123.829595 7161123.829595 1.000000
7162040.685998 7162040.685998 1.000000
7161622.390244 7161622.390244 1.000000
7160887.668131 7160887.668131 1.000000
7160298.336472 7160298.336472 1.000000
7159375.871066 7159375.871066 1.000000
7159687.533450 7159687.533450 1.000000
7159558.658737 7159558.658737 1.000000
7159994.720526 7159994.720526 1.000000
7159802.678576 7159802.678576 1.000000
7159700.116100 7159700.116100 1.000000
7159871.148359 7159871.148359 1.000000
7160229.004750 7160229.004750 1.000000
7160449.543185 7160449.543185 1.000000
7160088.581205 7160088.581205 1.000000
7159475.141894 7159475.141894 1.000000
7159092.390304 7159092.390304 1.000000
7158425.277226 7158425.277226 1.000000
7158481.893764 7158481.893764 1.000000
7159116.023619 7159116.023619 1.000000
7158994.317708 7158994.317708 1.000000
7159162.172374 7159162.172374 1.000000
7159314.027488 7159314.027488 1.000000
7159491.390302 7159491.390302 1.000000
7159297.367683 7159297.367683 1.000000
7159506.334570 7159506.334570 1.000000
7160330.418349 7160330.418349 1.000000
7160189.258048 7160189.258048 1.000000
7159951.330242 7159951.330242 1.000000
7159763.858125 7159763.858125 1.000000
7160041.423435 7160041.423435 1.000000
7160719.035621 7160719.035621 1.000000
7160299.302961 7160299.302961 1.000000
7160594.748473 7160594.748473 1.000000
7160451.228596 7160451.228596 1.000000
7160619.244606 7160619.244606 1.000000
7161492.241552 7161492.241552 1.000000
7162152.158582 7162152.158582 1.000000
7162371.118957 7162371.118957 1.000000
7162052.992861 7162052.992861 1.000000
7162175.999542 7162175.999542 1.000000
7161741.361170 7161741.361170 1.000000
7161967.046668 7161967.046668 1.000000
7161563.778712 7161563.778712 1.000000
7161858.436907 7161858.436907 1.000000
7161308.140008 7161308.140008 1.000000
7161188.187033 7161188.187033 1.000000
7161480.527614 7161480.527614 1.000000
7161302.110186 7161302.110186 1.000000
7161033.777667 7161033.777667 1.000000
7160719.602887 7160719.602887 1.000000
7160525.359495 7160525.359495 1.000000
7160394.138216 7160394.138216 1.000000
7159403.485633 7159403.485633 1.000000
7158492.008247 7158492.008247 1.000000
7157705.001818 7157705.001818 1.000000
7158004.513149 7158004.513149 1.000000
7158619.930517 7158619.930517 1.000000
7158352.616467 7158352.616467 1.000000
7158123.944685 7158123.944685 1.000000
7158264.290628 7158264.290628 1.000000
7157906.031223 7157906.031223 1.000000
7158189.478434 7158189.478434 1.000000
7157668.304311 7157668.304311 1.000000
7157550.501547 7157550.501547 1.000000
7156608.360983 7156608.360983 1.000000
7155967.921341 7155967.921341 1.000000
7155418.335514 7155418.335514 1.000000
7154419.535289 7154419.535289 1.000000
7154309.568009 7154309.568009 1.000000
7153918.249604 7153918.249604 1.000000
7153089.949064 7153089.949064 1.000000
7152948.282254 7152948.282254 1.000000
7152657.023693 7152657.023693 1.000000
7152483.275032 7152483.275032 1.000000
7152699.797858 7152699.797858 1.000000
7152906.452630 7152906.452630 1.000000
7153012.394114 7153012.394114 1.000000
7152886.222672 7152886.222672 1.000000
7152613.883136 7152613.883136 1.000000
7152902.866546 7152902.866546 1.000000
7152360.028592 7152360.028592 1.000000
7152576.238152 7152576.238152 1.000000
7152331.633409 7152331.633409 1.000000
7152589.005747 7152589.005747 1.000000
7152420.515977 7152420.515977 1.000000
7152385.720297 7152385.720297 1.000000
7152787.244865 7152787.244865 1.000000
7151994.343078 7151994.343078 1.000000
7151573.648935 7151573.648935 1.000000
7151411.857769 7151411.857769 1.000000
7151853.944125 7151853.944125 1.000000
7152365.768890 7152365.768890 1.000000
7152702.339825 7152702.339825 1.000000
7153682.012039 7153682.012039 1.000000
7154412.863803 7154412.863803 1.000000
7154804.773416 7154804.773416 1.000000
7155142.885106 7155142.885106 1.000000
7154638.212959 7154638.212959 1.000000
7154861.368488 7154861.368488 1.000000
7154529.324302 7154529.324302 1.000000
7154907.320160 7154907.320160 1.000000
7154740.930249 7154740.930249 1.000000
7154319.185721 7154319.185721 1.000000
7154500.088572 7154500.088572 1.000000
7155301.512747 7155301.512747 1.000000
7155193.032624 7155193.032624 1.000000
7155032.180889 7155032.180889 1.000000
7155991.980160 7155991.980160 1.000000
7155887.104666 7155887.104666 1.000000
7154937.452952 7154937.452952 1.000000
7155731.877386 7155731.877386 1.000000
7154764.656744 7154764.656744 1.000000
7154559.987859 7154559.987859 1.000000
7154850.645073 7154850.645073 1.000000
7154620.844221 7154620.844221 1.000000
7154673.694494 7154673.694494 1.000000
7153946.752617 7153946.752617 1.000000
7152958.560628 7152958.560628 1.000000
7152801.232379 7152801.232379 1.000000
7153041.920010 7153041.920010 1.000000
7153326.625571 7153326.625571 1.000000
7153121.626411 7153121.626411 1.000000
7152454.942767 7152454.942767 1.000000
7152523.311520 7152523.311520 1.000000
7153364.724578 7153364.724578 1.000000
7153475.078368 7153475.078368 1.000000
7153370.442070 7153370.442070 1.000000
7153253.348091 7153253.348091 1.000000
7152440.570670 7152440.570670 1.000000
7152700.716789 7152700.716789 1.000000
7152091.924614 7152091.924614 1.000000
7152190.588454 7152190.588454 1.000000
7152768.879295 7152768.879295 1.000000
7153091.326740 7153091.326740 1.000000
7152221.487282 7152221.487282 1.000000
7151900.847035 7151900.847035 1.000000
7152379.976017 7152379.976017 1.000000
7152489.229773 7152489.229773 1.000000
7152085.226506 7152085.226506 1.000000
7152485.402964 7152485.402964 1.000000
7152054.939575 7152054.939575 1.000000
7152515.411804 7152515.411804 1.000000
7152929.817061 7152929.817061 1.000000
7153413.467553 7153413.467553 1.000000
7153791.417555 7153791.417555 1.000000
7153472.156354 7153472.156354 1.000000
7152575.050420 7152575.050420 1.000000
7152796.612967 7152796.612967 1.000000
7152949.190218 7152949.190218 1.000000
7153074.607979 7153074.607979 1.000000
7153239.739539 7153239.739539 1.000000
7153362.624504 7153362.624504 1.000000
7153467.849841 7153467.849841 1.000000
7153699.765863 7153699.765863 1.000000
7153469.606976 7153469.606976 1.000000
7153056.146955 7153056.146955 1.000000
7153211.926945 7153211.926945 1.000000
7153358.623221 7153358.623221 1.000000
7152736.643841 7152736.643841 1.000000
7153152.983552 7153152.983552 1.000000
7153567.834215 7153567.834215 1.000000
7154412.423506 7154412.423506 1.000000
7153731.088350 7153731.088350 1.000000
7154040.140665 7154040.140665 1.000000
7154590.243090 7154590.243090 1.000000
7155066.026085 7155066.026085 1.000000
7155462.541981 7155462.541981 1.000000
7155822.838429 7155822.838429 1.000000
7156245.293637 7156245.293637 1.000000
7156870.898295 7156870.898295 1.000000
7156731.491481 7156731.491481 1.000000
7156876.359259 7156876.359259 1.000000
7157187.190268 7157187.190268 1.000000
7157086.681355 7157086.681355 1.000000
7156630.231254 7156630.231254 1.000000
7156901.667064 7156901.667064 1.000000
7156430.506727 7156430.506727 1.000000
7156842.217194 7156842.217194 1.000000
7156240.940511 7156240.940511 1.000000
7156372.538430 7156372.538430 1.000000
7156568.129358 7156568.129358 1.000000
7156797.003633 7156797.003633 1.000000
7156339.041673 7156339.041673 1.000000
7156118.711322 7156118.711322 1.000000
7155906.828288 7155906.828288 1.000000
7156525.699593 7156525.699593 1.000000
7156699.274173 7156699.274173 1.000000
7156566.821605 7156566.821605 1.000000
7156399.738722 7156399.738722 1.000000
7155979.497254 7155979.497254 1.000000
7156110.761895 7156110.761895 1.000000
7155981.547879 7155981.547879 1.000000
7156694.967802 7156694.967802 1.000000
7156015.776918 7156015.776918 1.000000
7155842.841344 7155842.841344 1.000000
7156314.211601 7156314.211601 1.000000
7156211.141566 7156211.141566 1.000000
7155779.360970 7155779.360970 1.000000
7155486.797405 7155486.797405 1.000000
7155364.410305 7155364.410305 1.000000
7155894.846196 7155894.846196 1.000000
7154975.626685 7154975.626685 1.000000
7154482.423356 7154482.423356 1.000000
7153974.803540 7153974.803540 1.000000
7154869.152731 7154869.152731 1.000000
7154863.900655 7154863.900655 1.000000
7154866.558322 7154866.558322 1.000000
7154707.653814 7154707.653814 1.000000
7154911.424363 7154911.424363 1.000000
7154580.535140 7154580.535140 1.000000
7154979.618946 7154979.618946 1.000000
7154776.923762 7154776.923762 1.000000
7154032.287144 7154032.287144 1.000000
7153834.457161 7153834.457161 1.000000
7154133.286839 7154133.286839 1.000000
7154338.435202 7154338.435202 1.000000
7153905.693888 7153905.693888 1.000000
7154137.921962 7154137.921962 1.000000
7153932.516011 7153932.516011 1.000000
7154739.310964 7154739.310964 1.000000
7154987.685111 7154987.685111 1.000000
7154596.155184 7154596.155184 1.000000
7154819.291674 7154819.291674 1.000000
7154665.004838 7154665.004838 1.000000
7154566.517365 7154566.517365 1.000000
7154701.481894 7154701.481894 1.000000
7154443.954377 7154443.954377 1.000000
7154584.627781 7154584.627781 1.000000
7154336.255389 7154336.255389 1.000000
7154208.590520 7154208.590520 1.000000
7154119.239825 7154119.239825 1.000000
7153706.943410 7153706.943410 1.000000
7154479.777528 7154479.777528 1.000000
7154552.442075 7154552.442075 1.000000
7154325.118233 7154325.118233 1.000000
7154978.109090 7154978.109090 1.000000
7154629.335144 7154629.335144 1.000000
7154352.554178 7154352.554178 1.000000
7154229.442248 7154229.442248 1.000000
7154671.693327 7154671.693327 1.000000
7154151.974951 7154151.974951 1.000000
7154819.364938 7154819.364938 1.000000
7154645.434590 7154645.434590 1.000000
7154233.555861 7154233.555861 1.000000
7154219.084767 7154219.084767 1.000000
7154169.118783 7154169.118783 1.000000
7153886.985235 7153886.985235 1.000000
7153726.393422 7153726.393422 1.000000
7153713.454195 7153713.454195 1.000000
7153440.319281 7153440.319281 1.000000
7153586.990674 7153586.990674 1.000000
7154095.966712 7154095.966712 1.000000
7153988.568599 7153988.568599 1.000000
7152996.241663 7152996.241663 1.000000
7152891.125933 7152891.125933 1.000000
7153455.594230 7153455.594230 1.000000
7153304.536643 7153304.536643 1.000000
7153012.547548 7153012.547548 1.000000
7153157.963988 7153157.963988 1.000000
7152834.970910 7152834.970910 1.000000
7152929.691459 7152929.691459 1.000000
7153370.693312 7153370.693312 1.000000
7153420.092018 7153420.092018 1.000000
7152660.069018 7152660.069018 1.000000
7152371.749798 7152371.749798 1.000000
7152756.149376 7152756.149376 1.000000
7152491.702110 7152491.702110 1.000000
7152062.460772 7152062.460772 1.000000
7152314.179293 7152314.179293 1.000000
7152121.741291 7152121.741291 1.000000
7152240.585167 7152240.585167 1.000000
7151969.296410 7151969.296410 1.000000
7152102.201731 7152102.201731 1.000000
7151952.542291 7151952.542291 1.000000
7150956.993013 7150956.993013 1.000000
7150830.304566 7150830.304566 1.000000
7151091.153908 7151091.153908 1.000000
7150943.994815 7150943.994815 1.000000
7150289.411535 7150289.411535 1.000000
7149774.086639 7149774.086639 1.000000
7149357.300131 7149357.300131 1.000000
7148831.661317 7148831.661317 1.000000
7148242.499577 7148242.499577 1.000000
7147711.192563 7147711.192563 1.000000
7147342.778910 7147342.778910 1.000000
