7220111.056847 7220111.056847 1.000000
7220241.810385 7220241.810385 1.000000
7220145.656412 7220145.656412 1.000000
7220278.069500 7220278.069500 1.000000
7220373.879325 7220373.879325 1.000000
7220316.730020 7220316.730020 1.000000
7220467.884930 7220467.884930 1.000000
7220419.868409 7220419.868409 1.000000
7220299.063984 7220299.063984 1.000000
7220418.319255 7220418.319255 1.000000
7220275.605587 7220275.605587 1.000000
7219391.869778 7219391.869778 1.000000
7219261.023706 7219261.023706 1.000000
7219137.424529 7219137.424529 1.000000
7218979.221700 7218979.221700 1.000000
7218807.026941 7218807.026941 1.000000
7218969.724029 7218969.724029 1.000000
7218789.067291 7218789.067291 1.000000
7219185.028155 7219185.028155 1.000000
7219029.041403 7219029.041403 1.000000
7219152.732113 7219152.732113 1.000000
7219306.489972 7219306.489972 1.000000
7219426.230743 7219426.230743 1.000000
7219289.814178 7219289.814178 1.000000
7219198.874456 7219198.874456 1.000000
7219072.917829 7219072.917829 1.000000
7219134.694065 7219134.694065 1.000000
7219083.563161 7219083.563161 1.000000
7218887.767743 7218887.767743 1.000000
7218978.639833 7218978.639833 1.000000
7218869.846241 7218869.846241 1.000000
7218982.846488 7218982.846488 1.000000
7218920.557257 7218920.557257 1.000000
7218828.163686 7218828.163686 1.000000
7218909.593495 7218909.593495 1.000000
7218764.319358 7218764.319358 1.000000
7218629.121386 7218629.121386 1.000000
7218738.002225 7218738.002225 1.000000
7218838.116260 7218838.116260 1.000000
7218878.715212 7218878.715212 1.000000
7217939.003698 7217939.003698 1.000000
7217028.864849 7217028.864849 1.000000
7216911.309202 7216911.309202 1.000000
7216784.661305 7216784.661305 1.000000
7216651.966353 7216651.966353 1.000000
7216689.659352 7216689.659352 1.000000
7217392.388747 7217392.388747 1.000000
7217261.781463 7217261.781463 1.000000
7217862.867663 7217862.867663 1.000000
7217724.682221 7217724.682221 1.000000
7217684.797135 7217684.797135 1.000000
7218513.067622 7218513.067622 1.000000
7218234.109422 7218234.109422 1.000000
7219190.602158 7219190.602158 1.000000
7218619.634919 7218619.634919 1.000000
7219182.339684 7219182.339684 1.000000
7219224.965238 7219224.965238 1.000000
7219170.919856 7219170.919856 1.000000
7219219.389783 7219219.389783 1.000000
7218281.826853 7218281.826853 1.000000
7218442.042111 7218442.042111 1.000000
7218522.194764 7218522.194764 1.000000
7218422.595816 7218422.595816 1.000000
7218486.999129 7218486.999129 1.000000
7218371.864413 7218371.864413 1.000000
7218429.793361 7218429.793361 1.000000
7218162.148093 7218162.148093 1.000000
7218100.037678 7218100.037678 1.000000
7218205.286499 7218205.286499 1.000000
7218308.309208 7218308.309208 1.000000
7218401.094552 7218401.094552 1.000000
7218443.008304 7218443.008304 1.000000
7217658.353719 7217658.353719 1.000000
7217603.666581 7217603.666581 1.000000
7217540.696454 7217540.696454 1.000000
7217440.996575 7217440.996575 1.000000
7217555.088249 7217555.088249 1.000000
7217451.635857 7217451.635857 1.000000
7217495.524982 7217495.524982 1.000000
7217423.706773 7217423.706773 1.000000
7217383.782268 7217383.782268 1.000000
7217460.209043 7217460.209043 1.000000
7217566.774339 7217566.774339 1.000000
7217702.001058 7217702.001058 1.000000
7217839.348209 7217839.348209 1.000000
7217903.090907 7217903.090907 1.000000
7217249.981942 7217249.981942 1.000000
7217091.609102 7217091.609102 1.000000
7217008.795817 7217008.795817 1.000000
7216816.778961 7216816.778961 1.000000
7216694.991014 7216694.991014 1.000000
7216557.084011 7216557.084011 1.000000
7217183.694968 7217183.694968 1.000000
7217549.382230 7217549.382230 1.000000
7217655.684031 7217655.684031 1.000000
7217018.623500 7217018.623500 1.000000
7217130.412863 7217130.412863 1.000000
7217182.392979 7217182.392979 1.000000
7217287.896962 7217287.896962 1.000000
7217333.256081 7217333.256081 1.000000
7216412.657347 7216412.657347 1.000000
7216358.675507 7216358.675507 1.000000
7216315.157876 7216315.157876 1.000000
7216245.085436 7216245.085436 1.000000
7216314.958151 7216314.958151 1.000000
7216250.810342 7216250.810342 1.000000
7216351.469297 7216351.469297 1.000000
7216193.994147 7216193.994147 1.000000
7216135.673349 7216135.673349 1.000000
7216088.598304 7216088.598304 1.000000
7216160.142138 7216160.142138 1.000000
7216051.076178 7216051.076178 1.000000
7216763.134782 7216763.134782 1.000000
7216683.013073 7216683.013073 1.000000
7216622.740712 7216622.740712 1.000000
7216761.791277 7216761.791277 1.000000
7216924.852394 7216924.852394 1.000000
7217045.419068 7217045.419068 1.000000
7217126.208383 7217126.208383 1.000000
7217049.366313 7217049.366313 1.000000
7216955.695361 7216955.695361 1.000000
7216835.101562 7216835.101562 1.000000
7216675.580884 7216675.580884 1.000000
7216804.437162 7216804.437162 1.000000
7216947.352015 7216947.352015 1.000000
7216788.348997 7216788.348997 1.000000
7216910.412210 7216910.412210 1.000000
7216624.752400 7216624.752400 1.000000
7216519.272990 7216519.272990 1.000000
7216584.625875 7216584.625875 1.000000
7216672.231814 7216672.231814 1.000000
7216390.738808 7216390.738808 1.000000
7216263.485055 7216263.485055 1.000000
7216431.183504 7216431.183504 1.000000
7216536.185990 7216536.185990 1.000000
7216475.737330 7216475.737330 1.000000
7216615.030747 7216615.030747 1.000000
7216503.117066 7216503.117066 1.000000
7216386.750669 7216386.750669 1.000000
7216408.674924 7216408.674924 1.000000
7216448.958509 7216448.958509 1.000000
7216284.594580 7216284.594580 1.000000
7216372.137621 7216372.137621 1.000000
7216500.198424 7216500.198424 1.000000
7216399.094711 7216399.094711 1.000000
7216299.458400 7216299.458400 1.000000
7216166.022560 7216166.022560 1.000000
7215705.161298 7215705.161298 1.000000
7215843.425214 7215843.425214 1.000000
7215965.404752 7215965.404752 1.000000
7216028.357394 7216028.357394 1.000000
7215885.807379 7215885.807379 1.000000
7216857.487194 7216857.487194 1.000000
7216763.022298 7216763.022298 1.000000
7216993.545581 7216993.545581 1.000000
7216859.098694 7216859.098694 1.000000
7217780.710082 7217780.710082 1.000000
7217661.240573 7217661.240573 1.000000
7217586.707839 7217586.707839 1.000000
7217482.894298 7217482.894298 1.000000
7216993.797986 7216993.797986 1.000000
7216838.152098 7216838.152098 1.000000
7216672.385885 7216672.385885 1.000000
7216798.668317 7216798.668317 1.000000
7215870.600658 7215870.600658 1.000000
7215697.597022 7215697.597022 1.000000
7215655.749586 7215655.749586 1.000000
7215635.595481 7215635.595481 1.000000
7215689.603256 7215689.603256 1.000000
7215535.948478 7215535.948478 1.000000
7215394.122120 7215394.122120 1.000000
7215293.822632 7215293.822632 1.000000
7215349.567862 7215349.567862 1.000000
7215164.090604 7215164.090604 1.000000
7214976.844416 7214976.844416 1.000000
7214937.205678 7214937.205678 1.000000
7214743.747020 7214743.747020 1.000000
7214722.729680 7214722.729680 1.000000
7214639.915978 7214639.915978 1.000000
7214884.754512 7214884.754512 1.000000
7215242.026324 7215242.026324 1.000000
7215098.275526 7215098.275526 1.000000
7215141.983566 7215141.983566 1.000000
7214547.444861 7214547.444861 1.000000
7214454.720074 7214454.720074 1.000000
7214539.366684 7214539.366684 1.000000
7215125.392870 7215125.392870 1.000000
7215058.130948 7215058.130948 1.000000
7214998.271531 7214998.271531 1.000000
7214897.459818 7214897.459818 1.000000
7214812.884782 7214812.884782 1.000000
7214956.913029 7214956.913029 1.000000
7214878.466272 7214878.466272 1.000000
7214764.252635 7214764.252635 1.000000
7214638.155711 7214638.155711 1.000000
7215305.464963 7215305.464963 1.000000
7215667.030143 7215667.030143 1.000000
7215221.508824 7215221.508824 1.000000
7215032.556691 7215032.556691 1.000000
7214937.636443 7214937.636443 1.000000
7214865.354709 7214865.354709 1.000000
7214741.314264 7214741.314264 1.000000
7214885.697591 7214885.697591 1.000000
7214810.958896 7214810.958896 1.000000
7214746.930294 7214746.930294 1.000000
7214828.955210 7214828.955210 1.000000
7215344.799100 7215344.799100 1.000000
7215242.849065 7215242.849065 1.000000
7215117.377812 7215117.377812 1.000000
7215071.708477 7215071.708477 1.000000
7215156.433526 7215156.433526 1.000000
7215049.126099 7215049.126099 1.000000
7214912.167504 7214912.167504 1.000000
7214772.912752 7214772.912752 1.000000
7214706.983488 7214706.983488 1.000000
7214588.635150 7214588.635150 1.000000
7213904.734244 7213904.734244 1.000000
7214054.587824 7214054.587824 1.000000
7214151.412824 7214151.412824 1.000000
7214281.058710 7214281.058710 1.000000
7214215.623738 7214215.623738 1.000000
7214156.892997 7214156.892997 1.000000
7214111.848399 7214111.848399 1.000000
7213947.642419 7213947.642419 1.000000
7213858.541797 7213858.541797 1.000000
7213996.673591 7213996.673591 1.000000
7213864.439044 7213864.439044 1.000000
7213844.051051 7213844.051051 1.000000
7213796.655226 7213796.655226 1.000000
7213714.616632 7213714.616632 1.000000
7213605.997207 7213605.997207 1.000000
7212631.129944 7212631.129944 1.000000
7213571.610255 7213571.610255 1.000000
7213431.557306 7213431.557306 1.000000
7213510.181774 7213510.181774 1.000000
7213556.475711 7213556.475711 1.000000
7213752.612441 7213752.612441 1.000000
7213631.638954 7213631.638954 1.000000
7213513.140124 7213513.140124 1.000000
7213395.717035 7213395.717035 1.000000
7212787.431764 7212787.431764 1.000000
7212901.344457 7212901.344457 1.000000
7212953.584272 7212953.584272 1.000000
7212996.353735 7212996.353735 1.000000
7212476.095574 7212476.095574 1.000000
7212544.952864 7212544.952864 1.000000
7212635.716011 7212635.716011 1.000000
7212803.042374 7212803.042374 1.000000
7212751.518049 7212751.518049 1.000000
7212823.302833 7212823.302833 1.000000
7212984.602711 7212984.602711 1.000000
7212789.723030 7212789.723030 1.000000
7213148.330253 7213148.330253 1.000000
7213105.438761 7213105.438761 1.000000
7213025.243169 7213025.243169 1.000000
7213064.246387 7213064.246387 1.000000
7214059.113737 7214059.113737 1.000000
7214006.619852 7214006.619852 1.000000
7214116.011392 7214116.011392 1.000000
7214283.060458 7214283.060458 1.000000
7214339.339789 7214339.339789 1.000000
7214226.646163 7214226.646163 1.000000
7214368.490502 7214368.490502 1.000000
7213727.970476 7213727.970476 1.000000
7213566.821111 7213566.821111 1.000000
7213690.429681 7213690.429681 1.000000
7213807.320238 7213807.320238 1.000000
7213843.808047 7213843.808047 1.000000
7213982.104107 7213982.104107 1.000000
7214856.958021 7214856.958021 1.000000
7214808.767455 7214808.767455 1.000000
7214910.020090 7214910.020090 1.000000
7214799.195769 7214799.195769 1.000000
7214895.917681 7214895.917681 1.000000
7215022.026319 7215022.026319 1.000000
7215079.369547 7215079.369547 1.000000
7215121.456678 7215121.456678 1.000000
7214405.865103 7214405.865103 1.000000
7214554.997290 7214554.997290 1.000000
7215371.116106 7215371.116106 1.000000
7215404.758956 7215404.758956 1.000000
7215252.314773 7215252.314773 1.000000
7215408.848856 7215408.848856 1.000000
7219847.577510 7219847.577510 1.000000
7219793.587404 7219793.587404 1.000000
7219726.706578 7219726.706578 1.000000
7219629.832840 7219629.832840 1.000000
7219523.597374 7219523.597374 1.000000
7219384.251510 7219384.251510 1.000000
7219265.799307 7219265.799307 1.000000
7219094.183791 7219094.183791 1.000000
7218951.361666 7218951.361666 1.000000
7218825.697280 7218825.697280 1.000000
7218722.607339 7218722.607339 1.000000
7218611.760023 7218611.760023 1.000000
7218553.026391 7218553.026391 1.000000
7218449.050387 7218449.050387 1.000000
7218325.047566 7218325.047566 1.000000
7218280.170493 7218280.170493 1.000000
7218131.046450 7218131.046450 1.000000
7217295.842753 7217295.842753 1.000000
7217190.841103 7217190.841103 1.000000
7217054.801820 7217054.801820 1.000000
7216909.975377 7216909.975377 1.000000
7216844.329475 7216844.329475 1.000000
7215911.095074 7215911.095074 1.000000
7215801.022617 7215801.022617 1.000000
7215383.391720 7215383.391720 1.000000
7215313.859973 7215313.859973 1.000000
7215198.790839 7215198.790839 1.000000
7215006.453563 7215006.453563 1.000000
7214954.953702 7214954.953702 1.000000
7214790.735032 7214790.735032 1.000000
7214903.611777 7214903.611777 1.000000
7214835.888830 7214835.888830 1.000000
7214718.345592 7214718.345592 1.000000
7214613.537932 7214613.537932 1.000000
7214716.476860 7214716.476860 1.000000
7214549.819020 7214549.819020 1.000000
7214463.098184 7214463.098184 1.000000
7214574.588270 7214574.588270 1.000000
7214467.632611 7214467.632611 1.000000
7214562.651802 7214562.651802 1.000000
7214460.390049 7214460.390049 1.000000
7214344.114165 7214344.114165 1.000000
7214165.026810 7214165.026810 1.000000
7214084.420053 7214084.420053 1.000000
7213973.440919 7213973.440919 1.000000
7213915.556754 7213915.556754 1.000000
7213755.976956 7213755.976956 1.000000
7213713.474401 7213713.474401 1.000000
7213768.464882 7213768.464882 1.000000
7213698.227492 7213698.227492 1.000000
7213604.246204 7213604.246204 1.000000
7213649.634278 7213649.634278 1.000000
7213543.302030 7213543.302030 1.000000
7213456.797851 7213456.797851 1.000000
7213327.962368 7213327.962368 1.000000
7212551.622624 7212551.622624 1.000000
7212594.456998 7212594.456998 1.000000
7212511.120418 7212511.120418 1.000000
7212444.449240 7212444.449240 1.000000
7212317.972856 7212317.972856 1.000000
7212218.824780 7212218.824780 1.000000
7212077.305186 7212077.305186 1.000000
7212657.861431 7212657.861431 1.000000
7212540.151725 7212540.151725 1.000000
7212673.657780 7212673.657780 1.000000
7212582.135214 7212582.135214 1.000000
7212450.484267 7212450.484267 1.000000
7212172.088216 7212172.088216 1.000000
7212022.001981 7212022.001981 1.000000
7211953.883182 7211953.883182 1.000000
7211914.167158 7211914.167158 1.000000
7211796.455948 7211796.455948 1.000000
7211837.398235 7211837.398235 1.000000
7211774.082231 7211774.082231 1.000000
7211475.516064 7211475.516064 1.000000
7210710.576697 7210710.576697 1.000000
7210638.119767 7210638.119767 1.000000
7210558.707877 7210558.707877 1.000000
7210423.556378 7210423.556378 1.000000
7210331.706346 7210331.706346 1.000000
7210219.082747 7210219.082747 1.000000
7210267.615165 7210267.615165 1.000000
7210142.256361 7210142.256361 1.000000
7210252.454519 7210252.454519 1.000000
7210137.004050 7210137.004050 1.000000
7210092.002700 7210092.002700 1.000000
7209960.837283 7209960.837283 1.000000
7209801.388181 7209801.388181 1.000000
7209698.772089 7209698.772089 1.000000
7209538.458703 7209538.458703 1.000000
7219870.316869 7219870.316869 1.000000
7219800.722653 7219800.722653 1.000000
7219724.437623 7219724.437623 1.000000
7219633.472775 7219633.472775 1.000000
7219478.077029 7219478.077029 1.000000
7219408.936788 7219408.936788 1.000000
7219252.285418 7219252.285418 1.000000
7219182.527375 7219182.527375 1.000000
7219025.898541 7219025.898541 1.000000
7218956.205835 7218956.205835 1.000000
7218878.853809 7218878.853809 1.000000
7218772.144836 7218772.144836 1.000000
7218663.421672 7218663.421672 1.000000
7218580.997829 7218580.997829 1.000000
7218503.965495 7218503.965495 1.000000
7217573.525593 7217573.525593 1.000000
7217461.514110 7217461.514110 1.000000
7217360.199011 7217360.199011 1.000000
7217250.199313 7217250.199313 1.000000
7217106.149459 7217106.149459 1.000000
7217034.489594 7217034.489594 1.000000
7216977.929395 7216977.929395 1.000000
7216899.489470 7216899.489470 1.000000
7216757.417674 7216757.417674 1.000000
7216672.194528 7216672.194528 1.000000
7216579.885204 7216579.885204 1.000000
7216540.948709 7216540.948709 1.000000
7216393.477353 7216393.477353 1.000000
7216294.248406 7216294.248406 1.000000
7216151.363194 7216151.363194 1.000000
7215995.921928 7215995.921928 1.000000
7215844.350141 7215844.350141 1.000000
7215732.757665 7215732.757665 1.000000
7215594.372794 7215594.372794 1.000000
7215466.369244 7215466.369244 1.000000
7215303.054177 7215303.054177 1.000000
7215146.026188 7215146.026188 1.000000
7215016.971838 7215016.971838 1.000000
7214907.453811 7214907.453811 1.000000
7214735.794611 7214735.794611 1.000000
7214601.059504 7214601.059504 1.000000
7214439.187967 7214439.187967 1.000000
7214321.183873 7214321.183873 1.000000
7214171.718854 7214171.718854 1.000000
7214009.357229 7214009.357229 1.000000
7213875.334128 7213875.334128 1.000000
7213758.240496 7213758.240496 1.000000
7213630.746964 7213630.746964 1.000000
7213519.518368 7213519.518368 1.000000
7213381.385268 7213381.385268 1.000000
7213250.709997 7213250.709997 1.000000
7213116.336033 7213116.336033 1.000000
7212978.588011 7212978.588011 1.000000
7212840.964508 7212840.964508 1.000000
7212678.675963 7212678.675963 1.000000
7212560.591952 7212560.591952 1.000000
7212419.230486 7212419.230486 1.000000
7212259.320910 7212259.320910 1.000000
7212147.558088 7212147.558088 1.000000
7212023.156291 7212023.156291 1.000000
7211903.386663 7211903.386663 1.000000
7211812.005110 7211812.005110 1.000000
7211713.159719 7211713.159719 1.000000
7211618.076487 7211618.076487 1.000000
7211548.810759 7211548.810759 1.000000
7211459.578835 7211459.578835 1.000000
7211406.121978 7211406.121978 1.000000
7211283.633889 7211283.633889 1.000000
7211170.118172 7211170.118172 1.000000
7211044.474898 7211044.474898 1.000000
7210939.270926 7210939.270926 1.000000
7210851.224624 7210851.224624 1.000000
7210753.901845 7210753.901845 1.000000
7210693.545461 7210693.545461 1.000000
7210590.946806 7210590.946806 1.000000
7210464.747628 7210464.747628 1.000000
7210306.832660 7210306.832660 1.000000
7210204.668955 7210204.668955 1.000000
7209871.055735 7209871.055735 1.000000
7209747.451126 7209747.451126 1.000000
7209640.262354 7209640.262354 1.000000
7209483.390482 7209483.390482 1.000000
7209379.845744 7209379.845744 1.000000
7209263.394489 7209263.394489 1.000000
7209190.017071 7209190.017071 1.000000
7209124.700929 7209124.700929 1.000000
7208967.529413 7208967.529413 1.000000
7208840.380428 7208840.380428 1.000000
7208720.799993 7208720.799993 1.000000
7208580.853997 7208580.853997 1.000000
7208456.555936 7208456.555936 1.000000
7208311.161751 7208311.161751 1.000000
7208254.952963 7208254.952963 1.000000
7208142.171461 7208142.171461 1.000000
7208026.349380 7208026.349380 1.000000
7207929.027008 7207929.027008 1.000000
7207817.414699 7207817.414699 1.000000
7207718.231145 7207718.231145 1.000000
7207616.518784 7207616.518784 1.000000
7207564.992146 7207564.992146 1.000000
7207422.196002 7207422.196002 1.000000
7207345.272592 7207345.272592 1.000000
7207246.958119 7207246.958119 1.000000
7207211.039058 7207211.039058 1.000000
7207048.641866 7207048.641866 1.000000
7206976.325414 7206976.325414 1.000000
7206810.457726 7206810.457726 1.000000
7206721.064449 7206721.064449 1.000000
7206616.953505 7206616.953505 1.000000
7206491.470325 7206491.470325 1.000000
7206349.378582 7206349.378582 1.000000
7206199.362934 7206199.362934 1.000000
7206055.947815 7206055.947815 1.000000
7205942.639599 7205942.639599 1.000000
7205840.509292 7205840.509292 1.000000
7205690.330846 7205690.330846 1.000000
7205597.831532 7205597.831532 1.000000
7205489.473900 7205489.473900 1.000000
7205388.986749 7205388.986749 1.000000
7205271.341373 7205271.341373 1.000000
7205164.207927 7205164.207927 1.000000
7204998.090225 7204998.090225 1.000000
7204923.417190 7204923.417190 1.000000
7204801.439071 7204801.439071 1.000000
7204639.534484 7204639.534484 1.000000
7150102.138784 7150102.138784 1.000000
7150178.505733 7150178.505733 1.000000
7150287.463104 7150287.463104 1.000000
7150378.487779 7150378.487779 1.000000
7150544.164428 7150544.164428 1.000000
7150668.781784 7150668.781784 1.000000
7150772.791544 7150772.791544 1.000000
7150809.674896 7150809.674896 1.000000
7150888.250888 7150888.250888 1.000000
7150928.862569 7150928.862569 1.000000
7150995.727500 7150995.727500 1.000000
7150661.283763 7150661.283763 1.000000
7151183.214117 7151183.214117 1.000000
7151259.228446 7151259.228446 1.000000
7151325.333619 7151325.333619 1.000000
7179921.655429 7179921.655429 1.000000
7179868.495076 7179868.495076 1.000000
7179712.998673 7179712.998673 1.000000
7179616.428862 7179616.428862 1.000000
7179560.105152 7179560.105152 1.000000
7179449.932599 7179449.932599 1.000000
7179336.293288 7179336.293288 1.000000
7179235.496229 7179235.496229 1.000000
7179123.910386 7179123.910386 1.000000
7179014.550470 7179014.550470 1.000000
7178950.140926 7178950.140926 1.000000
7174888.609364 7174888.609364 1.000000
7174809.833401 7174809.833401 1.000000
7174747.080768 7174747.080768 1.000000
7174666.696002 7174666.696002 1.000000
7174580.578795 7174580.578795 1.000000
7174517.312415 7174517.312415 1.000000
7174429.121950 7174429.121950 1.000000
7174314.493706 7174314.493706 1.000000
7174223.347677 7174223.347677 1.000000
7174110.046949 7174110.046949 1.000000
7174054.994087 7174054.994087 1.000000
7173970.517417 7173970.517417 1.000000
7173835.644523 7173835.644523 1.000000
7173731.442892 7173731.442892 1.000000
7173645.519621 7173645.519621 1.000000
7173550.658429 7173550.658429 1.000000
7173459.509455 7173459.509455 1.000000
7173352.006159 7173352.006159 1.000000
7173284.427956 7173284.427956 1.000000
7173173.603395 7173173.603395 1.000000
7173051.779518 7173051.779518 1.000000
7172974.155317 7172974.155317 1.000000
7164883.752165 7164883.752165 1.000000
7164706.931959 7164706.931959 1.000000
7164672.886843 7164672.886843 1.000000
7164567.876064 7164567.876064 1.000000
7164517.942039 7164517.942039 1.000000
7164148.952976 7164148.952976 1.000000
7164083.517339 7164083.517339 1.000000
7164032.958574 7164032.958574 1.000000
7163979.485416 7163979.485416 1.000000
7163887.432982 7163887.432982 1.000000
7163799.356179 7163799.356179 1.000000
7163724.856028 7163724.856028 1.000000
7163687.691444 7163687.691444 1.000000
7163626.787244 7163626.787244 1.000000
7163566.421305 7163566.421305 1.000000
7163494.753953 7163494.753953 1.000000
7163420.925030 7163420.925030 1.000000
7163311.180128 7163311.180128 1.000000
7163263.319089 7163263.319089 1.000000
7163186.611876 7163186.611876 1.000000
7163110.553110 7163110.553110 1.000000
7162123.078349 7162123.078349 1.000000
7162022.238973 7162022.238973 1.000000
7161719.957839 7161719.957839 1.000000
7161612.298072 7161612.298072 1.000000
7161263.578152 7161263.578152 1.000000
7160914.140260 7160914.140260 1.000000
7160483.988871 7160483.988871 1.000000
7160427.929619 7160427.929619 1.000000
7159687.382349 7159687.382349 1.000000
7159649.139833 7159649.139833 1.000000
7159660.275696 7159660.275696 1.000000
7159241.569678 7159241.569678 1.000000
7158807.357047 7158807.357047 1.000000
7158325.712986 7158325.712986 1.000000
7157897.204973 7157897.204973 1.000000
7157184.431721 7157184.431721 1.000000
7157142.569485 7157142.569485 1.000000
7157090.621385 7157090.621385 1.000000
7157007.443149 7157007.443149 1.000000
7156961.526235 7156961.526235 1.000000
7156909.627334 7156909.627334 1.000000
7155975.500895 7155975.500895 1.000000
7156012.638492 7156012.638492 1.000000
7156919.718327 7156919.718327 1.000000
7156855.923864 7156855.923864 1.000000
7157387.117803 7157387.117803 1.000000
7157095.148901 7157095.148901 1.000000
7157575.930933 7157575.930933 1.000000
7157533.184621 7157533.184621 1.000000
7156596.602891 7156596.602891 1.000000
7156487.414249 7156487.414249 1.000000
7156328.431033 7156328.431033 1.000000
7156530.208257 7156530.208257 1.000000
7156320.982841 7156320.982841 1.000000
7156234.996161 7156234.996161 1.000000
7156182.352433 7156182.352433 1.000000
7155871.119758 7155871.119758 1.000000
7155910.816078 7155910.816078 1.000000
7156890.778586 7156890.778586 1.000000
7157590.545279 7157590.545279 1.000000
7157526.754486 7157526.754486 1.000000
7157600.964828 7157600.964828 1.000000
7157700.530066 7157700.530066 1.000000
7157761.535549 7157761.535549 1.000000
7157879.141900 7157879.141900 1.000000
7158043.907636 7158043.907636 1.000000
7158125.684993 7158125.684993 1.000000
7158275.191764 7158275.191764 1.000000
7158393.677536 7158393.677536 1.000000
7158507.053423 7158507.053423 1.000000
7158610.171193 7158610.171193 1.000000
7158722.346447 7158722.346447 1.000000
7158835.625292 7158835.625292 1.000000
7158944.197966 7158944.197966 1.000000
7159054.557127 7159054.557127 1.000000
7159142.136598 7159142.136598 1.000000
7159199.137051 7159199.137051 1.000000
7159336.237578 7159336.237578 1.000000
7159474.170968 7159474.170968 1.000000
7159580.939292 7159580.939292 1.000000
7159689.054851 7159689.054851 1.000000
7159806.817326 7159806.817326 1.000000
7159852.271717 7159852.271717 1.000000
7159992.520280 7159992.520280 1.000000
7160084.037622 7160084.037622 1.000000
7160218.993890 7160218.993890 1.000000
7160319.910582 7160319.910582 1.000000
7160439.302075 7160439.302075 1.000000
7160554.361955 7160554.361955 1.000000
7160700.230414 7160700.230414 1.000000
7160818.117975 7160818.117975 1.000000
7160970.348656 7160970.348656 1.000000
7161084.567565 7161084.567565 1.000000
7161148.290123 7161148.290123 1.000000
7161310.463513 7161310.463513 1.000000
7161453.622934 7161453.622934 1.000000
7161583.032654 7161583.032654 1.000000
7161719.657873 7161719.657873 1.000000
7161839.542229 7161839.542229 1.000000
7161963.899729 7161963.899729 1.000000
7162122.360851 7162122.360851 1.000000
7162224.235483 7162224.235483 1.000000
7162371.505699 7162371.505699 1.000000
7162535.575708 7162535.575708 1.000000
7162620.980416 7162620.980416 1.000000
7162740.023406 7162740.023406 1.000000
7162894.747913 7162894.747913 1.000000
7163029.663216 7163029.663216 1.000000
7163161.936302 7163161.936302 1.000000
7163310.927155 7163310.927155 1.000000
7163429.553390 7163429.553390 1.000000
7163564.848024 7163564.848024 1.000000
7163687.379194 7163687.379194 1.000000
7163842.820073 7163842.820073 1.000000
7164000.229520 7164000.229520 1.000000
7164103.764548 7164103.764548 1.000000
7164209.242064 7164209.242064 1.000000
7164373.746155 7164373.746155 1.000000
7164476.395450 7164476.395450 1.000000
7164521.936902 7164521.936902 1.000000
7164629.799938 7164629.799938 1.000000
7164742.349211 7164742.349211 1.000000
7164902.804025 7164902.804025 1.000000
7165056.716054 7165056.716054 1.000000
7165153.473110 7165153.473110 1.000000
7165290.547708 7165290.547708 1.000000
7165392.589705 7165392.589705 1.000000
7165503.722939 7165503.722939 1.000000
7165658.420160 7165658.420160 1.000000
7165114.135117 7165114.135117 1.000000
7165175.269915 7165175.269915 1.000000
7165260.078415 7165260.078415 1.000000
7165330.903902 7165330.903902 1.000000
7166268.098921 7166268.098921 1.000000
7166403.911276 7166403.911276 1.000000
7166497.043307 7166497.043307 1.000000
7166794.141188 7166794.141188 1.000000
7166867.729499 7166867.729499 1.000000
7166914.641040 7166914.641040 1.000000
7167060.973121 7167060.973121 1.000000
7167144.429855 7167144.429855 1.000000
7167257.953007 7167257.953007 1.000000
7167398.139318 7167398.139318 1.000000
7167464.782449 7167464.782449 1.000000
7167405.418976 7167405.418976 1.000000
7165070.765122 7165070.765122 1.000000
7165123.685717 7165123.685717 1.000000
7165174.537797 7165174.537797 1.000000
7165212.667131 7165212.667131 1.000000
7165892.192978 7165892.192978 1.000000
7166883.369524 7166883.369524 1.000000
7166533.481566 7166533.481566 1.000000
7166613.384478 7166613.384478 1.000000
7166573.650420 7166573.650420 1.000000
7166615.341832 7166615.341832 1.000000
7166659.126569 7166659.126569 1.000000
