7312996.550915 7312996.550915 1.000000
7316581.677083 7316581.677083 1.000000
7309373.029604 7309373.029604 1.000000
7310603.582685 7310603.582685 1.000000
7316283.880112 7316283.880112 1.000000
7315230.042143 7315230.042143 1.000000
7311079.103970 7311079.103970 1.000000
7310957.971848 7310957.971848 1.000000
7314420.721033 7314420.721033 1.000000
7309431.012513 7309431.012513 1.000000
7305509.345762 7305509.345762 1.000000
7310169.946542 7310169.946542 1.000000
7316076.808475 7316076.808475 1.000000
7313673.638185 7313673.638185 1.000000
7312356.785461 7312356.785461 1.000000
7310604.970384 7310604.970384 1.000000
7311172.754661 7311172.754661 1.000000
7307842.003776 7307842.003776 1.000000
7312317.457977 7312317.457977 1.000000
7313248.398238 7313248.398238 1.000000
7309538.254556 7309538.254556 1.000000
7310051.364924 7310051.364924 1.000000
7310548.197798 7310548.197798 1.000000
7309569.920040 7309569.920040 1.000000
7307654.315494 7307654.315494 1.000000
7313439.887448 7313439.887448 1.000000
7309591.160933 7309591.160933 1.000000
7317964.713885 7317964.713885 1.000000
7313307.150897 7313307.150897 1.000000
7315885.725266 7315885.725266 1.000000
7311766.305707 7311766.305707 1.000000
7313541.432879 7313541.432879 1.000000
7313888.300673 7313888.300673 1.000000
7309809.905824 7309809.905824 1.000000
7313152.987585 7313152.987585 1.000000
7314139.659651 7314139.659651 1.000000
7308634.734149 7308634.734149 1.000000
7310053.696283 7310053.696283 1.000000
7313080.680094 7313080.680094 1.000000
7310511.713978 7310511.713978 1.000000
7312278.639327 7312278.639327 1.000000
7314379.765113 7314379.765113 1.000000
7313426.518252 7313426.518252 1.000000
7312371.719700 7312371.719700 1.000000
7309367.630147 7309367.630147 1.000000
7308083.946300 7308083.946300 1.000000
7314799.623241 7314799.623241 1.000000
7314172.661607 7314172.661607 1.000000
7308719.877913 7308719.877913 1.000000
7309762.396488 7309762.396488 1.000000
7312897.102486 7312897.102486 1.000000
7313045.492687 7313045.492687 1.000000
7311122.546944 7311122.546944 1.000000
7310139.052377 7310139.052377 1.000000
7309274.889947 7309274.889947 1.000000
7316809.227649 7316809.227649 1.000000
7314315.887028 7314315.887028 1.000000
7314521.462481 7314521.462481 1.000000
7313951.702261 7313951.702261 1.000000
7312858.692283 7312858.692283 1.000000
7312973.988561 7312973.988561 1.000000
7312527.120583 7312527.120583 1.000000
7313244.156431 7313244.156431 1.000000
7311187.479187 7311187.479187 1.000000
7312443.277359 7312443.277359 1.000000
7313987.001842 7313987.001842 1.000000
7313418.158582 7313418.158582 1.000000
7313598.416680 7313598.416680 1.000000
7313851.688041 7313851.688041 1.000000
7312374.038538 7312374.038538 1.000000
7308844.789771 7308844.789771 1.000000
7308973.762133 7308973.762133 1.000000
7312621.853258 7312621.853258 1.000000
7312762.015321 7312762.015321 1.000000
7312754.273423 7312754.273423 1.000000
7311213.889612 7311213.889612 1.000000
7311195.318530 7311195.318530 1.000000
7309922.037054 7309922.037054 1.000000
7312758.673766 7312758.673766 1.000000
7310873.221654 7310873.221654 1.000000
7309831.002177 7309831.002177 1.000000
7311524.571648 7311524.571648 1.000000
7312756.593199 7312756.593199 1.000000
7307672.289466 7307672.289466 1.000000
7313234.016624 7313234.016624 1.000000
7309128.511933 7309128.511933 1.000000
7309630.168615 7309630.168615 1.000000
7311401.918959 7311401.918959 1.000000
7312868.991442 7312868.991442 1.000000
7310978.157033 7310978.157033 1.000000
7309230.426050 7309230.426050 1.000000
7309414.876869 7309414.876869 1.000000
7311289.453403 7311289.453403 1.000000
7309806.744007 7309806.744007 1.000000
7310113.676243 7310113.676243 1.000000
7309488.884373 7309488.884373 1.000000
7312984.264449 7312984.264449 1.000000
7309017.479781 7309017.479781 1.000000
7312783.160460 7312783.160460 1.000000
7309817.260629 7309817.260629 1.000000
7309067.917875 7309067.917875 1.000000
7310709.473350 7310709.473350 1.000000
7307241.210414 7307241.210414 1.000000
7310060.847579 7310060.847579 1.000000
7306959.792549 7306959.792549 1.000000
7308682.290586 7308682.290586 1.000000
7307357.485979 7307357.485979 1.000000
7311422.053127 7311422.053127 1.000000
7308161.833328 7308161.833328 1.000000
7311572.717048 7311572.717048 1.000000
7308749.615019 7308749.615019 1.000000
7313110.733693 7313110.733693 1.000000
7308844.703602 7308844.703602 1.000000
7312247.341560 7312247.341560 1.000000
7311020.204266 7311020.204266 1.000000
7310711.891523 7310711.891523 1.000000
7307389.113089 7307389.113089 1.000000
7311796.099262 7311796.099262 1.000000
7312962.720070 7312962.720070 1.000000
7311452.138577 7311452.138577 1.000000
7309937.114959 7309937.114959 1.000000
7310553.670977 7310553.670977 1.000000
7308747.338780 7308747.338780 1.000000
7311679.328075 7311679.328075 1.000000
7308438.473876 7308438.473876 1.000000
7312057.509781 7312057.509781 1.000000
7311646.614878 7311646.614878 1.000000
7310599.516369 7310599.516369 1.000000
7309604.654118 7309604.654118 1.000000
7308500.141064 7308500.141064 1.000000
7310193.294110 7310193.294110 1.000000
7306745.790407 7306745.790407 1.000000
7310786.200942 7310786.200942 1.000000
7305721.422703 7305721.422703 1.000000
7315448.259746 7315448.259746 1.000000
7303643.353530 7303643.353530 1.000000
7310941.504971 7310941.504971 1.000000
7307331.557438 7307331.557438 1.000000
7310745.884201 7310745.884201 1.000000
7310723.185675 7310723.185675 1.000000
7301304.014313 7301304.014313 1.000000
7311641.510032 7311641.510032 1.000000
7305496.651579 7305496.651579 1.000000
7312389.838360 7312389.838360 1.000000
7303353.351795 7303353.351795 1.000000
7306890.642327 7306890.642327 1.000000
7306394.278151 7306394.278151 1.000000
7304199.985387 7304199.985387 1.000000
7310871.004301 7310871.004301 1.000000
7305112.260573 7305112.260573 1.000000
7308510.352372 7308510.352372 1.000000
7310094.143384 7310094.143384 1.000000
7310306.779532 7310306.779532 1.000000
7309243.670613 7309243.670613 1.000000
7309118.892844 7309118.892844 1.000000
7310562.491833 7310562.491833 1.000000
7307190.426701 7307190.426701 1.000000
7311290.418191 7311290.418191 1.000000
7306825.491377 7306825.491377 1.000000
7313489.109869 7313489.109869 1.000000
7311654.274637 7311654.274637 1.000000
7305070.343461 7305070.343461 1.000000
7310071.113868 7310071.113868 1.000000
7307541.095077 7307541.095077 1.000000
7313723.485150 7313723.485150 1.000000
