7333769.018488 7333769.018488 1.000000
7333640.641869 7333640.641869 1.000000
7330419.545557 7330419.545557 1.000000
7330284.935657 7330284.935657 1.000000
7332734.757459 7332734.757459 1.000000
7332351.417592 7332351.417592 1.000000
7332185.652681 7332185.652681 1.000000
7332073.414976 7332073.414976 1.000000
7331850.303930 7331850.303930 1.000000
7328518.792543 7328518.792543 1.000000
7329485.375472 7329485.375472 1.000000
7329036.319284 7329036.319284 1.000000
7328361.079127 7328361.079127 1.000000
7328280.671282 7328280.671282 1.000000
7325357.599216 7325357.599216 1.000000
7325768.091771 7325768.091771 1.000000
7325647.538990 7325647.538990 1.000000
7325401.490798 7325401.490798 1.000000
7325334.510129 7325334.510129 1.000000
7325273.055409 7325273.055409 1.000000
7325096.521163 7325096.521163 1.000000
7324998.576226 7324998.576226 1.000000
7324810.911999 7324810.911999 1.000000
7320687.021316 7320687.021316 1.000000
7319149.282947 7319149.282947 1.000000
7319079.635972 7319079.635972 1.000000
7314430.057736 7314430.057736 1.000000
7314359.312623 7314359.312623 1.000000
7314235.907279 7314235.907279 1.000000
7310955.515350 7310955.515350 1.000000
7309915.219008 7309915.219008 1.000000
7309859.286824 7309859.286824 1.000000
7309684.779094 7309684.779094 1.000000
7309604.806222 7309604.806222 1.000000
7309176.960824 7309176.960824 1.000000
7308738.435925 7308738.435925 1.000000
7308652.309803 7308652.309803 1.000000
7308478.980707 7308478.980707 1.000000
7307373.476068 7307373.476068 1.000000
7306538.261341 7306538.261341 1.000000
7306475.730402 7306475.730402 1.000000
7307091.931692 7307091.931692 1.000000
7311473.308677 7311473.308677 1.000000
7311382.395894 7311382.395894 1.000000
7311326.137749 7311326.137749 1.000000
7308552.936063 7308552.936063 1.000000
7308004.047354 7308004.047354 1.000000
7307872.585873 7307872.585873 1.000000
7307629.362253 7307629.362253 1.000000
7307519.722956 7307519.722956 1.000000
7307246.787550 7307246.787550 1.000000
7306511.133351 7306511.133351 1.000000
7306450.546477 7306450.546477 1.000000
7306146.814048 7306146.814048 1.000000
7305973.448353 7305973.448353 1.000000
7304691.254558 7304691.254558 1.000000
7302717.566094 7302717.566094 1.000000
7302565.173410 7302565.173410 1.000000
7302506.929982 7302506.929982 1.000000
7303086.180745 7303086.180745 1.000000
7302952.956548 7302952.956548 1.000000
7302869.612685 7302869.612685 1.000000
7302875.511061 7302875.511061 1.000000
7302962.002708 7302962.002708 1.000000
7302866.460964 7302866.460964 1.000000
7298275.359123 7298275.359123 1.000000
7298795.027474 7298795.027474 1.000000
7298742.126092 7298742.126092 1.000000
7298276.724057 7298276.724057 1.000000
7297861.768563 7297861.768563 1.000000
7297474.344427 7297474.344427 1.000000
7297542.161626 7297542.161626 1.000000
7297257.273212 7297257.273212 1.000000
7297135.185998 7297135.185998 1.000000
7296776.269936 7296776.269936 1.000000
7301665.349873 7301665.349873 1.000000
7301755.764535 7301755.764535 1.000000
7300912.118843 7300912.118843 1.000000
7299107.240747 7299107.240747 1.000000
7299156.875249 7299156.875249 1.000000
7299193.856798 7299193.856798 1.000000
7299472.991441 7299472.991441 1.000000
7300674.824162 7300674.824162 1.000000
7300642.250738 7300642.250738 1.000000
7300332.044890 7300332.044890 1.000000
7300280.585784 7300280.585784 1.000000
7300184.013662 7300184.013662 1.000000
7300245.206766 7300245.206766 1.000000
7297908.212143 7297908.212143 1.000000
7297781.768887 7297781.768887 1.000000
7297307.614821 7297307.614821 1.000000
7297198.020889 7297198.020889 1.000000
7297196.888419 7297196.888419 1.000000
7297378.211594 7297378.211594 1.000000
7297013.679083 7297013.679083 1.000000
7296799.674607 7296799.674607 1.000000
7296576.372594 7296576.372594 1.000000
7296130.538717 7296130.538717 1.000000
7296025.998809 7296025.998809 1.000000
7295574.090863 7295574.090863 1.000000
7294359.571814 7294359.571814 1.000000
7294048.251753 7294048.251753 1.000000
7293739.186920 7293739.186920 1.000000
7291284.944821 7291284.944821 1.000000
7290976.553920 7290976.553920 1.000000
7290155.134723 7290155.134723 1.000000
7289984.398670 7289984.398670 1.000000
7290080.595220 7290080.595220 1.000000
7289987.236368 7289987.236368 1.000000
7287870.900225 7287870.900225 1.000000
7289132.457339 7289132.457339 1.000000
7289194.474581 7289194.474581 1.000000
7288552.336132 7288552.336132 1.000000
7288231.241497 7288231.241497 1.000000
7288069.166440 7288069.166440 1.000000
7287935.926722 7287935.926722 1.000000
7288241.879240 7288241.879240 1.000000
7284310.828138 7284310.828138 1.000000
7286040.392503 7286040.392503 1.000000
7285900.997578 7285900.997578 1.000000
7285756.592796 7285756.592796 1.000000
7285345.275258 7285345.275258 1.000000
7284571.165872 7284571.165872 1.000000
7284281.746940 7284281.746940 1.000000
7284341.326171 7284341.326171 1.000000
7284342.278638 7284342.278638 1.000000
7284590.460495 7284590.460495 1.000000
7280342.965283 7280342.965283 1.000000
7280697.355290 7280697.355290 1.000000
7280562.485216 7280562.485216 1.000000
7281185.043864 7281185.043864 1.000000
7281386.279335 7281386.279335 1.000000
7281494.233165 7281494.233165 1.000000
7281569.757860 7281569.757860 1.000000
7281335.271715 7281335.271715 1.000000
7281160.232093 7281160.232093 1.000000
7281108.530916 7281108.530916 1.000000
7278547.796479 7278547.796479 1.000000
7278547.425492 7278547.425492 1.000000
7278541.649223 7278541.649223 1.000000
7278399.265714 7278399.265714 1.000000
7281621.091694 7281621.091694 1.000000
7285296.995739 7285296.995739 1.000000
7285366.072137 7285366.072137 1.000000
7285418.834295 7285418.834295 1.000000
7283598.153584 7283598.153584 1.000000
7282702.145777 7282702.145777 1.000000
7284273.418339 7284273.418339 1.000000
7284895.129582 7284895.129582 1.000000
7285210.927258 7285210.927258 1.000000
7285080.479647 7285080.479647 1.000000
7284984.363767 7284984.363767 1.000000
7285841.900765 7285841.900765 1.000000
7285444.170417 7285444.170417 1.000000
7285264.755554 7285264.755554 1.000000
7285087.648172 7285087.648172 1.000000
7280391.307425 7280391.307425 1.000000
7280042.299735 7280042.299735 1.000000
7275608.527577 7275608.527577 1.000000
7275571.928179 7275571.928179 1.000000
7275463.157435 7275463.157435 1.000000
7275446.308014 7275446.308014 1.000000
7272242.321247 7272242.321247 1.000000
7272150.426159 7272150.426159 1.000000
7268147.581436 7268147.581436 1.000000
7268204.153780 7268204.153780 1.000000
7265565.029550 7265565.029550 1.000000
7265348.185912 7265348.185912 1.000000
7265250.602419 7265250.602419 1.000000
7267468.055832 7267468.055832 1.000000
7267892.107919 7267892.107919 1.000000
7272017.187810 7272017.187810 1.000000
7272478.598717 7272478.598717 1.000000
7272180.927295 7272180.927295 1.000000
7271627.468637 7271627.468637 1.000000
7271341.026570 7271341.026570 1.000000
7271254.386026 7271254.386026 1.000000
7270631.823095 7270631.823095 1.000000
7270652.131032 7270652.131032 1.000000
7270703.516203 7270703.516203 1.000000
7270494.610705 7270494.610705 1.000000
7269213.972530 7269213.972530 1.000000
7272469.627626 7272469.627626 1.000000
7272360.764774 7272360.764774 1.000000
7271657.081456 7271657.081456 1.000000
7271330.746276 7271330.746276 1.000000
7271221.028989 7271221.028989 1.000000
7271099.500454 7271099.500454 1.000000
7270795.720972 7270795.720972 1.000000
7270295.470463 7270295.470463 1.000000
7268136.443979 7268136.443979 1.000000
7267869.000921 7267869.000921 1.000000
7266683.929591 7266683.929591 1.000000
7266585.591926 7266585.591926 1.000000
7266419.931878 7266419.931878 1.000000
7266142.160661 7266142.160661 1.000000
7265816.963394 7265816.963394 1.000000
7265433.334063 7265433.334063 1.000000
7265040.965443 7265040.965443 1.000000
7264584.767913 7264584.767913 1.000000
7239780.213729 7239780.213729 1.000000
7239618.270968 7239618.270968 1.000000
7239359.040185 7239359.040185 1.000000
7239171.445987 7239171.445987 1.000000
7238995.173330 7238995.173330 1.000000
7240982.457400 7240982.457400 1.000000
7243123.901553 7243123.901553 1.000000
7244853.399260 7244853.399260 1.000000
7246476.994063 7246476.994063 1.000000
7246528.349363 7246528.349363 1.000000
7246589.860253 7246589.860253 1.000000
7247523.983052 7247523.983052 1.000000
7247659.269202 7247659.269202 1.000000
7249478.996080 7249478.996080 1.000000
7249533.041810 7249533.041810 1.000000
7254530.057958 7254530.057958 1.000000
7252687.820831 7252687.820831 1.000000
7252677.579919 7252677.579919 1.000000
7252623.495342 7252623.495342 1.000000
7252754.993604 7252754.993604 1.000000
7252749.627935 7252749.627935 1.000000
7251665.046999 7251665.046999 1.000000
7251613.453820 7251613.453820 1.000000
7252756.736889 7252756.736889 1.000000
7252881.861936 7252881.861936 1.000000
7250988.933176 7250988.933176 1.000000
7251500.266725 7251500.266725 1.000000
7251562.908418 7251562.908418 1.000000
7252971.587176 7252971.587176 1.000000
7253125.573734 7253125.573734 1.000000
7253229.191179 7253229.191179 1.000000
7253997.602234 7253997.602234 1.000000
7256720.621695 7256720.621695 1.000000
7260639.538792 7260639.538792 1.000000
7260569.457832 7260569.457832 1.000000
7260339.632977 7260339.632977 1.000000
7260224.084614 7260224.084614 1.000000
7259293.127829 7259293.127829 1.000000
7259589.373852 7259589.373852 1.000000
7258680.926440 7258680.926440 1.000000
7258680.473315 7258680.473315 1.000000
7262258.355689 7262258.355689 1.000000
7262546.416307 7262546.416307 1.000000
7262648.776141 7262648.776141 1.000000
7262742.815071 7262742.815071 1.000000
7263064.269478 7263064.269478 1.000000
7265492.382540 7265492.382540 1.000000
7265669.745449 7265669.745449 1.000000
7265790.018299 7265790.018299 1.000000
7266771.397417 7266771.397417 1.000000
7267646.741882 7267646.741882 1.000000
7268734.662972 7268734.662972 1.000000
7269034.570408 7269034.570408 1.000000
7269169.909819 7269169.909819 1.000000
7269507.015278 7269507.015278 1.000000
7269638.385538 7269638.385538 1.000000
7269826.714485 7269826.714485 1.000000
7270064.634381 7270064.634381 1.000000
7270671.590106 7270671.590106 1.000000
7270901.412446 7270901.412446 1.000000
7271326.210264 7271326.210264 1.000000
7271882.539986 7271882.539986 1.000000
7272128.437286 7272128.437286 1.000000
7272075.770268 7272075.770268 1.000000
7271635.116905 7271635.116905 1.000000
7271699.729105 7271699.729105 1.000000
7274752.842347 7274752.842347 1.000000
7274619.794187 7274619.794187 1.000000
7274554.032559 7274554.032559 1.000000
7274360.510761 7274360.510761 1.000000
7274194.777163 7274194.777163 1.000000
7273775.237212 7273775.237212 1.000000
7273782.528086 7273782.528086 1.000000
7273654.883840 7273654.883840 1.000000
7272663.647142 7272663.647142 1.000000
7272394.537416 7272394.537416 1.000000
7272246.121269 7272246.121269 1.000000
7271943.346424 7271943.346424 1.000000
7273971.096786 7273971.096786 1.000000
7265513.210002 7265513.210002 1.000000
7271401.441075 7271401.441075 1.000000
7271313.704014 7271313.704014 1.000000
7271208.626911 7271208.626911 1.000000
7272275.422254 7272275.422254 1.000000
7271987.565527 7271987.565527 1.000000
7271179.615014 7271179.615014 1.000000
7271089.322971 7271089.322971 1.000000
7271008.605195 7271008.605195 1.000000
7270170.746963 7270170.746963 1.000000
7269846.640235 7269846.640235 1.000000
7269240.860815 7269240.860815 1.000000
7269082.113229 7269082.113229 1.000000
7269021.302965 7269021.302965 1.000000
7268698.707104 7268698.707104 1.000000
7268168.525276 7268168.525276 1.000000
7268055.502576 7268055.502576 1.000000
7267832.369409 7267832.369409 1.000000
7267696.784021 7267696.784021 1.000000
7267596.905935 7267596.905935 1.000000
7267347.206220 7267347.206220 1.000000
7267169.279373 7267169.279373 1.000000
7267073.993824 7267073.993824 1.000000
7266722.735059 7266722.735059 1.000000
7266359.115467 7266359.115467 1.000000
7266036.815789 7266036.815789 1.000000
7265909.156427 7265909.156427 1.000000
7265542.939166 7265542.939166 1.000000
7265275.164309 7265275.164309 1.000000
7265202.636546 7265202.636546 1.000000
7265122.936015 7265122.936015 1.000000
7265953.969847 7265953.969847 1.000000
7266878.690998 7266878.690998 1.000000
7266949.360590 7266949.360590 1.000000
7267138.276800 7267138.276800 1.000000
7270349.231589 7270349.231589 1.000000
7270565.297674 7270565.297674 1.000000
7270849.226019 7270849.226019 1.000000
7271262.081166 7271262.081166 1.000000
7271258.077032 7271258.077032 1.000000
7273325.114520 7273325.114520 1.000000
7277262.391361 7277262.391361 1.000000
7278892.754089 7278892.754089 1.000000
7278838.823369 7278838.823369 1.000000
7278765.503161 7278765.503161 1.000000
7276926.116272 7276926.116272 1.000000
7276548.735006 7276548.735006 1.000000
7276910.924712 7276910.924712 1.000000
7277354.265963 7277354.265963 1.000000
7277315.591117 7277315.591117 1.000000
7272592.134310 7272592.134310 1.000000
7272780.223014 7272780.223014 1.000000
7272849.716038 7272849.716038 1.000000
7274141.514834 7274141.514834 1.000000
7274461.758541 7274461.758541 1.000000
7273973.572646 7273973.572646 1.000000
7273890.160317 7273890.160317 1.000000
7273647.691399 7273647.691399 1.000000
7273552.432953 7273552.432953 1.000000
7273066.850715 7273066.850715 1.000000
7272931.855674 7272931.855674 1.000000
7272700.057629 7272700.057629 1.000000
7272470.739994 7272470.739994 1.000000
7272335.827287 7272335.827287 1.000000
7272184.774441 7272184.774441 1.000000
7271977.237636 7271977.237636 1.000000
7271700.073439 7271700.073439 1.000000
7271139.872431 7271139.872431 1.000000
7270874.197135 7270874.197135 1.000000
7270610.178710 7270610.178710 1.000000
7269737.304079 7269737.304079 1.000000
7269156.414415 7269156.414415 1.000000
7267679.846622 7267679.846622 1.000000
7267495.235206 7267495.235206 1.000000
7267295.513746 7267295.513746 1.000000
7267165.305493 7267165.305493 1.000000
7267143.997926 7267143.997926 1.000000
7266898.829939 7266898.829939 1.000000
7266781.903563 7266781.903563 1.000000
7266585.468165 7266585.468165 1.000000
7266232.412640 7266232.412640 1.000000
7264629.493072 7264629.493072 1.000000
7262769.222806 7262769.222806 1.000000
7263162.905574 7263162.905574 1.000000
7264977.068619 7264977.068619 1.000000
7265096.735819 7265096.735819 1.000000
7269674.439058 7269674.439058 1.000000
7265395.729257 7265395.729257 1.000000
7265387.237492 7265387.237492 1.000000
7265368.149202 7265368.149202 1.000000
7263743.563425 7263743.563425 1.000000
7261414.665537 7261414.665537 1.000000
7260340.734897 7260340.734897 1.000000
7261104.875689 7261104.875689 1.000000
7260575.159462 7260575.159462 1.000000
7260555.914120 7260555.914120 1.000000
7260494.863508 7260494.863508 1.000000
7260471.604515 7260471.604515 1.000000
7260390.617204 7260390.617204 1.000000
7260231.336701 7260231.336701 1.000000
7260134.373544 7260134.373544 1.000000
7260083.307501 7260083.307501 1.000000
7259884.871293 7259884.871293 1.000000
7259761.677106 7259761.677106 1.000000
7259615.760503 7259615.760503 1.000000
7261488.662385 7261488.662385 1.000000
7259461.306367 7259461.306367 1.000000
7262448.716796 7262448.716796 1.000000
7261223.176114 7261223.176114 1.000000
7261649.210435 7261649.210435 1.000000
7265339.641860 7265339.641860 1.000000
7265449.148001 7265449.148001 1.000000
7268651.992648 7268651.992648 1.000000
7269530.415034 7269530.415034 1.000000
7268559.832692 7268559.832692 1.000000
7266074.057853 7266074.057853 1.000000
7265990.791790 7265990.791790 1.000000
7264665.823832 7264665.823832 1.000000
7269991.854611 7269991.854611 1.000000
7269997.745111 7269997.745111 1.000000
7269995.038362 7269995.038362 1.000000
7269988.091279 7269988.091279 1.000000
7269979.681225 7269979.681225 1.000000
7269976.798048 7269976.798048 1.000000
7269976.161605 7269976.161605 1.000000
7269978.263442 7269978.263442 1.000000
7269979.295274 7269979.295274 1.000000
7269968.269823 7269968.269823 1.000000
7269951.780644 7269951.780644 1.000000
7269946.857679 7269946.857679 1.000000
7269950.651097 7269950.651097 1.000000
7269957.438241 7269957.438241 1.000000
7269957.438241 7269957.438241 1.000000
7269957.529341 7269957.529341 1.000000
7269954.443403 7269954.443403 1.000000
7269943.232290 7269943.232290 1.000000
7269933.488143 7269933.488143 1.000000
7269911.677909 7269911.677909 1.000000
7269890.560798 7269890.560798 1.000000
7269885.488218 7269885.488218 1.000000
7269869.772773 7269869.772773 1.000000
7269843.156106 7269843.156106 1.000000
7269813.155459 7269813.155459 1.000000
7269787.872573 7269787.872573 1.000000
7269782.692515 7269782.692515 1.000000
7269754.750179 7269754.750179 1.000000
7269738.158657 7269738.158657 1.000000
7269737.709845 7269737.709845 1.000000
7269702.525066 7269702.525066 1.000000
7269699.879867 7269699.879867 1.000000
7269691.540117 7269691.540117 1.000000
7269690.757613 7269690.757613 1.000000
7269701.374831 7269701.374831 1.000000
7269704.145424 7269704.145424 1.000000
7269726.999878 7269726.999878 1.000000
7269747.578793 7269747.578793 1.000000
7269778.507944 7269778.507944 1.000000
7269817.246570 7269817.246570 1.000000
7269832.477165 7269832.477165 1.000000
7269840.479309 7269840.479309 1.000000
7269848.950173 7269848.950173 1.000000
7269832.939663 7269832.939663 1.000000
7269832.874740 7269832.874740 1.000000
7269829.768556 7269829.768556 1.000000
7269827.541055 7269827.541055 1.000000
7269844.864655 7269844.864655 1.000000
7269858.625235 7269858.625235 1.000000
7269865.784764 7269865.784764 1.000000
7269908.715580 7269908.715580 1.000000
7269940.830816 7269940.830816 1.000000
7269952.790237 7269952.790237 1.000000
7269954.708122 7269954.708122 1.000000
7269947.978402 7269947.978402 1.000000
7269947.947413 7269947.947413 1.000000
7269946.721166 7269946.721166 1.000000
7269948.049731 7269948.049731 1.000000
7269948.509527 7269948.509527 1.000000
7269946.585209 7269946.585209 1.000000
7269939.609753 7269939.609753 1.000000
7269939.639894 7269939.639894 1.000000
7269942.211882 7269942.211882 1.000000
7269941.747705 7269941.747705 1.000000
7269943.396534 7269943.396534 1.000000
7269943.584828 7269943.584828 1.000000
7269943.784909 7269943.784909 1.000000
7269945.703125 7269945.703125 1.000000
7269953.771532 7269953.771532 1.000000
7269963.014919 7269963.014919 1.000000
7269973.973213 7269973.973213 1.000000
7270003.016964 7270003.016964 1.000000
7270039.893379 7270039.893379 1.000000
7270097.229165 7270097.229165 1.000000
7270102.378830 7270102.378830 1.000000
7270096.916478 7270096.916478 1.000000
7270086.840098 7270086.840098 1.000000
7270086.666989 7270086.666989 1.000000
7270086.664960 7270086.664960 1.000000
