7385589.209417 7385589.209417 1.000000
7386603.481823 7386603.481823 1.000000
7387554.257540 7387554.257540 1.000000
7389178.620445 7389178.620445 1.000000
7389566.731913 7389566.731913 1.000000
7389566.654716 7389566.654716 1.000000
7389814.479036 7389814.479036 1.000000
7390277.423904 7390277.423904 1.000000
7390345.840535 7390345.840535 1.000000
7391109.614617 7391109.614617 1.000000
7391787.240146 7391787.240146 1.000000
7391862.333463 7391862.333463 1.000000
7392277.546033 7392277.546033 1.000000
7392519.253275 7392519.253275 1.000000
7392554.020178 7392554.020178 1.000000
7392996.305075 7392996.305075 1.000000
7392230.107960 7392230.107960 1.000000
7392728.393791 7392728.393791 1.000000
7392770.434631 7392770.434631 1.000000
7392768.515432 7392768.515432 1.000000
7393380.213448 7393380.213448 1.000000
7393461.260584 7393461.260584 1.000000
7395243.666931 7395243.666931 1.000000
7395499.470030 7395499.470030 1.000000
7395461.344033 7395461.344033 1.000000
7395547.537997 7395547.537997 1.000000
7395800.566120 7395800.566120 1.000000
7395224.759623 7395224.759623 1.000000
7395664.920277 7395664.920277 1.000000
7395706.360805 7395706.360805 1.000000
7394329.382649 7394329.382649 1.000000
7394417.720057 7394417.720057 1.000000
7395115.805011 7395115.805011 1.000000
7394988.890431 7394988.890431 1.000000
7395197.604194 7395197.604194 1.000000
7395229.117893 7395229.117893 1.000000
7396174.878272 7396174.878272 1.000000
7396186.482985 7396186.482985 1.000000
7397076.354448 7397076.354448 1.000000
7397044.498232 7397044.498232 1.000000
7396933.449863 7396933.449863 1.000000
7396655.389039 7396655.389039 1.000000
7396630.224953 7396630.224953 1.000000
7396983.326811 7396983.326811 1.000000
7397045.502250 7397045.502250 1.000000
7397127.053866 7397127.053866 1.000000
7397213.734395 7397213.734395 1.000000
7397265.156284 7397265.156284 1.000000
7397429.391294 7397429.391294 1.000000
7397487.033079 7397487.033079 1.000000
7397065.745911 7397065.745911 1.000000
7397079.836223 7397079.836223 1.000000
7397126.517008 7397126.517008 1.000000
7397196.025121 7397196.025121 1.000000
7397215.339926 7397215.339926 1.000000
7397557.573707 7397557.573707 1.000000
7397862.976435 7397862.976435 1.000000
7398593.558483 7398593.558483 1.000000
7398298.320817 7398298.320817 1.000000
7398216.085185 7398216.085185 1.000000
7398196.833704 7398196.833704 1.000000
7398190.491683 7398190.491683 1.000000
7398170.909342 7398170.909342 1.000000
7398059.965990 7398059.965990 1.000000
7398467.129284 7398467.129284 1.000000
7398344.993906 7398344.993906 1.000000
7397949.504927 7397949.504927 1.000000
7397327.937335 7397327.937335 1.000000
7397309.151223 7397309.151223 1.000000
7397214.670986 7397214.670986 1.000000
7397228.866195 7397228.866195 1.000000
7397589.218736 7397589.218736 1.000000
7397579.899740 7397579.899740 1.000000
7397615.322442 7397615.322442 1.000000
7397981.793386 7397981.793386 1.000000
7398350.801653 7398350.801653 1.000000
7398390.100668 7398390.100668 1.000000
7400104.225356 7400104.225356 1.000000
7400312.507380 7400312.507380 1.000000
7400687.398969 7400687.398969 1.000000
7400008.380577 7400008.380577 1.000000
7399725.124479 7399725.124479 1.000000
7399714.192791 7399714.192791 1.000000
7397199.278002 7397199.278002 1.000000
7397893.078921 7397893.078921 1.000000
7398551.260950 7398551.260950 1.000000
7398067.519070 7398067.519070 1.000000
7398009.201280 7398009.201280 1.000000
7398023.806728 7398023.806728 1.000000
7397993.012546 7397993.012546 1.000000
7397996.537964 7397996.537964 1.000000
7398589.506481 7398589.506481 1.000000
7398672.665858 7398672.665858 1.000000
7398683.097606 7398683.097606 1.000000
7398578.965051 7398578.965051 1.000000
7398553.526580 7398553.526580 1.000000
7398521.036044 7398521.036044 1.000000
7398602.420399 7398602.420399 1.000000
7398615.914658 7398615.914658 1.000000
7398580.187166 7398580.187166 1.000000
7398531.004814 7398531.004814 1.000000
7398440.781889 7398440.781889 1.000000
7397817.429759 7397817.429759 1.000000
7397065.207609 7397065.207609 1.000000
7396476.110526 7396476.110526 1.000000
7394954.319335 7394954.319335 1.000000
7394323.333115 7394323.333115 1.000000
7395105.025610 7395105.025610 1.000000
7395058.017613 7395058.017613 1.000000
7394412.041224 7394412.041224 1.000000
7394370.091986 7394370.091986 1.000000
7394325.646496 7394325.646496 1.000000
7394858.446226 7394858.446226 1.000000
7394203.734797 7394203.734797 1.000000
7393563.626854 7393563.626854 1.000000
7393263.754882 7393263.754882 1.000000
7393132.448124 7393132.448124 1.000000
7393059.772534 7393059.772534 1.000000
7393749.970735 7393749.970735 1.000000
7393723.969049 7393723.969049 1.000000
7393201.254718 7393201.254718 1.000000
7394005.588259 7394005.588259 1.000000
7392949.918469 7392949.918469 1.000000
7392862.096256 7392862.096256 1.000000
7392900.698917 7392900.698917 1.000000
7392868.281405 7392868.281405 1.000000
7392948.040704 7392948.040704 1.000000
7392564.414873 7392564.414873 1.000000
7392896.737338 7392896.737338 1.000000
7392883.521749 7392883.521749 1.000000
7392997.025946 7392997.025946 1.000000
7393015.797748 7393015.797748 1.000000
7393419.767015 7393419.767015 1.000000
7393627.711389 7393627.711389 1.000000
7393923.053617 7393923.053617 1.000000
7393935.329907 7393935.329907 1.000000
7393945.925255 7393945.925255 1.000000
7393941.797425 7393941.797425 1.000000
7393977.830221 7393977.830221 1.000000
7393993.134400 7393993.134400 1.000000
7393942.804533 7393942.804533 1.000000
7393978.994746 7393978.994746 1.000000
7393727.594242 7393727.594242 1.000000
7393767.347715 7393767.347715 1.000000
7393301.981076 7393301.981076 1.000000
7393314.259885 7393314.259885 1.000000
7393324.689774 7393324.689774 1.000000
7393917.954459 7393917.954459 1.000000
7394489.095512 7394489.095512 1.000000
7394580.640991 7394580.640991 1.000000
7394911.072834 7394911.072834 1.000000
7394946.178012 7394946.178012 1.000000
7394959.502804 7394959.502804 1.000000
7395177.701326 7395177.701326 1.000000
7395426.927999 7395426.927999 1.000000
7395494.020400 7395494.020400 1.000000
7395528.698987 7395528.698987 1.000000
7395975.649133 7395975.649133 1.000000
7396361.673208 7396361.673208 1.000000
7396584.534850 7396584.534850 1.000000
7396603.278236 7396603.278236 1.000000
7396815.482565 7396815.482565 1.000000
7396792.307547 7396792.307547 1.000000
7396793.274140 7396793.274140 1.000000
7396529.465875 7396529.465875 1.000000
7396471.638619 7396471.638619 1.000000
7395671.020887 7395671.020887 1.000000
7395188.804923 7395188.804923 1.000000
7394959.940613 7394959.940613 1.000000
7394994.186767 7394994.186767 1.000000
7394754.555688 7394754.555688 1.000000
7395477.755677 7395477.755677 1.000000
7395264.101835 7395264.101835 1.000000
7395318.510240 7395318.510240 1.000000
7395520.273316 7395520.273316 1.000000
7395791.734927 7395791.734927 1.000000
7395776.124088 7395776.124088 1.000000
7395540.703821 7395540.703821 1.000000
7395527.917243 7395527.917243 1.000000
7395507.903011 7395507.903011 1.000000
7395540.970027 7395540.970027 1.000000
7395816.286529 7395816.286529 1.000000
7395612.834079 7395612.834079 1.000000
7395341.909250 7395341.909250 1.000000
7394726.595596 7394726.595596 1.000000
7394773.575331 7394773.575331 1.000000
7394835.417321 7394835.417321 1.000000
7394835.381893 7394835.381893 1.000000
7394821.248452 7394821.248452 1.000000
7394807.647105 7394807.647105 1.000000
7394792.836474 7394792.836474 1.000000
7395078.623907 7395078.623907 1.000000
7395095.355614 7395095.355614 1.000000
7395109.262763 7395109.262763 1.000000
7395201.518838 7395201.518838 1.000000
7396503.598919 7396503.598919 1.000000
7396554.557653 7396554.557653 1.000000
7396963.765801 7396963.765801 1.000000
7396539.033082 7396539.033082 1.000000
7395741.767541 7395741.767541 1.000000
7395727.750506 7395727.750506 1.000000
7395731.347599 7395731.347599 1.000000
7395677.816507 7395677.816507 1.000000
7395644.370049 7395644.370049 1.000000
7395605.743794 7395605.743794 1.000000
7395578.364206 7395578.364206 1.000000
7395774.042226 7395774.042226 1.000000
7395554.335442 7395554.335442 1.000000
7395203.723022 7395203.723022 1.000000
7395248.939518 7395248.939518 1.000000
7395484.684803 7395484.684803 1.000000
7395707.585713 7395707.585713 1.000000
7396054.500276 7396054.500276 1.000000
7396341.707577 7396341.707577 1.000000
7396372.594066 7396372.594066 1.000000
7396128.835662 7396128.835662 1.000000
7396362.149215 7396362.149215 1.000000
7396351.620294 7396351.620294 1.000000
7396317.386608 7396317.386608 1.000000
7396197.831107 7396197.831107 1.000000
7396165.203226 7396165.203226 1.000000
7395843.894910 7395843.894910 1.000000
7396130.167496 7396130.167496 1.000000
7396395.141164 7396395.141164 1.000000
7396326.560804 7396326.560804 1.000000
7395799.158842 7395799.158842 1.000000
7395861.491616 7395861.491616 1.000000
7395827.406912 7395827.406912 1.000000
7395680.812442 7395680.812442 1.000000
7396884.797553 7396884.797553 1.000000
7395908.246723 7395908.246723 1.000000
7395818.480385 7395818.480385 1.000000
7395785.871388 7395785.871388 1.000000
7395727.045527 7395727.045527 1.000000
7395676.448735 7395676.448735 1.000000
7396265.597709 7396265.597709 1.000000
7396184.075633 7396184.075633 1.000000
7395939.694710 7395939.694710 1.000000
7395733.798587 7395733.798587 1.000000
7395717.023405 7395717.023405 1.000000
7395443.190454 7395443.190454 1.000000
7395817.775872 7395817.775872 1.000000
7395315.855896 7395315.855896 1.000000
7395229.597526 7395229.597526 1.000000
7395013.302132 7395013.302132 1.000000
7394996.310146 7394996.310146 1.000000
7394984.362636 7394984.362636 1.000000
7395029.274803 7395029.274803 1.000000
7395754.128556 7395754.128556 1.000000
7395710.553672 7395710.553672 1.000000
7395218.416829 7395218.416829 1.000000
7394825.193621 7394825.193621 1.000000
7394732.345997 7394732.345997 1.000000
7394686.758001 7394686.758001 1.000000
7394288.909833 7394288.909833 1.000000
7394910.754791 7394910.754791 1.000000
7393753.354879 7393753.354879 1.000000
7393846.043482 7393846.043482 1.000000
7393851.881982 7393851.881982 1.000000
7393755.623580 7393755.623580 1.000000
7393101.343125 7393101.343125 1.000000
7393032.113087 7393032.113087 1.000000
7393039.037256 7393039.037256 1.000000
7392767.314377 7392767.314377 1.000000
7392763.056276 7392763.056276 1.000000
7392518.590681 7392518.590681 1.000000
7392532.848539 7392532.848539 1.000000
7392544.833059 7392544.833059 1.000000
7391571.950783 7391571.950783 1.000000
7391850.212449 7391850.212449 1.000000
7391225.113326 7391225.113326 1.000000
7391485.907194 7391485.907194 1.000000
7391501.939016 7391501.939016 1.000000
7391538.105235 7391538.105235 1.000000
7391548.804769 7391548.804769 1.000000
7391580.607950 7391580.607950 1.000000
7391349.385678 7391349.385678 1.000000
7391414.675920 7391414.675920 1.000000
7391657.114992 7391657.114992 1.000000
7391876.175926 7391876.175926 1.000000
7391975.889803 7391975.889803 1.000000
7392073.591126 7392073.591126 1.000000
7392295.950371 7392295.950371 1.000000
7392387.100130 7392387.100130 1.000000
7392819.706303 7392819.706303 1.000000
7392774.188660 7392774.188660 1.000000
7392723.972458 7392723.972458 1.000000
7390293.501127 7390293.501127 1.000000
7390261.652035 7390261.652035 1.000000
7390962.162579 7390962.162579 1.000000
7390150.922965 7390150.922965 1.000000
7390185.775018 7390185.775018 1.000000
7390265.121958 7390265.121958 1.000000
7391041.768262 7391041.768262 1.000000
7390745.814522 7390745.814522 1.000000
7390692.561992 7390692.561992 1.000000
7390620.913488 7390620.913488 1.000000
7390957.140977 7390957.140977 1.000000
7385998.582948 7385998.582948 1.000000
7386010.216704 7386010.216704 1.000000
7386099.096102 7386099.096102 1.000000
7385780.181362 7385780.181362 1.000000
7386323.112290 7386323.112290 1.000000
7386364.550443 7386364.550443 1.000000
7386444.577021 7386444.577021 1.000000
7386458.709248 7386458.709248 1.000000
7386558.389702 7386558.389702 1.000000
7386861.208125 7386861.208125 1.000000
7386921.519116 7386921.519116 1.000000
7387300.926774 7387300.926774 1.000000
7387287.906654 7387287.906654 1.000000
7387319.529953 7387319.529953 1.000000
7387381.293467 7387381.293467 1.000000
7387464.572261 7387464.572261 1.000000
7387728.153519 7387728.153519 1.000000
7387822.769848 7387822.769848 1.000000
7387876.954984 7387876.954984 1.000000
7387891.931197 7387891.931197 1.000000
7387923.774258 7387923.774258 1.000000
7387911.113763 7387911.113763 1.000000
7388142.211689 7388142.211689 1.000000
7386326.534206 7386326.534206 1.000000
7386907.383396 7386907.383396 1.000000
7387002.274334 7387002.274334 1.000000
7387277.712725 7387277.712725 1.000000
7387924.324446 7387924.324446 1.000000
7387983.100048 7387983.100048 1.000000
7388194.841896 7388194.841896 1.000000
7388209.244695 7388209.244695 1.000000
7388203.296904 7388203.296904 1.000000
7388495.501482 7388495.501482 1.000000
7388280.985560 7388280.985560 1.000000
7389998.188139 7389998.188139 1.000000
7391239.221906 7391239.221906 1.000000
7391254.938875 7391254.938875 1.000000
7391241.050076 7391241.050076 1.000000
7391332.213064 7391332.213064 1.000000
7391321.903559 7391321.903559 1.000000
7391571.314150 7391571.314150 1.000000
7391586.558514 7391586.558514 1.000000
7391628.234544 7391628.234544 1.000000
7391663.105873 7391663.105873 1.000000
7392298.936401 7392298.936401 1.000000
7392288.324960 7392288.324960 1.000000
7392726.321085 7392726.321085 1.000000
7392712.435152 7392712.435152 1.000000
7392788.307458 7392788.307458 1.000000
7393621.005801 7393621.005801 1.000000
7393606.198443 7393606.198443 1.000000
7393881.277542 7393881.277542 1.000000
7393395.046861 7393395.046861 1.000000
7393349.755408 7393349.755408 1.000000
7392511.547914 7392511.547914 1.000000
7392806.673232 7392806.673232 1.000000
7392543.223987 7392543.223987 1.000000
7392638.696110 7392638.696110 1.000000
7392943.270693 7392943.270693 1.000000
7393241.396781 7393241.396781 1.000000
7392880.081205 7392880.081205 1.000000
7393097.501659 7393097.501659 1.000000
7392813.659600 7392813.659600 1.000000
7392775.077449 7392775.077449 1.000000
7392256.379632 7392256.379632 1.000000
7391209.855631 7391209.855631 1.000000
7390957.324233 7390957.324233 1.000000
7391480.049473 7391480.049473 1.000000
7391708.666926 7391708.666926 1.000000
7392572.231679 7392572.231679 1.000000
7392209.169235 7392209.169235 1.000000
7392258.955949 7392258.955949 1.000000
7392489.806807 7392489.806807 1.000000
7389472.923757 7389472.923757 1.000000
7389970.748561 7389970.748561 1.000000
7388817.232354 7388817.232354 1.000000
7388103.546169 7388103.546169 1.000000
7387138.799965 7387138.799965 1.000000
7387837.860046 7387837.860046 1.000000
7388270.142590 7388270.142590 1.000000
7388786.251858 7388786.251858 1.000000
7389567.364490 7389567.364490 1.000000
7387517.825833 7387517.825833 1.000000
7387537.481165 7387537.481165 1.000000
7388381.706158 7388381.706158 1.000000
7388337.810380 7388337.810380 1.000000
7391633.507718 7391633.507718 1.000000
7391618.173426 7391618.173426 1.000000
7391680.240226 7391680.240226 1.000000
7390938.007927 7390938.007927 1.000000
7390620.046305 7390620.046305 1.000000
7391215.602056 7391215.602056 1.000000
7391586.000013 7391586.000013 1.000000
7392002.411075 7392002.411075 1.000000
7392632.610427 7392632.610427 1.000000
7392684.121629 7392684.121629 1.000000
7392353.179572 7392353.179572 1.000000
7392288.715218 7392288.715218 1.000000
7391975.740530 7391975.740530 1.000000
7392066.095337 7392066.095337 1.000000
7392138.167822 7392138.167822 1.000000
7392047.583248 7392047.583248 1.000000
7392333.501310 7392333.501310 1.000000
7392345.302768 7392345.302768 1.000000
7392124.599212 7392124.599212 1.000000
7392112.554634 7392112.554634 1.000000
7392122.612923 7392122.612923 1.000000
7391660.890690 7391660.890690 1.000000
7391676.572575 7391676.572575 1.000000
7391431.514592 7391431.514592 1.000000
7391168.463762 7391168.463762 1.000000
7391248.413118 7391248.413118 1.000000
7390863.659524 7390863.659524 1.000000
7390851.426827 7390851.426827 1.000000
7390866.297466 7390866.297466 1.000000
7390905.551221 7390905.551221 1.000000
7390914.422838 7390914.422838 1.000000
7390946.406027 7390946.406027 1.000000
7391281.612570 7391281.612570 1.000000
7391293.856137 7391293.856137 1.000000
7391881.679696 7391881.679696 1.000000
7392240.023598 7392240.023598 1.000000
7392513.329096 7392513.329096 1.000000
7391656.715994 7391656.715994 1.000000
7391423.274263 7391423.274263 1.000000
7391459.810339 7391459.810339 1.000000
7391518.374098 7391518.374098 1.000000
7391530.219706 7391530.219706 1.000000
7391771.525996 7391771.525996 1.000000
7391494.864682 7391494.864682 1.000000
7391511.470927 7391511.470927 1.000000
7391065.672592 7391065.672592 1.000000
7391081.868860 7391081.868860 1.000000
7390936.260537 7390936.260537 1.000000
7391799.555730 7391799.555730 1.000000
7392287.952286 7392287.952286 1.000000
7391466.173271 7391466.173271 1.000000
7390573.209509 7390573.209509 1.000000
7390627.228593 7390627.228593 1.000000
7390742.838381 7390742.838381 1.000000
7390826.058462 7390826.058462 1.000000
7390900.808671 7390900.808671 1.000000
7391144.487834 7391144.487834 1.000000
7391091.699083 7391091.699083 1.000000
7391107.701439 7391107.701439 1.000000
7391850.732475 7391850.732475 1.000000
7391869.858755 7391869.858755 1.000000
7391624.966266 7391624.966266 1.000000
7391844.662824 7391844.662824 1.000000
7391931.934728 7391931.934728 1.000000
7391306.251438 7391306.251438 1.000000
7391066.821506 7391066.821506 1.000000
7390989.451930 7390989.451930 1.000000
7390045.524627 7390045.524627 1.000000
7389667.984918 7389667.984918 1.000000
7389622.297769 7389622.297769 1.000000
7389407.344483 7389407.344483 1.000000
7389388.418937 7389388.418937 1.000000
7389376.428334 7389376.428334 1.000000
7388797.623678 7388797.623678 1.000000
7388838.832839 7388838.832839 1.000000
7388890.275517 7388890.275517 1.000000
7388672.666955 7388672.666955 1.000000
7388604.777384 7388604.777384 1.000000
7389292.116212 7389292.116212 1.000000
7389375.660782 7389375.660782 1.000000
7389391.236329 7389391.236329 1.000000
7388813.470600 7388813.470600 1.000000
7388680.141826 7388680.141826 1.000000
7388690.977101 7388690.977101 1.000000
7388703.271212 7388703.271212 1.000000
7388391.763656 7388391.763656 1.000000
7388403.634121 7388403.634121 1.000000
7388419.351754 7388419.351754 1.000000
7388620.456423 7388620.456423 1.000000
7388663.972606 7388663.972606 1.000000
7388923.342256 7388923.342256 1.000000
7389166.612558 7389166.612558 1.000000
7389444.293367 7389444.293367 1.000000
7389677.450275 7389677.450275 1.000000
7389770.552242 7389770.552242 1.000000
7389839.707386 7389839.707386 1.000000
7389852.013178 7389852.013178 1.000000
7389947.655204 7389947.655204 1.000000
7389964.210728 7389964.210728 1.000000
7390169.970462 7390169.970462 1.000000
7390202.500795 7390202.500795 1.000000
7390413.466600 7390413.466600 1.000000
7390408.041016 7390408.041016 1.000000
7390452.168797 7390452.168797 1.000000
7390439.925523 7390439.925523 1.000000
7391147.909672 7391147.909672 1.000000
7390821.182393 7390821.182393 1.000000
7390865.466888 7390865.466888 1.000000
7389973.002379 7389973.002379 1.000000
7389988.657402 7389988.657402 1.000000
7390047.230877 7390047.230877 1.000000
7390051.733316 7390051.733316 1.000000
7389999.362049 7389999.362049 1.000000
7389374.402404 7389374.402404 1.000000
7389388.295970 7389388.295970 1.000000
7389717.897959 7389717.897959 1.000000
7389778.427299 7389778.427299 1.000000
7389892.972268 7389892.972268 1.000000
7390115.138734 7390115.138734 1.000000
7390605.141192 7390605.141192 1.000000
7390170.785443 7390170.785443 1.000000
7390533.343902 7390533.343902 1.000000
7390153.460496 7390153.460496 1.000000
7390925.534722 7390925.534722 1.000000
7391803.822496 7391803.822496 1.000000
7391816.445169 7391816.445169 1.000000
7392569.238558 7392569.238558 1.000000
7392608.907528 7392608.907528 1.000000
7392699.591655 7392699.591655 1.000000
7393096.960275 7393096.960275 1.000000
7392858.200140 7392858.200140 1.000000
7393909.730182 7393909.730182 1.000000
7394262.888804 7394262.888804 1.000000
7394245.383568 7394245.383568 1.000000
7394194.241393 7394194.241393 1.000000
7394121.300618 7394121.300618 1.000000
7394328.469802 7394328.469802 1.000000
7394296.826667 7394296.826667 1.000000
7394542.565087 7394542.565087 1.000000
7394539.215301 7394539.215301 1.000000
7394500.252837 7394500.252837 1.000000
7394438.383017 7394438.383017 1.000000
7394666.987948 7394666.987948 1.000000
7394955.571279 7394955.571279 1.000000
7394837.962858 7394837.962858 1.000000
7394795.201790 7394795.201790 1.000000
7394833.271251 7394833.271251 1.000000
7393941.991690 7393941.991690 1.000000
7393945.006698 7393945.006698 1.000000
7393984.111582 7393984.111582 1.000000
7394000.182500 7394000.182500 1.000000
7393642.231926 7393642.231926 1.000000
7393646.302985 7393646.302985 1.000000
7393628.154454 7393628.154454 1.000000
7393673.832399 7393673.832399 1.000000
7394433.113498 7394433.113498 1.000000
7394449.221894 7394449.221894 1.000000
7394053.145174 7394053.145174 1.000000
7394833.065652 7394833.065652 1.000000
7394563.028983 7394563.028983 1.000000
7394550.074538 7394550.074538 1.000000
7394296.111801 7394296.111801 1.000000
7394311.684939 7394311.684939 1.000000
7394776.248058 7394776.248058 1.000000
7395040.181956 7395040.181956 1.000000
7395027.052468 7395027.052468 1.000000
7396010.640169 7396010.640169 1.000000
7396063.438320 7396063.438320 1.000000
7396542.731207 7396542.731207 1.000000
7396301.199012 7396301.199012 1.000000
7395533.745960 7395533.745960 1.000000
7395592.632359 7395592.632359 1.000000
7395573.431170 7395573.431170 1.000000
7395835.594345 7395835.594345 1.000000
7395616.832505 7395616.832505 1.000000
7395604.138049 7395604.138049 1.000000
7395650.437990 7395650.437990 1.000000
7395403.610987 7395403.610987 1.000000
7395024.005036 7395024.005036 1.000000
7395041.426262 7395041.426262 1.000000
7394840.181696 7394840.181696 1.000000
7394799.289508 7394799.289508 1.000000
7394867.395667 7394867.395667 1.000000
7395665.499533 7395665.499533 1.000000
7395642.307016 7395642.307016 1.000000
7396174.483977 7396174.483977 1.000000
7396236.131347 7396236.131347 1.000000
7396204.278378 7396204.278378 1.000000
7396119.779109 7396119.779109 1.000000
7396036.145136 7396036.145136 1.000000
7395385.659240 7395385.659240 1.000000
7395464.525166 7395464.525166 1.000000
7394510.852363 7394510.852363 1.000000
7394480.016313 7394480.016313 1.000000
7393528.251050 7393528.251050 1.000000
7393476.086185 7393476.086185 1.000000
7393383.690248 7393383.690248 1.000000
7393228.245039 7393228.245039 1.000000
7393418.709926 7393418.709926 1.000000
7393424.372195 7393424.372195 1.000000
7392964.873622 7392964.873622 1.000000
7393002.913469 7393002.913469 1.000000
7393045.731366 7393045.731366 1.000000
7393079.394924 7393079.394924 1.000000
7393084.552240 7393084.552240 1.000000
7393133.646952 7393133.646952 1.000000
7393150.580401 7393150.580401 1.000000
7393146.735569 7393146.735569 1.000000
7393698.983380 7393698.983380 1.000000
7392847.253440 7392847.253440 1.000000
7393058.894734 7393058.894734 1.000000
7393004.127898 7393004.127898 1.000000
7394002.081493 7394002.081493 1.000000
7394095.795174 7394095.795174 1.000000
