7401472.030255 7401472.030255 1.000000
7402238.532566 7402238.532566 1.000000
7400097.786114 7400097.786114 1.000000
7400496.794877 7400496.794877 1.000000
7401478.701137 7401478.701137 1.000000
7402426.185378 7402426.185378 1.000000
7403344.498962 7403344.498962 1.000000
7403396.889623 7403396.889623 1.000000
7403159.796578 7403159.796578 1.000000
7403366.622535 7403366.622535 1.000000
7404337.766477 7404337.766477 1.000000
7404030.865964 7404030.865964 1.000000
7404532.451126 7404532.451126 1.000000
7404665.830566 7404665.830566 1.000000
7404553.388570 7404553.388570 1.000000
7404499.382181 7404499.382181 1.000000
7404389.998637 7404389.998637 1.000000
7404152.462960 7404152.462960 1.000000
7404164.136363 7404164.136363 1.000000
7404357.829000 7404357.829000 1.000000
7404271.607046 7404271.607046 1.000000
7404384.153517 7404384.153517 1.000000
7403857.824602 7403857.824602 1.000000
7403964.820148 7403964.820148 1.000000
7403904.810108 7403904.810108 1.000000
7403717.849878 7403717.849878 1.000000
7403392.622454 7403392.622454 1.000000
7402386.605372 7402386.605372 1.000000
7402200.302376 7402200.302376 1.000000
7402222.298525 7402222.298525 1.000000
7402208.295279 7402208.295279 1.000000
7401325.529104 7401325.529104 1.000000
7400994.964263 7400994.964263 1.000000
7401446.656182 7401446.656182 1.000000
7402717.888270 7402717.888270 1.000000
7403030.227535 7403030.227535 1.000000
7403472.133894 7403472.133894 1.000000
7403483.120309 7403483.120309 1.000000
7403574.779269 7403574.779269 1.000000
7403617.977852 7403617.977852 1.000000
7404138.843195 7404138.843195 1.000000
7404013.019246 7404013.019246 1.000000
7403920.547151 7403920.547151 1.000000
7403482.200087 7403482.200087 1.000000
7403243.534252 7403243.534252 1.000000
7402966.205512 7402966.205512 1.000000
7402891.247122 7402891.247122 1.000000
7403064.384131 7403064.384131 1.000000
7403287.433334 7403287.433334 1.000000
7403246.142066 7403246.142066 1.000000
7403415.454914 7403415.454914 1.000000
7403122.473555 7403122.473555 1.000000
7401872.369027 7401872.369027 1.000000
7401807.835267 7401807.835267 1.000000
7401681.004153 7401681.004153 1.000000
7401203.787060 7401203.787060 1.000000
7400994.721189 7400994.721189 1.000000
7401133.167044 7401133.167044 1.000000
7400628.121476 7400628.121476 1.000000
7400840.560770 7400840.560770 1.000000
7400822.827910 7400822.827910 1.000000
7400821.093965 7400821.093965 1.000000
7400719.257831 7400719.257831 1.000000
7400328.433925 7400328.433925 1.000000
7400584.998504 7400584.998504 1.000000
7400867.766670 7400867.766670 1.000000
7400924.816759 7400924.816759 1.000000
7400788.275788 7400788.275788 1.000000
7401086.474633 7401086.474633 1.000000
7401096.859149 7401096.859149 1.000000
7400930.620253 7400930.620253 1.000000
7400403.735525 7400403.735525 1.000000
7400290.286908 7400290.286908 1.000000
7399737.809828 7399737.809828 1.000000
7399688.563877 7399688.563877 1.000000
7399508.384224 7399508.384224 1.000000
7401045.938497 7401045.938497 1.000000
7401102.843765 7401102.843765 1.000000
7401121.568252 7401121.568252 1.000000
7400726.490608 7400726.490608 1.000000
7401329.977035 7401329.977035 1.000000
7401029.910590 7401029.910590 1.000000
7400786.147626 7400786.147626 1.000000
7401025.758713 7401025.758713 1.000000
7400902.653930 7400902.653930 1.000000
7400880.878170 7400880.878170 1.000000
7400740.293110 7400740.293110 1.000000
7400693.199730 7400693.199730 1.000000
7400316.316082 7400316.316082 1.000000
7400356.881640 7400356.881640 1.000000
7400411.201664 7400411.201664 1.000000
7399868.423400 7399868.423400 1.000000
7399754.811018 7399754.811018 1.000000
7399878.754704 7399878.754704 1.000000
7400892.191902 7400892.191902 1.000000
7400993.504047 7400993.504047 1.000000
7401206.231276 7401206.231276 1.000000
7400226.392362 7400226.392362 1.000000
7400253.517127 7400253.517127 1.000000
7400878.004542 7400878.004542 1.000000
7402073.981246 7402073.981246 1.000000
7402259.778809 7402259.778809 1.000000
7402014.155870 7402014.155870 1.000000
7402618.816013 7402618.816013 1.000000
7403096.032861 7403096.032861 1.000000
7403154.836437 7403154.836437 1.000000
7403050.466735 7403050.466735 1.000000
7403094.982112 7403094.982112 1.000000
7403074.389836 7403074.389836 1.000000
7403155.545283 7403155.545283 1.000000
7402966.462955 7402966.462955 1.000000
7403840.994507 7403840.994507 1.000000
7403852.496291 7403852.496291 1.000000
7404145.238109 7404145.238109 1.000000
7404509.678243 7404509.678243 1.000000
7404497.971752 7404497.971752 1.000000
7404728.265689 7404728.265689 1.000000
7405603.333192 7405603.333192 1.000000
7405559.532345 7405559.532345 1.000000
7405406.808170 7405406.808170 1.000000
7405457.226574 7405457.226574 1.000000
7405563.808125 7405563.808125 1.000000
7405619.307757 7405619.307757 1.000000
7405501.244441 7405501.244441 1.000000
7405374.843686 7405374.843686 1.000000
7405137.245026 7405137.245026 1.000000
7405012.840819 7405012.840819 1.000000
7404666.578790 7404666.578790 1.000000
7404089.265014 7404089.265014 1.000000
7404643.983359 7404643.983359 1.000000
7404749.529427 7404749.529427 1.000000
7403839.224291 7403839.224291 1.000000
7402810.106238 7402810.106238 1.000000
7402799.616856 7402799.616856 1.000000
7403351.237951 7403351.237951 1.000000
7403339.930048 7403339.930048 1.000000
7400829.252088 7400829.252088 1.000000
7400100.573331 7400100.573331 1.000000
7400537.461152 7400537.461152 1.000000
7400557.422112 7400557.422112 1.000000
7401275.690319 7401275.690319 1.000000
7400815.893784 7400815.893784 1.000000
7400571.755057 7400571.755057 1.000000
7400641.242262 7400641.242262 1.000000
7400478.965866 7400478.965866 1.000000
7401618.475770 7401618.475770 1.000000
7401751.818116 7401751.818116 1.000000
7401309.870864 7401309.870864 1.000000
7400969.991623 7400969.991623 1.000000
7400986.152737 7400986.152737 1.000000
7400541.004281 7400541.004281 1.000000
7401027.626374 7401027.626374 1.000000
7400445.609760 7400445.609760 1.000000
7400282.657502 7400282.657502 1.000000
7399779.118414 7399779.118414 1.000000
7399858.231369 7399858.231369 1.000000
7400034.562105 7400034.562105 1.000000
7400084.684128 7400084.684128 1.000000
7400246.139502 7400246.139502 1.000000
7400087.918081 7400087.918081 1.000000
7400380.822599 7400380.822599 1.000000
7400491.537546 7400491.537546 1.000000
7400622.325862 7400622.325862 1.000000
7400606.839837 7400606.839837 1.000000
7400648.104102 7400648.104102 1.000000
7400881.891828 7400881.891828 1.000000
7401128.299671 7401128.299671 1.000000
7401074.615695 7401074.615695 1.000000
7401429.327008 7401429.327008 1.000000
7401631.541581 7401631.541581 1.000000
7401590.244592 7401590.244592 1.000000
7401657.756664 7401657.756664 1.000000
7401655.392959 7401655.392959 1.000000
