7186217.690687 7186217.690687 1.000000
7186422.958488 7186422.958488 1.000000
7186450.578980 7186450.578980 1.000000
7186502.868507 7186502.868507 1.000000
7186667.090591 7186667.090591 1.000000
7186802.224933 7186802.224933 1.000000
7186873.220918 7186873.220918 1.000000
7186899.537590 7186899.537590 1.000000
7187017.270778 7187017.270778 1.000000
7187181.084568 7187181.084568 1.000000
7187274.393539 7187274.393539 1.000000
7187360.624292 7187360.624292 1.000000
7187515.194777 7187515.194777 1.000000
7187636.425764 7187636.425764 1.000000
7187723.464020 7187723.464020 1.000000
7187908.617434 7187908.617434 1.000000
7187846.673316 7187846.673316 1.000000
7188023.389699 7188023.389699 1.000000
7187277.307118 7187277.307118 1.000000
7187306.730702 7187306.730702 1.000000
7187445.656336 7187445.656336 1.000000
7187165.292329 7187165.292329 1.000000
7187385.909771 7187385.909771 1.000000
7187452.410675 7187452.410675 1.000000
7187487.516365 7187487.516365 1.000000
7187358.121014 7187358.121014 1.000000
7187586.731308 7187586.731308 1.000000
7187621.420254 7187621.420254 1.000000
7187691.217913 7187691.217913 1.000000
7187787.629120 7187787.629120 1.000000
7187949.196869 7187949.196869 1.000000
7188060.745267 7188060.745267 1.000000
7185796.851780 7185796.851780 1.000000
7185738.260913 7185738.260913 1.000000
7185663.512065 7185663.512065 1.000000
7185866.687988 7185866.687988 1.000000
7185727.737849 7185727.737849 1.000000
7186115.125351 7186115.125351 1.000000
7184648.945270 7184648.945270 1.000000
7184838.091202 7184838.091202 1.000000
7184542.516251 7184542.516251 1.000000
7184814.529713 7184814.529713 1.000000
7184523.216229 7184523.216229 1.000000
7184609.923857 7184609.923857 1.000000
7185242.228047 7185242.228047 1.000000
7184283.777296 7184283.777296 1.000000
7184105.533349 7184105.533349 1.000000
7184406.030018 7184406.030018 1.000000
7184048.764198 7184048.764198 1.000000
7184150.221502 7184150.221502 1.000000
7184278.272858 7184278.272858 1.000000
7184308.134363 7184308.134363 1.000000
7185399.902399 7185399.902399 1.000000
7185577.108845 7185577.108845 1.000000
7187109.264463 7187109.264463 1.000000
7181871.464736 7181871.464736 1.000000
7182039.921180 7182039.921180 1.000000
7173943.339052 7173943.339052 1.000000
7174661.121916 7174661.121916 1.000000
7174443.707599 7174443.707599 1.000000
7173816.921889 7173816.921889 1.000000
7173311.865233 7173311.865233 1.000000
7173443.612071 7173443.612071 1.000000
7173226.437212 7173226.437212 1.000000
7173118.122166 7173118.122166 1.000000
7173651.724085 7173651.724085 1.000000
7173432.110081 7173432.110081 1.000000
7173595.742310 7173595.742310 1.000000
7173892.011564 7173892.011564 1.000000
7173999.600109 7173999.600109 1.000000
7174042.307570 7174042.307570 1.000000
7173732.611684 7173732.611684 1.000000
7173888.571971 7173888.571971 1.000000
7174131.411626 7174131.411626 1.000000
7174243.167651 7174243.167651 1.000000
7174014.771704 7174014.771704 1.000000
7174326.530058 7174326.530058 1.000000
7174497.194724 7174497.194724 1.000000
7175109.628065 7175109.628065 1.000000
7175136.110089 7175136.110089 1.000000
7175035.130788 7175035.130788 1.000000
7174387.653413 7174387.653413 1.000000
7175670.756616 7175670.756616 1.000000
7169297.900836 7169297.900836 1.000000
7162254.951103 7162254.951103 1.000000
7162625.125474 7162625.125474 1.000000
7162654.719226 7162654.719226 1.000000
7163082.414064 7163082.414064 1.000000
7163035.997632 7163035.997632 1.000000
7163490.549042 7163490.549042 1.000000
7163797.799534 7163797.799534 1.000000
7164203.267519 7164203.267519 1.000000
7164539.257264 7164539.257264 1.000000
7165069.441206 7165069.441206 1.000000
7165318.443023 7165318.443023 1.000000
7165776.239228 7165776.239228 1.000000
7166064.695583 7166064.695583 1.000000
7166107.354441 7166107.354441 1.000000
7166556.496367 7166556.496367 1.000000
7166807.082334 7166807.082334 1.000000
7166358.968649 7166358.968649 1.000000
7166434.685192 7166434.685192 1.000000
7166512.032889 7166512.032889 1.000000
7166687.617683 7166687.617683 1.000000
7167055.751929 7167055.751929 1.000000
7167079.392902 7167079.392902 1.000000
7167222.740589 7167222.740589 1.000000
7167590.458202 7167590.458202 1.000000
7167857.394585 7167857.394585 1.000000
7168058.733302 7168058.733302 1.000000
7168192.448584 7168192.448584 1.000000
7168685.241756 7168685.241756 1.000000
7169039.933175 7169039.933175 1.000000
7169319.384796 7169319.384796 1.000000
7169566.823230 7169566.823230 1.000000
7169681.728478 7169681.728478 1.000000
7170210.339230 7170210.339230 1.000000
7170570.278219 7170570.278219 1.000000
7171089.411096 7171089.411096 1.000000
7171281.847159 7171281.847159 1.000000
7170994.853235 7170994.853235 1.000000
7171171.976725 7171171.976725 1.000000
7171742.741942 7171742.741942 1.000000
7172157.349046 7172157.349046 1.000000
