6747710.796347 6747710.796347 1.000000
7035593.798794 7035593.798794 1.000000
7109218.687542 7109218.687542 1.000000
7142762.414530 7142762.414530 1.000000
7110235.103295 7110235.103295 1.000000
6917546.555519 6917546.555519 1.000000
6918728.222368 6918728.222368 1.000000
6919737.974291 6919737.974291 1.000000
6921354.658411 6921354.658411 1.000000
6922597.658577 6922597.658577 1.000000
6924075.851999 6924075.851999 1.000000
6925276.713885 6925276.713885 1.000000
6926248.216712 6926248.216712 1.000000
6927447.143225 6927447.143225 1.000000
7194419.647579 7194419.647579 1.000000
7165197.883974 7165197.883974 1.000000
7139965.682259 7139965.682259 1.000000
7139966.509452 7139966.509452 1.000000
7139390.114510 7139390.114510 1.000000
7139390.304385 7139390.304385 1.000000
7137988.566649 7137988.566649 1.000000
7065514.465569 7065514.465569 1.000000
7026656.055761 7026656.055761 1.000000
7026658.553150 7026658.553150 1.000000
7026663.228701 7026663.228701 1.000000
7026667.702073 7026667.702073 1.000000
7026670.937072 7026670.937072 1.000000
7026675.475802 7026675.475802 1.000000
7026679.740485 7026679.740485 1.000000
7026682.205209 7026682.205209 1.000000
7026698.527770 7026698.527770 1.000000
7249970.126132 7249970.126132 1.000000
7249916.051573 7249916.051573 1.000000
7249852.808344 7249852.808344 1.000000
7245672.195295 7245672.195295 1.000000
7245612.766066 7245612.766066 1.000000
7245579.587297 7245579.587297 1.000000
7245543.602459 7245543.602459 1.000000
7245489.825561 7245489.825561 1.000000
7245551.845953 7245551.845953 1.000000
7245635.318547 7245635.318547 1.000000
7245568.790709 7245568.790709 1.000000
7245592.058890 7245592.058890 1.000000
7245559.443165 7245559.443165 1.000000
7245598.050275 7245598.050275 1.000000
7245535.677382 7245535.677382 1.000000
7245491.652420 7245491.652420 1.000000
7245401.943169 7245401.943169 1.000000
7236851.994871 7236851.994871 1.000000
7236731.039256 7236731.039256 1.000000
7243207.187640 7243207.187640 1.000000
7249928.954796 7249928.954796 1.000000
7249834.925212 7249834.925212 1.000000
7249790.864411 7249790.864411 1.000000
7249723.726895 7249723.726895 1.000000
7249695.438261 7249695.438261 1.000000
7249650.367171 7249650.367171 1.000000
7249626.587122 7249626.587122 1.000000
7249596.062530 7249596.062530 1.000000
7249560.885227 7249560.885227 1.000000
7249999.181690 7249999.181690 1.000000
7249914.018505 7249914.018505 1.000000
7249850.785418 7249850.785418 1.000000
7249622.058586 7249622.058586 1.000000
7249995.300217 7249995.300217 1.000000
7249962.886709 7249962.886709 1.000000
7249936.582314 7249936.582314 1.000000
7249920.597676 7249920.597676 1.000000
7249894.740825 7249894.740825 1.000000
7249871.150568 7249871.150568 1.000000
7249863.760587 7249863.760587 1.000000
7249842.787538 7249842.787538 1.000000
7249743.116520 7249743.116520 1.000000
7249755.166929 7249755.166929 1.000000
7249747.563786 7249747.563786 1.000000
7249691.477609 7249691.477609 1.000000
7249662.085841 7249662.085841 1.000000
7249685.190330 7249685.190330 1.000000
7249689.155625 7249689.155625 1.000000
7249672.860755 7249672.860755 1.000000
7249564.995395 7249564.995395 1.000000
7249570.246948 7249570.246948 1.000000
7249673.633725 7249673.633725 1.000000
7249545.628389 7249545.628389 1.000000
7249603.411229 7249603.411229 1.000000
7249501.155496 7249501.155496 1.000000
7249669.870871 7249669.870871 1.000000
7250002.580278 7250002.580278 1.000000
7250005.255335 7250005.255335 1.000000
7250004.312285 7250004.312285 1.000000
7250008.554132 7250008.554132 1.000000
7250021.276584 7250021.276584 1.000000
7249947.789506 7249947.789506 1.000000
7249891.426268 7249891.426268 1.000000
7249769.139125 7249769.139125 1.000000
7249730.156608 7249730.156608 1.000000
7249830.502259 7249830.502259 1.000000
7249805.216241 7249805.216241 1.000000
7249805.704812 7249805.704812 1.000000
7249832.847518 7249832.847518 1.000000
7249850.826169 7249850.826169 1.000000
7249850.460567 7249850.460567 1.000000
7249866.732485 7249866.732485 1.000000
7249857.514845 7249857.514845 1.000000
7249860.200240 7249860.200240 1.000000
7249889.458104 7249889.458104 1.000000
7249895.272833 7249895.272833 1.000000
7249884.485689 7249884.485689 1.000000
7249893.907003 7249893.907003 1.000000
7249894.331335 7249894.331335 1.000000
7249886.702770 7249886.702770 1.000000
7249897.192443 7249897.192443 1.000000
7249888.017604 7249888.017604 1.000000
7249873.672397 7249873.672397 1.000000
7249884.742601 7249884.742601 1.000000
7249881.394922 7249881.394922 1.000000
7249894.783201 7249894.783201 1.000000
