7404815.905395 7404815.905395 1.000000
7404922.921732 7404922.921732 1.000000
7404381.764498 7404381.764498 1.000000
7404558.864305 7404558.864305 1.000000
7404709.195980 7404709.195980 1.000000
7404657.599420 7404657.599420 1.000000
7404387.335293 7404387.335293 1.000000
7403738.684444 7403738.684444 1.000000
7403635.389384 7403635.389384 1.000000
7404332.285455 7404332.285455 1.000000
7404923.964917 7404923.964917 1.000000
7402396.229541 7402396.229541 1.000000
7402442.442290 7402442.442290 1.000000
7402929.491782 7402929.491782 1.000000
7402648.197047 7402648.197047 1.000000
7402603.125909 7402603.125909 1.000000
7402549.141057 7402549.141057 1.000000
7404378.836497 7404378.836497 1.000000
7405693.237899 7405693.237899 1.000000
7405694.644233 7405694.644233 1.000000
7405098.281512 7405098.281512 1.000000
7404874.872873 7404874.872873 1.000000
7401453.321166 7401453.321166 1.000000
7401149.501368 7401149.501368 1.000000
7401288.993760 7401288.993760 1.000000
7400789.857140 7400789.857140 1.000000
7398805.530620 7398805.530620 1.000000
7396281.032770 7396281.032770 1.000000
7397473.206890 7397473.206890 1.000000
7398095.448771 7398095.448771 1.000000
7398430.612633 7398430.612633 1.000000
7399110.685339 7399110.685339 1.000000
7399351.465068 7399351.465068 1.000000
7399267.977242 7399267.977242 1.000000
7400159.624044 7400159.624044 1.000000
7400296.521992 7400296.521992 1.000000
7401079.088295 7401079.088295 1.000000
7400855.577329 7400855.577329 1.000000
7401008.239637 7401008.239637 1.000000
7400370.369715 7400370.369715 1.000000
7400502.140849 7400502.140849 1.000000
7400542.239422 7400542.239422 1.000000
7400890.501676 7400890.501676 1.000000
7401089.883898 7401089.883898 1.000000
7401382.236847 7401382.236847 1.000000
7401466.510469 7401466.510469 1.000000
7402295.896295 7402295.896295 1.000000
7402978.370312 7402978.370312 1.000000
7402772.124057 7402772.124057 1.000000
7402818.067848 7402818.067848 1.000000
7402600.103155 7402600.103155 1.000000
7402235.953101 7402235.953101 1.000000
7402359.902429 7402359.902429 1.000000
7402399.987127 7402399.987127 1.000000
7402777.668798 7402777.668798 1.000000
7404192.428969 7404192.428969 1.000000
7404251.294634 7404251.294634 1.000000
7403999.303642 7403999.303642 1.000000
7403883.349268 7403883.349268 1.000000
7403995.096848 7403995.096848 1.000000
7403685.275145 7403685.275145 1.000000
7403686.323421 7403686.323421 1.000000
7403298.411999 7403298.411999 1.000000
7403775.849241 7403775.849241 1.000000
7403605.443753 7403605.443753 1.000000
7404034.395976 7404034.395976 1.000000
7403549.082024 7403549.082024 1.000000
7403392.359810 7403392.359810 1.000000
7403247.719071 7403247.719071 1.000000
7403564.678752 7403564.678752 1.000000
7403230.567114 7403230.567114 1.000000
7403117.929641 7403117.929641 1.000000
7402641.206503 7402641.206503 1.000000
7402736.123715 7402736.123715 1.000000
7403676.993091 7403676.993091 1.000000
7403152.468422 7403152.468422 1.000000
7402679.702723 7402679.702723 1.000000
7403267.201625 7403267.201625 1.000000
7403191.549832 7403191.549832 1.000000
7402569.807579 7402569.807579 1.000000
7402259.727774 7402259.727774 1.000000
7402343.412951 7402343.412951 1.000000
7402448.991322 7402448.991322 1.000000
7403020.639680 7403020.639680 1.000000
7404135.441376 7404135.441376 1.000000
7404374.543984 7404374.543984 1.000000
7404199.959508 7404199.959508 1.000000
7404448.442576 7404448.442576 1.000000
7403120.904300 7403120.904300 1.000000
7402937.802232 7402937.802232 1.000000
7403486.263575 7403486.263575 1.000000
7403505.267779 7403505.267779 1.000000
7403741.011968 7403741.011968 1.000000
7403806.262394 7403806.262394 1.000000
7403775.523727 7403775.523727 1.000000
7403941.043560 7403941.043560 1.000000
7404404.226674 7404404.226674 1.000000
7404284.440320 7404284.440320 1.000000
7405018.695230 7405018.695230 1.000000
7406029.981487 7406029.981487 1.000000
7405544.272377 7405544.272377 1.000000
7404308.288042 7404308.288042 1.000000
7404175.010241 7404175.010241 1.000000
7403749.845781 7403749.845781 1.000000
7403546.300632 7403546.300632 1.000000
7403686.246902 7403686.246902 1.000000
7403515.789648 7403515.789648 1.000000
7403540.608707 7403540.608707 1.000000
7402581.550533 7402581.550533 1.000000
7401960.949523 7401960.949523 1.000000
7402019.517732 7402019.517732 1.000000
7401654.816920 7401654.816920 1.000000
7401190.925450 7401190.925450 1.000000
7400898.001348 7400898.001348 1.000000
7400833.655361 7400833.655361 1.000000
7399497.771788 7399497.771788 1.000000
7398158.762885 7398158.762885 1.000000
7398087.893580 7398087.893580 1.000000
7397748.337860 7397748.337860 1.000000
7398142.348069 7398142.348069 1.000000
7397836.036379 7397836.036379 1.000000
7397989.453374 7397989.453374 1.000000
7397583.121298 7397583.121298 1.000000
7397528.722908 7397528.722908 1.000000
7398339.263661 7398339.263661 1.000000
7399324.482343 7399324.482343 1.000000
7399411.230132 7399411.230132 1.000000
7398961.323358 7398961.323358 1.000000
7398555.682797 7398555.682797 1.000000
7398537.779934 7398537.779934 1.000000
7398656.981658 7398656.981658 1.000000
7398639.036746 7398639.036746 1.000000
7398312.713138 7398312.713138 1.000000
7399189.541707 7399189.541707 1.000000
7399340.002426 7399340.002426 1.000000
7399786.331537 7399786.331537 1.000000
7399739.120987 7399739.120987 1.000000
7400139.870940 7400139.870940 1.000000
7400157.815096 7400157.815096 1.000000
7400926.375068 7400926.375068 1.000000
7402253.965689 7402253.965689 1.000000
7402227.070228 7402227.070228 1.000000
7402853.311556 7402853.311556 1.000000
7402999.687432 7402999.687432 1.000000
7402702.357370 7402702.357370 1.000000
7404231.993806 7404231.993806 1.000000
7404226.951738 7404226.951738 1.000000
7403451.680027 7403451.680027 1.000000
7404371.995699 7404371.995699 1.000000
7404246.171897 7404246.171897 1.000000
7403629.318190 7403629.318190 1.000000
7403722.725504 7403722.725504 1.000000
7403450.281632 7403450.281632 1.000000
7403900.002491 7403900.002491 1.000000
7403710.082103 7403710.082103 1.000000
7403460.290730 7403460.290730 1.000000
7403447.835750 7403447.835750 1.000000
7409163.892602 7409163.892602 1.000000
7409037.881877 7409037.881877 1.000000
7408795.900243 7408795.900243 1.000000
7409291.857723 7409291.857723 1.000000
7407803.627611 7407803.627611 1.000000
7408018.489906 7408018.489906 1.000000
7410023.408973 7410023.408973 1.000000
7409942.414684 7409942.414684 1.000000
7409623.723803 7409623.723803 1.000000
7410266.673508 7410266.673508 1.000000
7408877.512875 7408877.512875 1.000000
7407950.348508 7407950.348508 1.000000
7409585.044261 7409585.044261 1.000000
7409070.773589 7409070.773589 1.000000
7408626.855311 7408626.855311 1.000000
7408476.817159 7408476.817159 1.000000
7408364.957143 7408364.957143 1.000000
7408166.956955 7408166.956955 1.000000
7407759.958457 7407759.958457 1.000000
7407786.182502 7407786.182502 1.000000
7407288.762076 7407288.762076 1.000000
