7348808.433586 7348808.433586 1.000000
7348746.986143 7348746.986143 1.000000
7346234.462468 7346234.462468 1.000000
7346730.127404 7346730.127404 1.000000
7347096.779413 7347096.779413 1.000000
7347444.932622 7347444.932622 1.000000
7347698.807554 7347698.807554 1.000000
7347753.069175 7347753.069175 1.000000
7348026.016407 7348026.016407 1.000000
7348133.622030 7348133.622030 1.000000
7348236.069080 7348236.069080 1.000000
7347321.601997 7347321.601997 1.000000
7347302.025148 7347302.025148 1.000000
7347361.621399 7347361.621399 1.000000
7350532.577281 7350532.577281 1.000000
7350788.371187 7350788.371187 1.000000
7350933.294938 7350933.294938 1.000000
7351313.506219 7351313.506219 1.000000
7351370.122428 7351370.122428 1.000000
7347606.163133 7347606.163133 1.000000
7347803.275063 7347803.275063 1.000000
7348185.064666 7348185.064666 1.000000
7347704.943494 7347704.943494 1.000000
7349949.121730 7349949.121730 1.000000
7347828.933590 7347828.933590 1.000000
7350650.797851 7350650.797851 1.000000
7351625.979037 7351625.979037 1.000000
7351743.406911 7351743.406911 1.000000
7351871.625211 7351871.625211 1.000000
7350481.321876 7350481.321876 1.000000
7347671.264049 7347671.264049 1.000000
7348602.737694 7348602.737694 1.000000
7350119.662624 7350119.662624 1.000000
7350268.355491 7350268.355491 1.000000
7350388.379057 7350388.379057 1.000000
7350332.206835 7350332.206835 1.000000
7350371.610681 7350371.610681 1.000000
7347362.448310 7347362.448310 1.000000
7345737.218937 7345737.218937 1.000000
7345670.906417 7345670.906417 1.000000
7350659.195058 7350659.195058 1.000000
7352905.980131 7352905.980131 1.000000
7353006.836861 7353006.836861 1.000000
7353974.946833 7353974.946833 1.000000
7355352.169817 7355352.169817 1.000000
7355999.446662 7355999.446662 1.000000
7356253.840329 7356253.840329 1.000000
7356415.215078 7356415.215078 1.000000
7359412.405581 7359412.405581 1.000000
7359301.798272 7359301.798272 1.000000
7355186.649583 7355186.649583 1.000000
7354895.526411 7354895.526411 1.000000
7350113.676497 7350113.676497 1.000000
7351235.145326 7351235.145326 1.000000
7351234.866081 7351234.866081 1.000000
7349436.321963 7349436.321963 1.000000
7347547.114887 7347547.114887 1.000000
7347876.291535 7347876.291535 1.000000
7347938.191647 7347938.191647 1.000000
7348023.192940 7348023.192940 1.000000
7348196.596285 7348196.596285 1.000000
7348166.094154 7348166.094154 1.000000
7348182.131316 7348182.131316 1.000000
7350122.356198 7350122.356198 1.000000
7349050.797418 7349050.797418 1.000000
7348743.407933 7348743.407933 1.000000
7347789.486696 7347789.486696 1.000000
7347846.163536 7347846.163536 1.000000
7348322.488948 7348322.488948 1.000000
7347928.156971 7347928.156971 1.000000
7347768.798511 7347768.798511 1.000000
7347765.385428 7347765.385428 1.000000
7346800.780912 7346800.780912 1.000000
7345125.695191 7345125.695191 1.000000
7344883.959035 7344883.959035 1.000000
7344974.727851 7344974.727851 1.000000
7344343.824379 7344343.824379 1.000000
7344812.018797 7344812.018797 1.000000
7345642.579484 7345642.579484 1.000000
7345814.234910 7345814.234910 1.000000
7345620.616494 7345620.616494 1.000000
7345606.702906 7345606.702906 1.000000
7345105.808926 7345105.808926 1.000000
7345162.529200 7345162.529200 1.000000
7347906.770705 7347906.770705 1.000000
7347726.179573 7347726.179573 1.000000
7347609.532019 7347609.532019 1.000000
7347786.531263 7347786.531263 1.000000
7343769.134422 7343769.134422 1.000000
7343880.746078 7343880.746078 1.000000
7346802.604663 7346802.604663 1.000000
7346440.559260 7346440.559260 1.000000
7348858.163342 7348858.163342 1.000000
7348891.782712 7348891.782712 1.000000
7348633.868551 7348633.868551 1.000000
7348569.523994 7348569.523994 1.000000
7345203.277533 7345203.277533 1.000000
7345087.090154 7345087.090154 1.000000
7345253.731578 7345253.731578 1.000000
7345252.398896 7345252.398896 1.000000
7345008.613112 7345008.613112 1.000000
7345004.235161 7345004.235161 1.000000
7346873.407452 7346873.407452 1.000000
7346870.644510 7346870.644510 1.000000
7348548.710610 7348548.710610 1.000000
7348474.421105 7348474.421105 1.000000
7349080.051436 7349080.051436 1.000000
7349167.141770 7349167.141770 1.000000
7351443.248064 7351443.248064 1.000000
7348758.383811 7348758.383811 1.000000
7348902.542367 7348902.542367 1.000000
7348958.186649 7348958.186649 1.000000
7348162.854558 7348162.854558 1.000000
7348160.602713 7348160.602713 1.000000
7348233.515162 7348233.515162 1.000000
7348548.610312 7348548.610312 1.000000
7348698.325383 7348698.325383 1.000000
7349143.808879 7349143.808879 1.000000
7349352.474087 7349352.474087 1.000000
7349458.049700 7349458.049700 1.000000
7352563.738754 7352563.738754 1.000000
7355807.198784 7355807.198784 1.000000
7356177.996308 7356177.996308 1.000000
7355996.664297 7355996.664297 1.000000
7356069.002674 7356069.002674 1.000000
7356067.596211 7356067.596211 1.000000
7356216.870440 7356216.870440 1.000000
7356402.034949 7356402.034949 1.000000
7356424.472985 7356424.472985 1.000000
7356229.869531 7356229.869531 1.000000
7356780.343298 7356780.343298 1.000000
7357599.403841 7357599.403841 1.000000
7357869.430495 7357869.430495 1.000000
7357871.381914 7357871.381914 1.000000
7357929.914887 7357929.914887 1.000000
7358181.109894 7358181.109894 1.000000
7358177.506149 7358177.506149 1.000000
7357536.877074 7357536.877074 1.000000
7357723.527428 7357723.527428 1.000000
7358525.584433 7358525.584433 1.000000
7357980.336694 7357980.336694 1.000000
7358233.923109 7358233.923109 1.000000
7359528.231581 7359528.231581 1.000000
7357729.142002 7357729.142002 1.000000
7356971.283661 7356971.283661 1.000000
7356977.973881 7356977.973881 1.000000
7355595.367689 7355595.367689 1.000000
7353312.459763 7353312.459763 1.000000
7353152.315897 7353152.315897 1.000000
7354060.916123 7354060.916123 1.000000
7353901.729625 7353901.729625 1.000000
7353958.909926 7353958.909926 1.000000
7354350.847250 7354350.847250 1.000000
7354264.272923 7354264.272923 1.000000
7351158.306007 7351158.306007 1.000000
7348116.332745 7348116.332745 1.000000
7344957.532140 7344957.532140 1.000000
7341832.228933 7341832.228933 1.000000
7338938.934166 7338938.934166 1.000000
7335940.981967 7335940.981967 1.000000
7333095.170186 7333095.170186 1.000000
7330140.316997 7330140.316997 1.000000
7327321.687141 7327321.687141 1.000000
7324755.062847 7324755.062847 1.000000
7322336.207464 7322336.207464 1.000000
7319660.077640 7319660.077640 1.000000
7316936.485766 7316936.485766 1.000000
7314185.766125 7314185.766125 1.000000
7311369.722419 7311369.722419 1.000000
7308218.725450 7308218.725450 1.000000
7305175.216812 7305175.216812 1.000000
7302448.856206 7302448.856206 1.000000
7299795.029444 7299795.029444 1.000000
7296927.832249 7296927.832249 1.000000
7294183.731165 7294183.731165 1.000000
7291232.006019 7291232.006019 1.000000
7288127.976655 7288127.976655 1.000000
7284772.059942 7284772.059942 1.000000
7281815.022170 7281815.022170 1.000000
7279089.042029 7279089.042029 1.000000
7275987.531095 7275987.531095 1.000000
7272651.567223 7272651.567223 1.000000
7269469.681498 7269469.681498 1.000000
7266372.860722 7266372.860722 1.000000
7263600.206762 7263600.206762 1.000000
7260445.991936 7260445.991936 1.000000
7257758.926544 7257758.926544 1.000000
7254879.282716 7254879.282716 1.000000
7251901.311233 7251901.311233 1.000000
7249224.635350 7249224.635350 1.000000
7246197.798346 7246197.798346 1.000000
7243184.427358 7243184.427358 1.000000
7240094.896412 7240094.896412 1.000000
