7299737.750002 7299737.750002 1.000000
7299429.635735 7299429.635735 1.000000
7299245.272852 7299245.272852 1.000000
7299440.809521 7299440.809521 1.000000
7300215.534824 7300215.534824 1.000000
7300318.677100 7300318.677100 1.000000
7301155.704076 7301155.704076 1.000000
7301854.287767 7301854.287767 1.000000
7302371.182687 7302371.182687 1.000000
7302967.712090 7302967.712090 1.000000
7303263.270083 7303263.270083 1.000000
7303581.495514 7303581.495514 1.000000
7304442.807677 7304442.807677 1.000000
7304988.578338 7304988.578338 1.000000
7304376.756987 7304376.756987 1.000000
7304726.359318 7304726.359318 1.000000
7304830.414354 7304830.414354 1.000000
7304889.573031 7304889.573031 1.000000
7304893.890521 7304893.890521 1.000000
7304843.706269 7304843.706269 1.000000
7304738.705845 7304738.705845 1.000000
7304313.153053 7304313.153053 1.000000
7304622.419837 7304622.419837 1.000000
7303810.723375 7303810.723375 1.000000
7303858.871564 7303858.871564 1.000000
7303793.499066 7303793.499066 1.000000
7303882.303156 7303882.303156 1.000000
7303305.506324 7303305.506324 1.000000
7303408.916775 7303408.916775 1.000000
7303554.479272 7303554.479272 1.000000
7303435.654286 7303435.654286 1.000000
7303269.952209 7303269.952209 1.000000
7303729.677275 7303729.677275 1.000000
7304481.670260 7304481.670260 1.000000
7304038.651691 7304038.651691 1.000000
7304290.254180 7304290.254180 1.000000
7304024.848626 7304024.848626 1.000000
7303879.169990 7303879.169990 1.000000
7303727.426471 7303727.426471 1.000000
7303610.987726 7303610.987726 1.000000
7303497.748993 7303497.748993 1.000000
7303390.812439 7303390.812439 1.000000
7303268.717260 7303268.717260 1.000000
7303050.828415 7303050.828415 1.000000
7302817.176224 7302817.176224 1.000000
7302656.920333 7302656.920333 1.000000
7302373.420752 7302373.420752 1.000000
7302218.228941 7302218.228941 1.000000
7301287.698821 7301287.698821 1.000000
7301008.243901 7301008.243901 1.000000
7300810.118302 7300810.118302 1.000000
7300575.180056 7300575.180056 1.000000
7299965.698206 7299965.698206 1.000000
7299837.130601 7299837.130601 1.000000
7299856.856201 7299856.856201 1.000000
7299700.362579 7299700.362579 1.000000
7299364.164399 7299364.164399 1.000000
7299055.909483 7299055.909483 1.000000
7298486.272948 7298486.272948 1.000000
7298313.362933 7298313.362933 1.000000
7298744.238570 7298744.238570 1.000000
7299654.609926 7299654.609926 1.000000
7299824.999470 7299824.999470 1.000000
7299636.428073 7299636.428073 1.000000
7299513.309058 7299513.309058 1.000000
7299135.856717 7299135.856717 1.000000
7299226.590284 7299226.590284 1.000000
7299278.107100 7299278.107100 1.000000
7299489.868896 7299489.868896 1.000000
7299400.970171 7299400.970171 1.000000
7300087.185725 7300087.185725 1.000000
7299909.174920 7299909.174920 1.000000
7298928.684885 7298928.684885 1.000000
7298774.774248 7298774.774248 1.000000
7298660.928722 7298660.928722 1.000000
7297996.195729 7297996.195729 1.000000
7297345.310440 7297345.310440 1.000000
7296733.879743 7296733.879743 1.000000
7296690.448852 7296690.448852 1.000000
7295705.163058 7295705.163058 1.000000
7295575.630339 7295575.630339 1.000000
7295319.131368 7295319.131368 1.000000
7295175.566877 7295175.566877 1.000000
7294515.149142 7294515.149142 1.000000
7294445.885372 7294445.885372 1.000000
7294342.342267 7294342.342267 1.000000
7293613.526433 7293613.526433 1.000000
7293525.796905 7293525.796905 1.000000
7292941.315839 7292941.315839 1.000000
7291941.783748 7291941.783748 1.000000
7292262.715801 7292262.715801 1.000000
7292284.062396 7292284.062396 1.000000
7291692.231390 7291692.231390 1.000000
7291194.818680 7291194.818680 1.000000
7290773.757192 7290773.757192 1.000000
7290541.655169 7290541.655169 1.000000
7291528.180511 7291528.180511 1.000000
7291564.426258 7291564.426258 1.000000
7290590.591421 7290590.591421 1.000000
7290285.712294 7290285.712294 1.000000
7289774.493491 7289774.493491 1.000000
7289337.234768 7289337.234768 1.000000
7288487.346534 7288487.346534 1.000000
7288594.647699 7288594.647699 1.000000
7289434.422759 7289434.422759 1.000000
7289675.104139 7289675.104139 1.000000
7290081.370006 7290081.370006 1.000000
7290147.824918 7290147.824918 1.000000
7289998.745365 7289998.745365 1.000000
7289930.003799 7289930.003799 1.000000
7289568.473838 7289568.473838 1.000000
7289084.683747 7289084.683747 1.000000
7288575.726070 7288575.726070 1.000000
7287950.277385 7287950.277385 1.000000
7288006.883322 7288006.883322 1.000000
7287892.020085 7287892.020085 1.000000
7288127.671906 7288127.671906 1.000000
7288729.458947 7288729.458947 1.000000
7287732.716997 7287732.716997 1.000000
7288453.001767 7288453.001767 1.000000
7288875.906804 7288875.906804 1.000000
7289274.831097 7289274.831097 1.000000
7288761.829535 7288761.829535 1.000000
7288067.312378 7288067.312378 1.000000
7287737.287347 7287737.287347 1.000000
7287781.382655 7287781.382655 1.000000
7287375.175733 7287375.175733 1.000000
7287228.923010 7287228.923010 1.000000
7286854.754007 7286854.754007 1.000000
7287785.071502 7287785.071502 1.000000
7288005.799047 7288005.799047 1.000000
7288149.937627 7288149.937627 1.000000
7288638.848720 7288638.848720 1.000000
7288792.119307 7288792.119307 1.000000
7289144.218400 7289144.218400 1.000000
7288576.942695 7288576.942695 1.000000
7289235.957803 7289235.957803 1.000000
7289338.775377 7289338.775377 1.000000
7289745.432272 7289745.432272 1.000000
7290557.433721 7290557.433721 1.000000
7290749.875528 7290749.875528 1.000000
7290942.996589 7290942.996589 1.000000
7291175.076315 7291175.076315 1.000000
7292090.519684 7292090.519684 1.000000
7292219.084542 7292219.084542 1.000000
7292383.328608 7292383.328608 1.000000
7292531.434008 7292531.434008 1.000000
7292533.699684 7292533.699684 1.000000
7292433.185758 7292433.185758 1.000000
7292537.701906 7292537.701906 1.000000
7292653.242729 7292653.242729 1.000000
7292007.905985 7292007.905985 1.000000
7291603.367988 7291603.367988 1.000000
7291706.984981 7291706.984981 1.000000
7291869.348704 7291869.348704 1.000000
7292328.856159 7292328.856159 1.000000
7292832.836901 7292832.836901 1.000000
7293529.990864 7293529.990864 1.000000
7294035.825845 7294035.825845 1.000000
7293878.653516 7293878.653516 1.000000
7293776.871666 7293776.871666 1.000000
7293137.502643 7293137.502643 1.000000
7292752.400280 7292752.400280 1.000000
7292990.169548 7292990.169548 1.000000
7292632.702574 7292632.702574 1.000000
7292902.544604 7292902.544604 1.000000
7292793.195657 7292793.195657 1.000000
7292177.222853 7292177.222853 1.000000
7292534.914238 7292534.914238 1.000000
7292655.978160 7292655.978160 1.000000
7292553.430135 7292553.430135 1.000000
7292820.362599 7292820.362599 1.000000
7293765.147778 7293765.147778 1.000000
7293628.620199 7293628.620199 1.000000
7293827.989868 7293827.989868 1.000000
7294134.541409 7294134.541409 1.000000
7293191.764577 7293191.764577 1.000000
7293416.763601 7293416.763601 1.000000
7293607.245426 7293607.245426 1.000000
7294365.283328 7294365.283328 1.000000
7294484.833504 7294484.833504 1.000000
7294426.016652 7294426.016652 1.000000
7294538.747591 7294538.747591 1.000000
7294823.808511 7294823.808511 1.000000
7295465.131668 7295465.131668 1.000000
7296412.983906 7296412.983906 1.000000
7296284.112802 7296284.112802 1.000000
7295921.467863 7295921.467863 1.000000
7296265.355539 7296265.355539 1.000000
7296775.794009 7296775.794009 1.000000
7297528.802074 7297528.802074 1.000000
7298311.859802 7298311.859802 1.000000
7298781.020906 7298781.020906 1.000000
7299185.399716 7299185.399716 1.000000
7299941.466202 7299941.466202 1.000000
7300043.968386 7300043.968386 1.000000
7300548.807867 7300548.807867 1.000000
7300786.616898 7300786.616898 1.000000
7300947.829040 7300947.829040 1.000000
7301232.416761 7301232.416761 1.000000
7301917.231623 7301917.231623 1.000000
7302324.096546 7302324.096546 1.000000
7302863.753545 7302863.753545 1.000000
7303017.343960 7303017.343960 1.000000
7303285.996533 7303285.996533 1.000000
7303044.776516 7303044.776516 1.000000
7303521.278392 7303521.278392 1.000000
