7348600.053085 7348600.053085 1.000000
7348612.765788 7348612.765788 1.000000
7348613.312176 7348613.312176 1.000000
7348615.387496 7348615.387496 1.000000
7348614.587093 7348614.587093 1.000000
7348591.067935 7348591.067935 1.000000
7348670.162706 7348670.162706 1.000000
7348416.867116 7348416.867116 1.000000
7348415.637634 7348415.637634 1.000000
7348418.172431 7348418.172431 1.000000
7348388.571242 7348388.571242 1.000000
7348395.978062 7348395.978062 1.000000
7348405.246618 7348405.246618 1.000000
7348468.827423 7348468.827423 1.000000
7348482.510812 7348482.510812 1.000000
7348522.093910 7348522.093910 1.000000
7348559.742485 7348559.742485 1.000000
7348563.122630 7348563.122630 1.000000
7348702.715898 7348702.715898 1.000000
7348722.410403 7348722.410403 1.000000
7348760.552159 7348760.552159 1.000000
7348761.169071 7348761.169071 1.000000
7348774.709213 7348774.709213 1.000000
7348776.505674 7348776.505674 1.000000
7348779.705232 7348779.705232 1.000000
7348778.752544 7348778.752544 1.000000
7348786.422984 7348786.422984 1.000000
7348772.922518 7348772.922518 1.000000
7348699.421293 7348699.421293 1.000000
7348738.442008 7348738.442008 1.000000
7348753.975385 7348753.975385 1.000000
7348741.605475 7348741.605475 1.000000
7348738.788930 7348738.788930 1.000000
7348737.006663 7348737.006663 1.000000
7348733.135886 7348733.135886 1.000000
7348760.842784 7348760.842784 1.000000
7348760.806542 7348760.806542 1.000000
7348759.065688 7348759.065688 1.000000
7348757.531842 7348757.531842 1.000000
7348843.777660 7348843.777660 1.000000
7348854.961411 7348854.961411 1.000000
7348955.166749 7348955.166749 1.000000
7348957.912748 7348957.912748 1.000000
7348955.124088 7348955.124088 1.000000
7348973.765059 7348973.765059 1.000000
7348998.800366 7348998.800366 1.000000
7348987.243692 7348987.243692 1.000000
7348980.407721 7348980.407721 1.000000
7348974.577025 7348974.577025 1.000000
7348974.045157 7348974.045157 1.000000
7348879.750957 7348879.750957 1.000000
7334583.249204 7334583.249204 1.000000
7334652.881358 7334652.881358 1.000000
7334510.895184 7334510.895184 1.000000
7334445.907331 7334445.907331 1.000000
7334443.531446 7334443.531446 1.000000
7334483.442938 7334483.442938 1.000000
7334482.778053 7334482.778053 1.000000
7334481.790700 7334481.790700 1.000000
7334483.693818 7334483.693818 1.000000
7334400.561249 7334400.561249 1.000000
7334401.479328 7334401.479328 1.000000
7334390.591108 7334390.591108 1.000000
7334377.172985 7334377.172985 1.000000
7334329.785518 7334329.785518 1.000000
7334328.705077 7334328.705077 1.000000
7334329.399723 7334329.399723 1.000000
7334332.964530 7334332.964530 1.000000
7334326.657061 7334326.657061 1.000000
7334294.660924 7334294.660924 1.000000
7334281.321824 7334281.321824 1.000000
7334213.066757 7334213.066757 1.000000
7334309.909187 7334309.909187 1.000000
7334339.141394 7334339.141394 1.000000
7334342.393288 7334342.393288 1.000000
7334314.496907 7334314.496907 1.000000
7334311.904071 7334311.904071 1.000000
7334352.647377 7334352.647377 1.000000
7334344.027853 7334344.027853 1.000000
7334345.288878 7334345.288878 1.000000
7334329.346808 7334329.346808 1.000000
7334340.146953 7334340.146953 1.000000
7334316.729471 7334316.729471 1.000000
7334258.804013 7334258.804013 1.000000
7334271.670737 7334271.670737 1.000000
7334276.492316 7334276.492316 1.000000
7334306.810756 7334306.810756 1.000000
7334265.878951 7334265.878951 1.000000
7334265.868240 7334265.868240 1.000000
7334264.496398 7334264.496398 1.000000
7334255.056619 7334255.056619 1.000000
7334251.927846 7334251.927846 1.000000
7334253.028536 7334253.028536 1.000000
7334243.430603 7334243.430603 1.000000
7334243.430497 7334243.430497 1.000000
7334229.704189 7334229.704189 1.000000
7334223.674510 7334223.674510 1.000000
7334219.116106 7334219.116106 1.000000
7334219.485154 7334219.485154 1.000000
7334204.284943 7334204.284943 1.000000
7334197.471704 7334197.471704 1.000000
7348606.145758 7348606.145758 1.000000
7348605.959861 7348605.959861 1.000000
7348605.949864 7348605.949864 1.000000
7348597.961008 7348597.961008 1.000000
7348593.247686 7348593.247686 1.000000
7348620.166247 7348620.166247 1.000000
7348620.181615 7348620.181615 1.000000
7348618.263993 7348618.263993 1.000000
7348583.619349 7348583.619349 1.000000
7348585.326284 7348585.326284 1.000000
7348494.856257 7348494.856257 1.000000
7348497.699640 7348497.699640 1.000000
7348352.612899 7348352.612899 1.000000
7348337.717593 7348337.717593 1.000000
7348241.899382 7348241.899382 1.000000
7348251.959883 7348251.959883 1.000000
7348264.904989 7348264.904989 1.000000
7348151.506182 7348151.506182 1.000000
7348098.433052 7348098.433052 1.000000
7348092.988310 7348092.988310 1.000000
7348081.262092 7348081.262092 1.000000
7348028.338509 7348028.338509 1.000000
7348018.961916 7348018.961916 1.000000
7347955.551511 7347955.551511 1.000000
7347996.737993 7347996.737993 1.000000
7348047.508738 7348047.508738 1.000000
7348013.810927 7348013.810927 1.000000
7348013.713500 7348013.713500 1.000000
7348017.548924 7348017.548924 1.000000
7347998.519336 7347998.519336 1.000000
7347994.804613 7347994.804613 1.000000
7347953.084845 7347953.084845 1.000000
7347978.787178 7347978.787178 1.000000
7347981.713834 7347981.713834 1.000000
7347962.559430 7347962.559430 1.000000
7347962.189224 7347962.189224 1.000000
7347957.209197 7347957.209197 1.000000
7347920.017527 7347920.017527 1.000000
7347927.054068 7347927.054068 1.000000
7347926.192987 7347926.192987 1.000000
7347938.536348 7347938.536348 1.000000
7347906.486681 7347906.486681 1.000000
7347919.753939 7347919.753939 1.000000
7347923.133061 7347923.133061 1.000000
7347907.345842 7347907.345842 1.000000
7347926.865439 7347926.865439 1.000000
7347940.355193 7347940.355193 1.000000
7347924.657792 7347924.657792 1.000000
7347912.680635 7347912.680635 1.000000
7347921.621155 7347921.621155 1.000000
7334583.311446 7334583.311446 1.000000
7334584.155570 7334584.155570 1.000000
7334574.795257 7334574.795257 1.000000
7334531.353031 7334531.353031 1.000000
7334523.494913 7334523.494913 1.000000
7334488.906548 7334488.906548 1.000000
7334440.580966 7334440.580966 1.000000
7334349.509065 7334349.509065 1.000000
7334350.242228 7334350.242228 1.000000
7334269.761932 7334269.761932 1.000000
7334246.427712 7334246.427712 1.000000
7334263.871724 7334263.871724 1.000000
7334261.512587 7334261.512587 1.000000
7334255.495466 7334255.495466 1.000000
7334258.434731 7334258.434731 1.000000
7334252.273963 7334252.273963 1.000000
7334242.249363 7334242.249363 1.000000
7334242.922431 7334242.922431 1.000000
7334239.363992 7334239.363992 1.000000
7334238.926323 7334238.926323 1.000000
7334223.090903 7334223.090903 1.000000
7334224.751717 7334224.751717 1.000000
7334223.876467 7334223.876467 1.000000
7334229.589612 7334229.589612 1.000000
7334217.302656 7334217.302656 1.000000
7334314.076954 7334314.076954 1.000000
7334312.230056 7334312.230056 1.000000
7334290.984624 7334290.984624 1.000000
7334322.132101 7334322.132101 1.000000
7334326.480010 7334326.480010 1.000000
7334308.623804 7334308.623804 1.000000
7334306.173342 7334306.173342 1.000000
7334305.075216 7334305.075216 1.000000
7334305.036257 7334305.036257 1.000000
7334295.837629 7334295.837629 1.000000
7334296.230148 7334296.230148 1.000000
7334296.185406 7334296.185406 1.000000
7334299.210484 7334299.210484 1.000000
7334296.083269 7334296.083269 1.000000
7334352.141177 7334352.141177 1.000000
7334350.501332 7334350.501332 1.000000
7334379.714876 7334379.714876 1.000000
7334342.196763 7334342.196763 1.000000
7334501.542813 7334501.542813 1.000000
7334527.363493 7334527.363493 1.000000
7334527.579802 7334527.579802 1.000000
7334539.551711 7334539.551711 1.000000
7334516.533828 7334516.533828 1.000000
7334521.950951 7334521.950951 1.000000
7334537.239538 7334537.239538 1.000000
7348541.602019 7348541.602019 1.000000
7348255.862194 7348255.862194 1.000000
7348248.026090 7348248.026090 1.000000
7348234.400460 7348234.400460 1.000000
7348220.300070 7348220.300070 1.000000
7348223.946189 7348223.946189 1.000000
7348155.328294 7348155.328294 1.000000
7348155.340267 7348155.340267 1.000000
7348097.308681 7348097.308681 1.000000
7348097.435725 7348097.435725 1.000000
7348080.299604 7348080.299604 1.000000
7348047.328000 7348047.328000 1.000000
7348046.837373 7348046.837373 1.000000
7348006.039968 7348006.039968 1.000000
7347996.839962 7347996.839962 1.000000
7347995.956314 7347995.956314 1.000000
7348002.118401 7348002.118401 1.000000
7347907.915832 7347907.915832 1.000000
7347907.384027 7347907.384027 1.000000
7347928.634710 7347928.634710 1.000000
7347901.482601 7347901.482601 1.000000
7347901.437600 7347901.437600 1.000000
7347898.377905 7347898.377905 1.000000
7347922.655966 7347922.655966 1.000000
7347919.004348 7347919.004348 1.000000
7347928.648622 7347928.648622 1.000000
7347920.415232 7347920.415232 1.000000
7347914.152332 7347914.152332 1.000000
7347914.315435 7347914.315435 1.000000
7347910.968461 7347910.968461 1.000000
7347880.701525 7347880.701525 1.000000
7347883.223534 7347883.223534 1.000000
7347845.237859 7347845.237859 1.000000
7347748.959473 7347748.959473 1.000000
7347748.842046 7347748.842046 1.000000
7347773.890003 7347773.890003 1.000000
7347776.493704 7347776.493704 1.000000
7347757.080492 7347757.080492 1.000000
7347757.076521 7347757.076521 1.000000
7347760.076308 7347760.076308 1.000000
7347746.947624 7347746.947624 1.000000
7347738.014240 7347738.014240 1.000000
7347729.574554 7347729.574554 1.000000
7347763.318250 7347763.318250 1.000000
7347740.262501 7347740.262501 1.000000
7347736.798987 7347736.798987 1.000000
7347660.723711 7347660.723711 1.000000
7347661.823925 7347661.823925 1.000000
7347658.695103 7347658.695103 1.000000
7347630.314224 7347630.314224 1.000000
7334546.687559 7334546.687559 1.000000
7334563.158361 7334563.158361 1.000000
7334580.856857 7334580.856857 1.000000
7334565.404760 7334565.404760 1.000000
7334642.114969 7334642.114969 1.000000
7334693.790890 7334693.790890 1.000000
7334769.744043 7334769.744043 1.000000
7334809.839483 7334809.839483 1.000000
7334816.639481 7334816.639481 1.000000
7334812.623881 7334812.623881 1.000000
7334813.101838 7334813.101838 1.000000
7334813.102922 7334813.102922 1.000000
7334852.971786 7334852.971786 1.000000
7334847.524899 7334847.524899 1.000000
7334849.279572 7334849.279572 1.000000
7334843.461857 7334843.461857 1.000000
7334856.594259 7334856.594259 1.000000
7334857.651552 7334857.651552 1.000000
7334802.427608 7334802.427608 1.000000
7334836.874132 7334836.874132 1.000000
7334836.847763 7334836.847763 1.000000
7334836.032014 7334836.032014 1.000000
7334843.459085 7334843.459085 1.000000
7334944.371819 7334944.371819 1.000000
7334947.112811 7334947.112811 1.000000
7334887.933650 7334887.933650 1.000000
7334995.007613 7334995.007613 1.000000
7334966.017746 7334966.017746 1.000000
7334997.383361 7334997.383361 1.000000
7334998.073755 7334998.073755 1.000000
7334994.875017 7334994.875017 1.000000
7335019.020380 7335019.020380 1.000000
7335036.916232 7335036.916232 1.000000
7335025.770858 7335025.770858 1.000000
7335029.023920 7335029.023920 1.000000
7335063.581636 7335063.581636 1.000000
7335065.554650 7335065.554650 1.000000
7335067.655473 7335067.655473 1.000000
7335050.484556 7335050.484556 1.000000
7335056.916116 7335056.916116 1.000000
7335106.387009 7335106.387009 1.000000
7335096.856925 7335096.856925 1.000000
7335095.836592 7335095.836592 1.000000
7335091.104460 7335091.104460 1.000000
7334958.211841 7334958.211841 1.000000
7335027.006139 7335027.006139 1.000000
7335030.316694 7335030.316694 1.000000
7335030.789309 7335030.789309 1.000000
7335030.086570 7335030.086570 1.000000
7334982.929785 7334982.929785 1.000000
7334984.854064 7334984.854064 1.000000
